$SPEC_ID:
bMCA Spectrum
$DATE_MEA:
07-05-2022  13:06:33
$MEAS_TIM:
 174.8         180
$DEVICE_ID:
bMCA 06201013
$ACQ_SETTINGS:
 2             180           1000          4             4095 
$HRDW_PARAMS:
PHA
 800
 3             3276          5 
 7             0             1023 
 80            25            45 
 1             1 
$SPEC_CAL:
-2.996172      2.07587       2.903056E-04
$MCA_CAL:
3
-2.996172      2.07587       2.903056E-04
$ROI:
 553           618           16711935      1            60Co
 46            75            33023         1            57Co
$DATA:
 0             1023 
 11            22            26            66            117           155           244           293 
 402           452           505           491           511           630           642           622 
 701           772           832           840           943           931           919           811 
 878           848           883           854           911           870           953           922 
 1012          1059          1122          1135          1187          1273          1370          1394 
 1460          1465          1555          1581          1669          1840          2015          2376 
 2885          3516          4056          4735          5008          5220          5543          5382 
 5456          5197          5079          5051          5181          5366          5312          5466 
 5336          5159          4662          4310          3601          3071          2439          1989 
 1728          1440          1332          1190          1032          1040          932           938 
 895           865           874           908           850           834           891           888 
 857           898           925           903           880           1013          944           1016 
 999           973           1004          1017          1056          980           1044          1092 
 1021          1102          1043          1094          1112          1072          1085          1093 
 1048          1057          1076          1079          1094          1047          948           981 
 1021          1008          999           993           982           955           901           904 
 923           916           891           849           883           885           830           874 
 800           860           833           838           796           805           786           756 
 741           780           765           720           752           760           713           715 
 731           721           676           706           711           686           708           684 
 692           675           704           683           678           623           701           705 
 649           664           612           651           614           617           651           654 
 659           679           626           622           646           638           655           648 
 594           636           621           614           593           633           607           592 
 627           635           583           590           615           567           590           620 
 631           606           539           531           589           608           545           568 
 566           574           576           608           538           613           593           551 
 556           557           588           556           636           548           603           520 
 536           577           594           547           551           591           562           574 
 520           572           520           565           600           598           557           550 
 583           545           598           593           554           573           587           562 
 568           588           556           549           555           588           617           534 
 559           551           520           590           576           524           590           575 
 572           574           548           598           601           553           586           543 
 560           535           598           581           559           555           551           614 
 578           537           592           580           537           600           584           598 
 625           615           553           552           607           586           619           578 
 596           616           610           599           588           592           599           612 
 575           637           568           596           603           610           575           614 
 604           585           600           618           604           581           601           603 
 644           650           624           567           603           589           659           621 
 647           588           581           621           629           607           572           591 
 583           595           609           609           603           693           633           639 
 607           683           607           621           593           637           611           584 
 643           656           659           604           677           623           664           593 
 647           666           706           722           691           636           672           672 
 628           677           675           668           748           688           720           692 
 703           672           650           728           722           692           701           719 
 683           724           752           744           689           741           713           776 
 671           728           697           728           697           737           769           713 
 717           717           716           719           679           702           683           691 
 662           671           708           660           692           641           643           592 
 618           610           604           580           594           602           545           581 
 542           524           546           541           537           540           512           498 
 531           519           560           506           495           536           471           482 
 528           470           479           483           485           467           496           485 
 456           443           446           463           474           422           470           466 
 470           467           447           418           486           446           417           470 
 376           433           472           416           437           433           446           412 
 450           456           436           449           421           427           425           442 
 413           408           496           476           437           500           547           494 
 558           558           607           629           655           692           735           725 
 790           751           779           854           921           937           1015          1067 
 1048          1070          1101          1131          1279          1244          1262          1257 
 1244          1264          1309          1297          1288          1273          1255          1248 
 1230          1194          1202          1111          1116          1078          1069          1115 
 1021          951           920           796           840           825           734           764 
 708           645           643           566           536           576           519           495 
 446           468           484           470           429           407           400           436 
 420           434           458           482           481           466           496           501 
 507           520           618           561           634           672           682           722 
 696           762           801           756           805           874           826           867 
 923           916           930           940           969           979           1008          968 
 914           997           958           1012          978           944           912           926 
 896           840           807           764           764           759           719           650 
 646           676           601           564           525           515           496           462 
 428           432           407           365           352           307           319           288 
 249           227           235           255           211           194           145           155 
 166           150           154           148           133           124           121           110 
 100           118           86            88            97            79            79            84 
 62            63            76            73            71            52            40            51 
 44            54            40            47            38            46            52            37 
 36            38            37            37            38            27            31            40 
 33            42            30            39            36            33            32            33 
 40            36            27            33            38            34            33            39 
 33            28            38            27            41            31            40            33 
 22            31            33            30            33            22            29            40 
 32            32            35            29            31            36            37            27 
 31            34            17            27            26            29            22            28 
 28            32            21            26            20            32            36            29 
 24            28            28            17            24            23            26            25 
 31            34            29            28            31            25            28            31 
 28            31            31            23            29            27            27            18 
 28            31            33            18            34            28            26            22 
 25            28            24            24            22            28            12            23 
 16            24            22            25            23            22            19            25 
 22            12            22            22            18            28            24            25 
 27            31            25            22            17            31            23            21 
 23            14            17            23            23            20            19            20 
 15            22            17            22            24            21            17            23 
 21            27            17            16            25            24            19            25 
 21            24            24            25            24            21            21            38 
 16            19            20            23            15            25            20            20 
 15            22            14            27            17            19            15            15 
 21            22            14            17            23            25            28            26 
 19            11            23            21            19            16            21            17 
 18            16            18            13            19            12            15            26 
 19            19            16            17            28            17            21            11 
 13            8             22            15            14            15            12            16 
 20            19            9             18            18            20            16            20 
 18            13            18            15            26            15            20            14 
 18            20            11            23            20            17            14            17 
 15            23            25            20            18            19            19            13 
 18            18            15            21            22            20            22            16 
 18            18            15            15            13            14            15            14 
 17            18            21            22            12            22            18            15 
 18            15            12            19            15            20            17            21 
 13            19            27            18            18            28            18            18 
 13            24            23            11            17            28            21            20 
 17            12            14            20            17            17            18            21 
 23            19            11            15            21            14            18            22 
 19            19            21            18            18            17            13            23 
 28            14            21            18            23            18            20            11 
 20            17            18            9             12            12            19            9 
 9             14            11            8             11            18            7             12 
 12            11            14            5             8             8             9             9 
 6             9             9             5             9             8             2             10 
 8             13            13            3             3             8             9             3 
