$SPEC_ID:
bMCA Spectrum
$DATE_MEA:
07-05-2022  12:38:51
$MEAS_TIM:
 58.26         60
$DEVICE_ID:
bMCA 06201013
$ACQ_SETTINGS:
 2             60            1000          4             4095 
$HRDW_PARAMS:
PHA
 800
 3             3276          5 
 7             0             1023 
 80            25            45 
 1             1 
$SPEC_CAL:
-2.996172      2.07587       2.903056E-04
$MCA_CAL:
3
-2.996172      2.07587       2.903056E-04
$ROI:
 553           618           16711935      1            60Co
 46            75            33023         1            57Co
$DATA:
 0             1023 
 4             3             3             24            43            41            80            104 
 114           136           154           175           186           181           197           225 
 223           264           280           334           265           295           296           317 
 258           305           282           291           285           320           299           339 
 334           342           368           371           401           418           482           451 
 500           486           515           520           561           635           715           799 
 958           1150          1300          1534          1639          1747          1885          1834 
 1836          1721          1625          1754          1694          1722          1821          1872 
 1858          1720          1544          1418          1217          1042          823           706 
 584           505           442           354           342           335           344           293 
 325           294           309           287           276           271           289           293 
 294           290           291           332           347           319           312           332 
 327           344           335           337           325           367           353           358 
 376           361           373           323           369           354           362           351 
 345           342           316           372           349           361           347           306 
 307           339           334           339           309           304           310           318 
 304           300           282           265           300           287           285           292 
 292           248           270           264           247           275           267           270 
 302           265           235           267           242           267           242           246 
 238           227           246           228           234           225           220           242 
 244           223           193           227           211           227           250           245 
 190           211           192           204           215           227           204           199 
 203           218           223           203           231           200           220           193 
 230           206           199           188           206           217           183           206 
 204           183           206           202           193           184           197           195 
 204           187           220           191           177           188           185           201 
 204           188           202           211           189           178           191           186 
 165           185           203           202           203           185           173           166 
 193           215           220           175           172           194           190           194 
 188           185           210           197           166           209           175           175 
 170           197           160           196           200           201           192           167 
 200           190           187           185           206           186           184           182 
 168           215           188           195           196           190           183           191 
 182           175           179           169           193           175           189           213 
 187           212           198           176           182           190           198           182 
 179           196           179           173           195           193           211           180 
 192           210           219           181           174           209           199           205 
 172           225           192           208           223           206           210           187 
 199           189           200           201           205           181           193           212 
 197           194           199           169           216           190           183           192 
 214           192           186           177           189           228           220           227 
 197           217           221           196           226           217           201           215 
 208           178           191           188           196           189           222           202 
 218           209           226           210           212           232           197           227 
 215           204           204           249           204           226           192           223 
 200           236           238           227           235           215           229           215 
 203           231           210           223           237           235           231           240 
 207           240           225           216           239           225           192           245 
 244           227           247           203           271           239           237           241 
 226           230           233           245           218           232           244           242 
 251           234           254           243           255           260           248           263 
 229           239           214           219           225           241           197           214 
 190           197           185           184           171           208           196           176 
 195           196           169           175           166           182           190           169 
 181           190           175           155           166           169           162           151 
 179           172           143           166           176           175           167           146 
 157           149           164           174           145           162           160           143 
 163           167           155           156           153           158           142           149 
 142           145           149           160           144           142           165           150 
 153           129           139           140           120           161           128           157 
 156           151           157           143           172           172           180           170 
 202           188           188           214           207           252           227           235 
 258           274           302           283           309           334           320           318 
 363           364           427           378           399           402           415           375 
 434           443           460           434           404           417           385           439 
 387           424           420           373           403           369           389           378 
 316           360           326           316           283           264           289           267 
 228           243           220           209           189           179           206           160 
 167           172           170           151           150           130           187           152 
 130           135           137           168           163           145           153           175 
 170           184           195           213           227           208           220           223 
 247           235           235           253           258           265           302           272 
 296           320           274           306           331           339           309           318 
 332           309           320           327           313           343           317           306 
 276           282           289           300           258           251           239           214 
 244           201           211           207           193           195           166           170 
 157           136           142           139           118           104           110           103 
 108           107           79            79            75            69            62            53 
 50            56            43            45            50            40            46            31 
 45            38            35            29            39            15            30            23 
 30            22            18            19            21            27            22            15 
 23            19            13            15            15            9             16            17 
 16            9             12            14            9             8             14            9 
 9             17            12            14            17            19            15            8 
 8             11            8             9             11            7             11            16 
 8             10            8             6             11            9             9             9 
 13            15            10            7             14            9             13            9 
 8             11            9             6             12            13            7             9 
 12            6             11            7             3             10            7             10 
 10            8             6             9             15            6             6             13 
 7             14            9             11            10            9             7             13 
 6             10            10            8             11            12            3             4 
 5             10            5             11            10            14            8             5 
 6             8             8             9             8             12            4             5 
 7             4             5             12            3             10            3             11 
 7             7             6             9             9             5             7             11 
 3             7             9             6             3             7             4             11 
 11            7             7             4             11            8             7             10 
 5             5             9             12            5             8             7             4 
 7             1             2             8             11            7             7             6 
 9             8             6             8             12            5             16            3 
 4             5             10            8             6             11            8             6 
 12            12            7             5             9             7             9             5 
 6             3             10            7             5             12            3             8 
 6             5             8             15            3             7             3             7 
 8             6             3             4             7             9             3             6 
 5             6             9             3             6             5             6             9 
 6             6             9             10            6             8             8             4 
 6             10            4             8             11            6             6             7 
 7             6             5             3             11            2             8             7 
 6             5             10            4             9             5             2             8 
 7             8             6             8             3             6             9             5 
 6             10            4             6             6             0             8             6 
 4             3             7             6             8             7             4             6 
 4             7             5             9             9             3             6             11 
 10            7             9             9             5             7             10            11 
 3             3             2             6             5             4             9             5 
 7             4             8             5             2             6             4             5 
 3             5             5             5             7             5             12            7 
 5             3             1             5             5             6             6             5 
 3             7             4             7             7             9             3             1 
 5             7             7             9             3             7             5             5 
 2             4             9             3             7             4             1             5 
 4             6             3             10            3             7             7             2 
 5             4             11            7             4             5             4             6 
 2             1             4             5             5             3             4             4 
 6             2             1             2             4             1             1             2 
 1             6             2             2             3             1             1             0 
