$SPEC_ID:
bMCA Spectrum
$DATE_MEA:
07-07-2022  14:24:51
$MEAS_TIM:
 116.66        120
$DEVICE_ID:
bMCA 06201013
$ACQ_SETTINGS:
 2             120           1000          4             4095 
$HRDW_PARAMS:
PHA
 800
 3             3276          5 
 7             0             1023 
 80            25            45 
 1             1 
$SPEC_CAL:
-7.930157      2.249046      0
$MCA_CAL:
3
-7.930157      2.249046      0
$ROI:
 553           618           16711935      1            60Co
 46            75            33023         1            57Co
$DATA:
 0             1023 
 9             10            25            53            77            121           179           244 
 259           313           359           346           358           361           402           447 
 473           469           515           560           566           592           630           561 
 595           573           551           567           568           568           594           605 
 633           657           758           901           865           948           1043          1024 
 1015          1030          1134          1091          1246          1360          1568          1920 
 2265          2728          3166          3694          4194          4422          4556          4554 
 4474          4362          4339          4242          4415          4497          4646          4819 
 4476          4357          3985          3472          3047          2553          2028          1619 
 1330          1177          912           793           741           684           605           610 
 561           563           537           544           521           527           538           494 
 560           528           527           586           547           538           591           612 
 581           569           548           613           623           618           614           639 
 646           631           614           611           680           595           633           629 
 632           590           629           611           637           587           652           596 
 630           576           565           574           536           601           522           531 
 522           581           537           530           572           505           495           494 
 491           463           526           500           487           477           485           452 
 478           507           496           413           440           467           441           474 
 452           483           423           473           416           438           446           406 
 448           427           443           438           426           420           423           454 
 398           421           396           420           355           393           390           380 
 390           379           355           368           346           357           376           363 
 322           341           376           354           390           340           383           339 
 343           359           302           338           335           339           379           296 
 333           347           357           350           350           362           351           344 
 340           329           311           337           325           362           332           333 
 339           347           338           360           340           389           329           329 
 361           307           330           344           348           348           309           354 
 326           316           350           324           369           293           295           337 
 337           324           319           337           384           329           347           330 
 330           339           333           296           326           331           324           329 
 306           319           305           365           338           328           305           351 
 320           317           338           335           350           318           331           339 
 335           310           312           344           321           323           343           324 
 333           311           317           341           344           317           333           321 
 323           345           335           341           325           296           346           357 
 319           362           350           348           334           354           353           332 
 336           335           361           333           313           343           333           351 
 346           342           342           350           344           349           354           385 
 332           350           353           345           316           316           316           339 
 347           332           341           333           406           331           398           370 
 342           373           370           322           363           352           352           370 
 368           382           371           353           378           352           395           354 
 361           410           378           385           340           384           372           388 
 380           365           404           395           400           409           384           369 
 404           394           415           378           433           394           389           396 
 398           419           403           352           431           390           393           406 
 411           465           422           418           421           391           387           394 
 435           406           409           394           423           411           391           435 
 411           441           385           394           377           397           387           386 
 395           390           389           371           375           376           350           378 
 348           356           358           354           342           321           327           316 
 333           313           291           325           310           282           337           291 
 300           269           310           277           281           297           265           299 
 278           267           286           276           266           279           282           262 
 255           264           261           261           269           264           282           271 
 248           253           242           255           229           256           241           259 
 259           274           254           259           229           244           232           249 
 218           234           249           283           277           225           251           259 
 254           256           301           259           285           264           289           315 
 314           320           370           360           392           412           436           377 
 450           517           499           488           511           561           603           601 
 605           614           691           684           635           693           715           752 
 724           775           714           720           695           727           697           713 
 716           681           694           686           589           592           630           547 
 538           544           515           533           463           468           437           397 
 378           362           339           336           348           297           320           308 
 309           274           279           233           280           257           257           272 
 242           262           255           244           283           273           262           312 
 316           320           340           356           362           379           412           420 
 433           439           468           471           493           473           512           528 
 547           541           524           605           641           612           574           589 
 558           581           542           547           573           539           524           507 
 481           451           481           450           411           406           422           375 
 369           336           345           309           284           268           297           273 
 221           228           218           178           181           163           172           154 
 130           140           118           117           121           145           101           85 
 78            100           74            80            68            56            66            64 
 62            53            56            51            44            50            48            40 
 44            29            33            38            39            24            45            21 
 26            24            22            21            18            16            20            22 
 15            32            12            24            24            23            24            25 
 14            20            16            15            10            23            17            18 
 18            20            20            18            21            20            12            10 
 22            20            11            22            15            22            18            15 
 14            14            20            23            23            15            13            12 
 16            17            11            9             18            14            16            19 
 20            6             12            15            13            14            15            21 
 12            11            12            8             11            18            9             10 
 11            14            14            11            12            12            14            9 
 20            21            10            11            4             10            12            14 
 13            24            14            14            18            9             10            12 
 18            18            16            6             13            12            15            14 
 10            14            7             11            9             12            12            9 
 11            16            12            13            8             12            14            6 
 15            11            7             10            9             12            18            15 
 12            7             14            9             9             11            12            13 
 7             12            13            13            8             13            11            12 
 11            11            10            10            13            13            10            13 
 6             9             14            10            9             14            10            12 
 10            10            9             14            8             12            12            6 
 7             12            9             8             7             13            11            15 
 17            10            14            7             13            5             11            11 
 10            13            11            7             11            9             10            7 
 7             7             10            12            7             7             8             9 
 7             11            8             11            10            7             8             12 
 10            4             10            7             10            10            9             2 
 11            4             16            8             14            8             8             7 
 12            11            14            14            13            12            9             7 
 9             14            12            8             12            8             7             10 
 8             11            10            8             5             12            11            12 
 5             8             12            13            9             7             9             14 
 10            6             8             7             4             9             6             7 
 17            6             6             12            12            10            5             7 
 6             7             12            11            7             11            12            14 
 7             10            11            6             13            12            9             7 
 10            13            8             6             8             9             7             7 
 11            9             9             11            13            7             11            10 
 8             10            16            9             11            7             17            4 
 8             9             6             7             15            8             15            6 
 3             7             7             8             13            9             5             10 
 5             11            11            9             8             13            8             8 
 4             7             14            10            6             4             6             3 
 8             2             10            5             8             7             6             8 
 2             4             6             2             3             6             9             9 
 2             5             5             2             7             1             2             4 
 6             4             3             2             2             4             4             2 
