$SPEC_ID:
bMCA Spectrum
$DATE_MEA:
07-05-2022  12:42:56
$MEAS_TIM:
 58.26         60
$DEVICE_ID:
bMCA 06201013
$ACQ_SETTINGS:
 2             60            1000          4             4095 
$HRDW_PARAMS:
PHA
 800
 3             3276          5 
 7             0             1023 
 80            25            45 
 1             1 
$SPEC_CAL:
-2.996172      2.07587       2.903056E-04
$MCA_CAL:
3
-2.996172      2.07587       2.903056E-04
$ROI:
 553           618           16711935      1            60Co
 46            75            33023         1            57Co
$DATA:
 0             1023 
 4             12            14            24            41            63            74            98 
 141           157           146           173           181           192           218           245 
 247           270           258           298           293           310           333           301 
 332           269           256           267           293           290           312           309 
 333           373           348           402           413           442           453           500 
 439           472           503           527           491           659           683           798 
 930           1071          1287          1547          1644          1782          1824          1760 
 1780          1774          1722          1678          1747          1748          1845          1878 
 1807          1738          1601          1389          1210          983           840           732 
 612           488           467           425           369           348           329           284 
 278           310           258           283           274           290           267           281 
 289           290           292           361           336           317           279           335 
 334           335           300           336           390           385           334           352 
 348           374           344           384           404           368           369           334 
 350           364           378           376           343           341           310           292 
 332           323           323           320           325           317           278           301 
 321           304           295           293           282           298           300           287 
 240           291           271           250           274           238           263           250 
 246           264           262           284           273           241           215           240 
 283           250           247           238           219           223           249           243 
 212           210           238           231           205           215           231           230 
 201           233           227           228           214           224           225           208 
 204           216           217           215           192           206           211           202 
 212           196           216           206           200           218           210           192 
 202           195           182           205           218           183           211           211 
 203           188           219           214           208           205           200           188 
 206           205           182           192           169           190           173           172 
 208           204           200           189           180           183           164           167 
 196           195           195           187           182           186           198           186 
 185           164           183           181           183           166           161           204 
 198           197           194           182           188           196           191           199 
 187           191           172           188           184           178           186           218 
 205           216           180           201           198           178           207           169 
 179           183           190           190           189           181           188           184 
 192           129           201           190           191           173           194           199 
 190           202           197           174           202           217           205           178 
 194           226           218           193           182           184           179           195 
 208           168           200           224           216           204           179           209 
 187           206           212           191           173           214           196           197 
 210           216           200           190           199           203           212           183 
 235           195           164           175           180           189           217           196 
 204           196           187           196           193           205           211           200 
 197           199           207           199           215           188           209           214 
 212           186           209           201           233           206           216           208 
 199           240           226           238           218           206           217           229 
 209           237           198           219           181           208           224           210 
 223           227           206           250           223           237           215           239 
 240           227           217           233           260           225           256           258 
 251           247           235           246           260           251           273           265 
 214           238           240           241           240           242           232           263 
 257           262           257           213           236           232           280           269 
 224           233           263           222           194           208           214           212 
 222           208           215           196           192           206           210           197 
 203           197           192           200           203           191           174           180 
 175           166           167           166           184           158           170           187 
 134           171           184           154           173           141           169           158 
 162           155           130           166           145           160           157           149 
 175           175           181           145           151           133           164           171 
 149           146           162           158           163           157           142           135 
 138           139           146           143           133           149           149           149 
 158           146           149           177           173           172           168           157 
 194           176           188           203           206           240           237           241 
 272           259           245           296           300           322           336           330 
 397           372           407           394           391           376           393           394 
 411           388           406           435           400           460           461           387 
 415           393           359           417           392           404           326           309 
 317           323           337           291           272           254           277           233 
 271           234           208           187           192           183           166           139 
 171           172           163           159           156           141           136           123 
 146           148           125           147           158           146           148           160 
 157           160           184           190           219           218           226           238 
 248           235           249           291           264           272           275           280 
 307           282           308           324           312           332           336           315 
 338           330           307           320           290           362           288           303 
 295           314           260           259           284           285           265           204 
 221           233           238           195           182           189           170           147 
 161           150           167           139           126           96            107           99 
 93            77            92            102           82            78            72            67 
 46            42            50            40            35            37            40            38 
 38            25            25            30            27            29            27            17 
 25            22            15            27            26            27            14            17 
 11            12            16            13            18            11            17            16 
 13            13            18            14            15            13            6             12 
 14            12            13            10            8             5             6             15 
 9             14            11            10            5             11            4             10 
 15            14            12            15            10            8             10            11 
 14            10            11            11            9             7             3             15 
 4             10            15            10            3             14            6             8 
 9             14            4             10            8             4             11            6 
 14            8             11            8             12            9             8             11 
 11            11            10            5             4             10            8             5 
 5             6             6             8             9             12            6             3 
 10            8             11            7             5             7             10            5 
 7             5             9             5             11            3             6             7 
 7             5             10            6             8             11            2             9 
 9             12            7             8             8             4             9             5 
 5             6             10            8             4             5             8             7 
 2             8             12            8             7             10            5             10 
 7             6             4             4             14            8             9             4 
 4             8             9             6             6             12            7             11 
 7             3             9             15            10            8             10            7 
 11            8             7             10            4             1             3             5 
 4             5             5             6             6             9             6             3 
 5             4             2             5             12            6             8             6 
 10            10            8             7             8             4             5             7 
 6             3             4             9             2             13            3             10 
 12            9             8             5             5             4             4             7 
 3             4             2             4             10            12            6             6 
 5             7             7             7             5             10            11            7 
 3             5             6             9             4             4             9             7 
 3             11            5             7             7             10            8             5 
 5             8             6             7             4             4             5             9 
 7             4             6             3             5             7             4             5 
 4             2             4             8             4             6             3             9 
 3             11            5             8             7             7             5             0 
 3             9             2             5             8             4             6             6 
 4             2             9             5             8             7             7             5 
 8             7             4             6             4             7             8             4 
 1             3             2             7             7             5             10            7 
 5             5             4             8             4             7             7             5 
 11            9             5             7             4             5             11            7 
 6             6             5             6             5             3             6             3 
 8             10            8             6             7             5             7             4 
 4             5             2             4             6             6             4             3 
 2             5             4             2             5             2             3             6 
 1             5             6             2             4             6             2             4 
 2             1             7             1             4             1             3             2 
 5             0             4             0             0             2             6             1 
