$SPEC_ID:
bMCA Spectrum
$DATE_MEA:
07-07-2022  14:26:52
$MEAS_TIM:
 116.66        120
$DEVICE_ID:
bMCA 06201013
$ACQ_SETTINGS:
 2             120           1000          4             4095 
$HRDW_PARAMS:
PHA
 800
 3             3276          5 
 7             0             1023 
 80            25            45 
 1             1 
$SPEC_CAL:
-7.930157      2.249046      0
$MCA_CAL:
3
-7.930157      2.249046      0
$ROI:
 553           618           16711935      1            60Co
 46            75            33023         1            57Co
$DATA:
 0             1023 
 4             11            34            44            60            121           175           202 
 285           323           341           344           335           376           402           439 
 488           491           528           607           615           595           566           594 
 601           542           509           539           566           568           564           617 
 666           700           734           802           857           952           922           1012 
 1015          1073          1062          1072          1155          1257          1509          1853 
 2200          2757          3223          3763          4210          4457          4561          4554 
 4410          4333          4320          4324          4295          4579          4665          4685 
 4527          4294          4061          3565          3093          2442          1951          1648 
 1338          1076          969           786           717           679           573           594 
 541           570           505           574           523           543           571           586 
 553           548           574           556           592           574           576           611 
 560           570           675           647           617           608           613           609 
 667           649           633           642           602           627           648           661 
 649           592           636           620           606           598           573           609 
 597           576           615           545           568           555           542           516 
 528           520           539           517           540           499           509           521 
 491           473           488           465           502           501           451           485 
 451           484           477           435           441           461           467           477 
 474           394           431           433           410           419           465           429 
 416           408           410           413           390           413           410           384 
 447           420           447           367           367           399           357           364 
 361           395           363           393           347           392           380           339 
 373           349           347           382           384           370           369           370 
 347           349           359           388           374           365           374           358 
 385           352           342           342           355           365           352           348 
 327           341           297           323           313           329           332           308 
 299           366           359           331           358           339           316           358 
 363           325           318           341           322           334           306           341 
 317           348           335           308           323           300           316           319 
 329           330           371           357           324           326           318           337 
 345           299           324           345           349           342           333           344 
 372           272           334           345           346           338           334           323 
 318           334           309           338           358           334           289           324 
 335           332           310           338           320           311           350           317 
 324           340           317           366           324           339           335           339 
 311           339           328           323           325           334           351           365 
 335           372           351           343           352           360           345           333 
 322           323           379           378           340           381           337           346 
 384           341           334           338           391           366           334           329 
 338           359           336           346           342           333           391           343 
 358           375           359           328           337           364           356           331 
 372           376           316           349           372           371           376           368 
 346           362           365           361           355           352           387           351 
 365           366           366           367           411           344           373           381 
 424           373           383           378           387           391           377           401 
 370           387           401           409           400           440           422           372 
 364           410           438           426           361           398           439           412 
 382           398           396           421           448           419           384           410 
 430           462           452           423           411           412           416           444 
 410           416           428           387           426           400           423           358 
 356           416           389           369           389           375           334           370 
 362           358           354           321           360           340           323           314 
 349           322           337           300           348           287           313           273 
 292           294           280           280           306           296           305           281 
 296           282           291           299           295           286           280           266 
 284           246           263           263           265           279           281           251 
 251           253           245           237           261           255           282           274 
 251           215           248           247           273           237           247           244 
 244           264           222           275           227           260           219           266 
 262           257           270           266           263           285           301           310 
 290           350           366           375           399           397           432           431 
 452           498           493           527           501           577           599           594 
 568           624           628           677           653           673           690           737 
 745           729           686           702           744           704           745           727 
 671           697           682           691           634           593           550           605 
 554           533           490           485           456           417           410           395 
 381           377           364           328           328           307           279           327 
 267           265           285           266           259           262           247           237 
 273           256           281           251           282           284           286           296 
 345           320           362           347           349           414           435           433 
 434           477           479           482           481           496           479           591 
 521           541           551           556           551           537           567           570 
 543           528           556           515           546           525           487           488 
 482           508           475           429           452           403           428           376 
 356           332           329           360           294           299           249           230 
 230           206           217           182           191           159           161           158 
 142           167           126           117           122           125           92            112 
 105           76            65            82            63            57            62            64 
 54            69            47            51            56            33            45            42 
 29            40            28            32            33            26            27            26 
 35            24            25            31            27            25            31            29 
 20            19            17            14            17            25            17            26 
 22            16            23            12            17            21            13            18 
 25            8             14            21            19            10            17            18 
 15            25            21            17            6             11            15            14 
 18            20            21            12            11            16            13            16 
 16            14            18            12            17            16            14            11 
 15            10            15            11            17            21            16            20 
 12            15            16            13            11            13            13            14 
 17            16            9             8             16            15            12            15 
 15            8             21            11            11            12            11            11 
 9             14            8             7             12            16            14            15 
 7             12            11            12            12            11            8             6 
 8             6             17            16            8             10            5             15 
 13            14            12            20            9             14            14            14 
 12            12            13            15            11            11            17            12 
 5             12            17            14            9             11            7             10 
 18            6             8             15            14            14            7             10 
 10            10            14            13            14            14            9             8 
 18            4             7             11            7             10            18            14 
 10            11            6             4             12            9             7             14 
 11            9             5             14            12            15            12            6 
 8             4             11            5             4             11            8             10 
 10            12            11            6             13            7             15            19 
 9             11            9             9             8             13            12            12 
 9             11            2             9             9             10            8             13 
 13            2             4             11            6             10            11            7 
 8             9             10            9             8             7             4             6 
 13            9             8             14            6             10            12            10 
 10            9             19            8             9             14            12            6 
 9             12            9             7             7             5             7             12 
 12            12            6             13            6             10            10            9 
 6             7             4             4             10            6             10            13 
 7             9             10            12            8             10            10            9 
 6             11            8             6             9             6             5             8 
 5             6             5             11            7             9             11            5 
 11            5             7             5             12            7             10            10 
 11            11            6             6             10            6             12            4 
 7             4             13            8             10            6             10            8 
 9             3             11            5             9             7             8             11 
 6             8             9             11            5             6             11            6 
 10            8             7             9             8             8             4             10 
 10            6             8             4             7             12            5             8 
 6             6             4             5             8             5             9             4 
 2             7             4             6             6             6             4             6 
 7             3             2             6             0             6             5             5 
 0             4             5             5             3             3             3             6 
