$SPEC_ID:
bMCA Spectrum
$DATE_MEA:
07-05-2022  13:28:28
$MEAS_TIM:
 233.06        240
$DEVICE_ID:
bMCA 06201013
$ACQ_SETTINGS:
 2             240           1000          4             4095 
$HRDW_PARAMS:
PHA
 800
 3             3276          5 
 7             0             1023 
 80            25            45 
 1             1 
$SPEC_CAL:
-2.996172      2.07587       2.903056E-04
$MCA_CAL:
3
-2.996172      2.07587       2.903056E-04
$ROI:
 553           618           16711935      1            60Co
 46            75            33023         1            57Co
$DATA:
 0             1023 
 14            32            54            78            147           234           330           410 
 521           606           640           669           683           746           817           882 
 996           1056          1097          1153          1220          1191          1201          1197 
 1157          1184          1163          1154          1143          1192          1218          1281 
 1296          1421          1458          1638          1648          1796          1846          1920 
 1905          1951          1996          2154          2328          2406          2782          3235 
 3919          4601          5274          6070          6797          7168          7299          7307 
 7079          6763          6840          6744          6949          7209          7190          7322 
 7422          6982          6422          5615          4746          4019          3305          2726 
 2375          1996          1755          1550          1482          1384          1321          1277 
 1163          1200          1219          1269          1123          1154          1174          1128 
 1174          1219          1206          1256          1204          1230          1307          1285 
 1297          1321          1358          1394          1389          1418          1437          1436 
 1508          1494          1443          1441          1426          1446          1504          1457 
 1455          1492          1348          1406          1439          1378          1361          1300 
 1320          1289          1297          1240          1210          1252          1229          1229 
 1242          1178          1162          1174          1116          1111          1121          1129 
 1104          1110          1098          1095          1092          1078          1095          1047 
 1057          1051          1062          1008          954           983           971           991 
 976           916           977           979           978           913           915           926 
 909           907           896           943           929           891           897           924 
 866           874           882           893           863           874           878           857 
 878           835           873           833           823           841           829           839 
 794           820           840           759           749           886           784           804 
 782           785           773           778           846           795           792           797 
 751           855           765           743           771           774           769           816 
 796           794           733           775           818           804           793           782 
 715           751           779           791           752           714           786           782 
 735           757           788           768           799           773           752           754 
 762           756           717           722           759           736           715           805 
 785           713           724           748           753           737           731           736 
 770           767           737           741           752           789           738           708 
 727           731           744           746           755           712           741           767 
 701           742           744           706           765           766           766           777 
 730           743           779           740           768           760           789           756 
 754           710           828           817           755           755           783           754 
 781           805           764           770           773           789           731           793 
 775           809           787           788           782           823           759           781 
 818           805           789           814           801           791           841           817 
 806           841           817           742           793           794           772           813 
 782           775           808           797           809           779           810           795 
 789           892           851           808           798           839           850           824 
 837           748           847           786           787           800           800           864 
 815           834           793           826           829           845           885           855 
 879           851           842           855           852           829           879           915 
 848           888           878           941           872           880           878           905 
 901           902           909           921           917           932           901           959 
 950           920           966           895           956           948           918           933 
 959           940           985           1025          957           978           926           965 
 984           956           996           990           965           963           959           1001 
 973           976           944           918           919           918           889           918 
 935           846           849           868           873           842           860           862 
 827           857           814           867           783           712           778           780 
 682           732           755           714           739           702           689           682 
 721           680           700           684           615           606           615           641 
 689           651           659           612           658           608           590           603 
 616           639           642           652           657           610           601           582 
 594           572           590           535           605           585           577           562 
 598           582           596           571           586           567           557           601 
 559           589           568           548           536           590           549           574 
 570           571           559           670           656           693           688           659 
 763           756           753           788           878           926           1075          1010 
 1095          1128          1127          1136          1213          1339          1361          1422 
 1443          1475          1510          1585          1591          1615          1580          1649 
 1706          1624          1705          1735          1677          1668          1681          1663 
 1649          1611          1579          1497          1525          1417          1487          1356 
 1296          1301          1175          1144          1123          1089          962           958 
 908           880           837           782           787           689           705           675 
 633           581           611           589           580           546           569           612 
 570           581           564           608           668           632           668           689 
 759           780           740           785           860           906           878           986 
 1029          1044          1031          1106          1139          1155          1196          1190 
 1232          1302          1249          1295          1365          1296          1312          1316 
 1244          1340          1305          1244          1186          1243          1253          1141 
 1156          1133          1134          1008          1009          1045          948           870 
 877           807           824           761           726           650           632           611 
 581           510           493           510           462           425           426           372 
 322           336           296           282           268           260           233           222 
 217           181           180           192           177           155           149           148 
 144           126           122           100           110           107           102           107 
 75            88            75            88            81            64            67            54 
 69            65            58            66            54            56            47            51 
 63            53            40            55            49            53            43            49 
 37            51            44            31            49            51            36            54 
 43            46            36            43            53            37            35            46 
 28            40            38            34            43            33            46            38 
 39            42            47            54            50            42            39            36 
 36            31            44            35            39            41            45            37 
 41            31            43            35            45            41            35            38 
 45            40            42            35            47            26            37            52 
 31            27            48            33            35            38            32            41 
 25            43            36            28            21            32            45            33 
 34            42            40            33            41            35            39            29 
 40            31            30            35            23            39            42            35 
 32            37            29            30            29            41            36            34 
 37            41            25            28            33            32            29            33 
 23            30            27            34            37            23            31            41 
 17            30            30            27            28            33            29            30 
 29            38            27            25            28            19            22            33 
 29            25            39            26            30            25            31            22 
 19            22            22            20            24            20            19            23 
 28            27            29            47            23            24            28            29 
 37            22            29            24            28            26            26            32 
 26            28            26            25            34            17            25            20 
 22            31            28            31            22            33            34            26 
 32            35            18            27            20            28            31            35 
 24            24            32            29            16            29            22            17 
 19            23            23            20            22            26            28            26 
 21            23            22            31            20            36            30            20 
 25            20            26            18            27            25            32            28 
 22            23            27            27            25            20            25            19 
 20            25            27            24            19            27            30            23 
 28            20            23            21            22            29            27            21 
 16            18            15            24            19            24            15            26 
 22            19            26            18            27            22            34            21 
 33            29            30            30            21            20            25            20 
 24            18            19            22            21            27            15            18 
 26            24            22            17            28            36            17            25 
 16            33            14            29            21            30            14            20 
 15            19            30            30            23            29            22            28 
 29            18            20            22            16            22            23            17 
 28            22            25            16            28            26            28            26 
 27            17            21            21            20            20            25            26 
 24            21            22            23            22            18            22            8 
 16            8             22            16            17            21            14            19 
 23            11            18            13            14            12            16            16 
 12            22            14            12            16            12            12            8 
 13            8             7             10            12            12            9             6 
