$SPEC_ID:
bMCA Spectrum
$DATE_MEA:
07-07-2022  14:28:53
$MEAS_TIM:
 116.665       120
$DEVICE_ID:
bMCA 06201013
$ACQ_SETTINGS:
 2             120           1000          4             4095 
$HRDW_PARAMS:
PHA
 800
 3             3276          5 
 7             0             1023 
 80            25            45 
 1             1 
$SPEC_CAL:
-7.930157      2.249046      0
$MCA_CAL:
3
-7.930157      2.249046      0
$ROI:
 553           618           16711935      1            60Co
 46            75            33023         1            57Co
$DATA:
 0             1023 
 3             16            23            47            85            87            179           213 
 280           293           378           409           421           370           477           435 
 472           460           572           571           640           610           607           585 
 578           559           567           493           573           605           581           650 
 643           694           825           781           888           967           1042          1011 
 1012          1039          1037          1180          1190          1324          1514          1808 
 2233          2721          3351          3730          4086          4462          4531          4437 
 4357          4272          4312          4280          4281          4420          4663          4710 
 4587          4390          3908          3528          3053          2433          2085          1595 
 1276          1149          1019          815           739           655           613           607 
 585           561           564           486           532           537           532           557 
 527           524           534           590           563           553           530           593 
 557           604           615           620           649           625           637           639 
 640           648           690           615           668           638           647           584 
 673           638           634           603           582           602           618           600 
 615           614           539           561           563           582           572           544 
 547           535           551           513           550           512           513           552 
 517           520           506           508           471           459           477           463 
 477           456           471           476           507           447           435           417 
 451           475           411           403           445           432           470           424 
 427           415           391           427           407           429           371           358 
 429           384           384           382           360           375           373           407 
 392           374           382           344           393           389           345           339 
 380           360           381           378           356           347           339           362 
 330           361           354           371           363           327           316           358 
 359           360           360           384           348           350           346           305 
 336           332           352           341           365           359           329           357 
 317           344           324           319           353           329           314           327 
 334           345           332           324           321           333           353           350 
 352           335           322           349           344           360           343           335 
 356           316           324           338           325           338           347           341 
 353           322           317           323           330           322           299           335 
 329           318           310           282           320           321           323           333 
 317           346           328           332           316           328           322           325 
 316           313           292           338           309           336           327           323 
 328           321           338           363           324           342           303           351 
 321           337           340           353           307           332           347           339 
 352           356           321           332           323           328           357           327 
 371           318           336           334           334           328           320           349 
 360           333           389           346           351           326           362           357 
 377           348           351           319           381           345           339           357 
 374           360           350           331           351           335           364           347 
 365           345           342           362           381           364           364           352 
 340           389           370           364           367           351           351           388 
 396           375           331           397           331           364           391           374 
 400           376           385           357           404           382           382           389 
 377           393           381           383           406           387           421           373 
 413           405           417           429           403           431           441           383 
 420           414           427           434           408           407           426           446 
 388           484           425           417           410           417           447           417 
 416           421           396           416           404           401           390           402 
 396           389           392           384           388           371           410           398 
 347           357           352           348           352           348           342           326 
 376           308           286           333           267           323           301           311 
 300           273           268           269           327           302           249           252 
 278           260           270           253           313           254           293           281 
 254           264           260           247           271           278           282           259 
 281           269           261           264           262           241           247           262 
 259           237           228           250           249           230           235           263 
 249           232           260           257           233           274           243           238 
 260           265           277           262           289           300           300           294 
 308           330           325           339           398           370           431           405 
 446           467           482           537           543           543           590           593 
 603           611           679           695           625           702           719           713 
 772           731           730           761           742           704           734           704 
 671           697           681           693           635           589           605           558 
 611           565           488           478           449           460           411           380 
 377           360           338           332           343           284           319           290 
 262           262           243           257           255           229           239           249 
 235           255           245           259           229           266           271           289 
 322           293           355           394           356           383           380           438 
 466           440           450           481           521           511           473           563 
 541           546           504           565           559           553           578           556 
 578           556           562           567           502           511           536           487 
 475           448           450           423           406           417           352           401 
 376           365           310           316           299           279           248           245 
 248           245           244           210           169           176           185           137 
 139           125           142           120           109           120           102           110 
 88            80            60            80            68            77            64            66 
 66            44            64            44            40            38            41            38 
 45            31            32            43            30            27            27            28 
 27            29            17            27            23            21            24            24 
 19            19            15            21            12            12            18            19 
 18            17            17            16            17            20            18            22 
 25            21            20            17            18            15            15            13 
 11            17            6             16            15            20            10            14 
 14            18            16            13            14            14            13            16 
 18            15            17            14            15            14            16            14 
 12            16            16            7             19            13            16            20 
 12            14            11            18            12            17            19            14 
 10            10            14            15            17            17            14            12 
 17            10            10            17            18            6             8             14 
 13            9             17            17            13            5             11            11 
 9             19            10            13            15            8             12            6 
 12            10            8             16            14            14            14            11 
 8             12            12            10            12            11            14            8 
 10            9             10            14            12            14            16            16 
 13            10            14            10            16            16            14            10 
 9             8             5             15            12            16            13            9 
 6             7             13            14            15            12            7             8 
 7             13            11            14            6             9             10            11 
 12            9             11            9             11            14            9             14 
 9             13            11            11            13            10            6             15 
 14            8             7             14            7             12            10            9 
 8             7             9             12            7             8             7             10 
 9             10            11            5             12            9             6             13 
 6             8             4             11            4             14            5             21 
 10            11            7             8             18            10            10            12 
 11            11            13            9             10            8             6             8 
 9             8             7             9             8             8             4             7 
 8             12            6             15            15            7             12            10 
 7             12            8             6             13            9             13            9 
 2             10            4             6             11            10            6             5 
 10            13            3             8             3             10            7             5 
 10            12            8             10            4             9             6             8 
 9             8             13            5             7             14            8             7 
 12            11            8             5             12            14            8             10 
 7             9             6             9             14            9             6             9 
 12            12            11            4             10            7             7             3 
 10            9             12            8             6             12            6             10 
 14            6             6             11            9             9             10            13 
 9             10            9             7             7             9             11            8 
 8             16            13            10            10            10            13            7 
 8             5             8             5             11            3             9             9 
 7             4             6             6             6             7             6             6 
 4             5             7             3             3             6             4             9 
 10            2             3             6             5             4             5             8 
 7             5             4             3             3             3             1             3 
