$SPEC_ID:
bMCA Spectrum
$DATE_MEA:
07-08-2022  08:30:40
$MEAS_TIM:
 53.58         60
$DEVICE_ID:
bMCA 06201013
$ACQ_SETTINGS:
 2             60            1000          4             4095 
$HRDW_PARAMS:
PHA
 800
 3             3276          5 
 7             0             1023 
 80            25            45 
 1             1 
$SPEC_CAL:
-7.930157      2.249046      0
$MCA_CAL:
3
-7.930157      2.249046      0
$ROI:
 267           333           32768         1            137Cs
 46            75            33023         1            57Co
 15            45            255           1            241Am
$DATA:
 0             1023 
 103           157           326           627           1164          2064          3471          5144 
 6637          7634          7756          7586          6948          6209          5744          5819 
 6612          7969          9789          12338         15232         18735         22405         25490 
 26990         26916         25583         23100         20449         18106         17609         18238 
 20168         23325         25662         26232         24989         21490         16649         11355 
 7260          4114          2165          1322          938           762           826           938 
 1124          1217          1598          1837          2018          2147          2272          2234 
 2197          2175          2024          1967          2066          2083          2216          2186 
 2230          2106          1870          1665          1412          1180          941           672 
 585           455           401           352           310           258           236           239 
 237           236           221           226           206           226           237           216 
 210           200           225           237           221           213           209           215 
 236           190           196           217           204           193           197           200 
 191           208           203           182           197           164           164           158 
 188           153           165           156           173           144           158           146 
 168           149           184           160           145           155           150           146 
 126           139           137           134           126           130           110           118 
 113           137           123           122           112           112           124           124 
 111           126           127           127           115           131           97            102 
 124           101           108           93            121           117           119           107 
 99            106           111           77            115           88            131           91 
 108           108           116           100           127           93            100           93 
 101           107           97            111           98            103           90            121 
 96            129           107           106           93            107           112           103 
 117           104           107           105           114           101           94            101 
 103           101           96            82            79            96            97            68 
 73            82            70            72            65            73            90            45 
 48            59            52            39            33            55            40            33 
 48            36            33            38            38            28            45            32 
 32            34            30            29            24            25            31            22 
 18            25            25            21            22            25            16            15 
 14            19            22            13            19            14            12            23 
 18            22            14            14            23            16            15            28 
 28            32            39            45            36            46            48            56 
 55            82            87            76            115           111           129           159 
 132           168           203           236           243           284           284           266 
 293           305           321           367           378           416           435           427 
 418           409           420           422           447           422           401           382 
 415           400           328           319           304           279           287           269 
 235           248           230           179           170           152           137           149 
 135           100           84            96            77            81            67            63 
 48            47            44            33            27            31            21            27 
 22            15            14            16            13            10            18            12 
 8             13            8             9             10            6             9             8 
 5             3             4             2             3             3             7             3 
 4             5             1             2             8             5             7             2 
 3             8             5             5             7             4             2             2 
 1             6             5             5             6             1             7             4 
 4             4             4             6             6             5             3             8 
 1             2             3             4             1             6             2             2 
 2             3             3             4             4             2             5             1 
 8             2             2             3             5             1             6             5 
 5             4             2             1             1             2             4             6 
 1             3             5             1             7             3             4             2 
 1             3             2             5             3             2             0             1 
 3             2             3             2             0             3             5             5 
 5             4             2             2             2             4             5             2 
 1             4             0             4             3             1             2             1 
 2             4             3             2             3             1             2             2 
 4             0             5             4             1             0             2             2 
 2             3             5             5             3             0             0             1 
 2             7             2             3             3             2             2             5 
 4             6             2             1             5             2             2             6 
 4             3             4             4             4             2             3             3 
 4             0             5             3             7             3             2             5 
 4             1             4             5             6             1             13            2 
 4             2             3             2             2             4             3             4 
 5             3             2             4             4             2             6             4 
 0             1             1             2             1             3             2             3 
 2             3             1             2             2             1             1             2 
 2             3             4             2             4             2             5             3 
 2             1             0             2             4             1             0             2 
 1             2             3             2             3             5             2             2 
 2             1             3             5             1             1             4             2 
 4             3             2             2             1             0             0             4 
 3             1             3             3             1             0             2             0 
 1             1             3             2             2             1             4             1 
 2             1             2             3             1             1             1             2 
 3             3             3             0             1             3             1             1 
 1             2             0             3             3             0             0             0 
 0             4             2             3             2             1             1             3 
 4             3             0             2             3             1             2             3 
 1             1             1             3             0             0             6             4 
 2             0             5             1             0             1             2             0 
 2             0             0             0             2             2             1             2 
 0             1             1             0             2             0             3             0 
 0             0             0             3             1             0             1             1 
 0             2             1             0             0             0             1             0 
 0             0             1             0             1             1             0             0 
 0             1             1             0             0             1             0             2 
 0             1             1             0             1             1             0             0 
 0             0             0             0             1             0             0             0 
 2             0             0             0             0             0             0             0 
 0             0             0             1             0             0             3             0 
 0             1             0             0             0             0             0             1 
 0             0             0             0             0             0             2             0 
 0             0             0             1             0             1             0             0 
 1             0             0             0             0             0             1             0 
 1             0             1             0             0             0             0             0 
 0             0             0             2             0             1             1             0 
 0             0             1             0             1             0             0             0 
 1             0             1             0             0             0             0             0 
 1             0             0             0             1             0             0             0 
 0             0             0             0             1             0             1             0 
 0             0             0             1             0             0             0             0 
 0             0             0             0             0             1             0             0 
 0             1             0             2             0             0             1             0 
 0             1             0             0             1             0             0             0 
 2             1             0             0             1             0             0             0 
 0             0             0             0             1             0             0             0 
 0             0             1             0             0             1             0             0 
 0             0             1             0             1             2             0             1 
 0             0             0             0             1             0             1             0 
 0             0             0             0             0             0             1             0 
 1             0             0             0             0             0             1             1 
 0             0             0             0             0             0             0             1 
 0             0             0             0             0             0             0             0 
 0             0             0             1             0             0             0             0 
 0             0             3             1             0             2             0             0 
 0             1             0             0             0             0             0             0 
 0             0             0             1             0             0             0             2 
 0             0             0             1             2             0             1             0 
 0             0             0             0             1             0             0             0 
 0             0             0             0             0             0             0             0 
 0             1             0             0             1             0             0             0 
 0             0             1             1             0             0             0             0 
 0             0             0             0             0             0             0             0 
 0             0             0             0             0             1             0             0 
