$SPEC_ID:
bMCA Spectrum
$DATE_MEA:
07-08-2022  08:28:38
$MEAS_TIM:
 53.58         60
$DEVICE_ID:
bMCA 06201013
$ACQ_SETTINGS:
 2             60            1000          4             4095 
$HRDW_PARAMS:
PHA
 800
 3             3276          5 
 7             0             1023 
 80            25            45 
 1             1 
$SPEC_CAL:
-7.930157      2.249046      0
$MCA_CAL:
3
-7.930157      2.249046      0
$ROI:
 267           333           32768         1            137Cs
 46            75            33023         1            57Co
 15            45            255           1            241Am
$DATA:
 0             1023 
 96            162           294           605           1170          2039          3413          4954 
 6623          7344          7910          7644          6738          6190          5828          5931 
 6585          7810          9678          12250         15078         18294         21860         25124 
 26924         27446         25941         23108         20835         18564         17461         18186 
 19887         22741         25475         26132         25243         21863         17037         11863 
 7558          4304          2300          1384          940           810           836           878 
 1009          1282          1437          1724          1957          2123          2217          2327 
 2241          2111          2123          2050          2100          2104          2151          2326 
 2193          2105          1963          1608          1402          1150          892           698 
 609           445           390           325           285           260           254           240 
 245           255           219           264           231           235           220           209 
 225           208           243           204           224           241           215           225 
 219           224           227           214           213           221           193           213 
 174           186           187           181           190           170           174           165 
 163           154           177           165           160           155           164           157 
 150           141           159           149           148           146           150           135 
 141           134           147           122           137           143           127           134 
 118           124           136           129           138           115           110           117 
 119           113           103           111           117           105           124           106 
 121           108           115           107           103           103           97            114 
 130           111           91            109           87            103           91            100 
 102           98            108           105           95            106           96            97 
 96            77            112           88            98            119           88            109 
 102           105           113           108           125           100           98            117 
 118           109           106           116           114           103           106           91 
 114           105           97            103           96            87            80            94 
 77            99            72            79            69            81            59            70 
 73            59            46            50            52            59            39            41 
 40            45            38            33            24            34            30            32 
 33            37            36            26            34            26            25            26 
 25            25            22            16            29            20            14            13 
 27            20            20            18            23            13            33            19 
 21            18            24            19            19            29            25            31 
 17            24            25            40            38            36            41            45 
 44            71            55            84            98            100           95            123 
 154           154           173           205           225           245           253           268 
 288           327           322           397           364           370           397           400 
 454           408           405           415           422           449           424           368 
 413           398           378           349           353           325           297           296 
 266           226           251           214           181           170           159           131 
 137           123           101           104           89            70            69            53 
 57            55            34            43            32            30            36            25 
 21            13            19            16            10            15            10            8 
 12            10            6             10            9             5             9             2 
 5             4             9             3             7             3             2             6 
 6             2             4             5             5             5             10            3 
 4             1             7             1             7             3             4             3 
 4             2             2             7             3             1             4             2 
 5             6             3             2             5             2             3             3 
 4             6             3             5             5             7             6             5 
 4             7             5             1             8             3             7             5 
 2             2             0             2             4             6             3             3 
 8             4             2             2             2             2             3             1 
 2             4             4             6             5             0             6             5 
 5             3             5             1             2             5             1             3 
 6             2             3             2             5             2             3             0 
 4             10            1             2             1             6             1             3 
 3             2             3             3             5             2             2             2 
 5             2             2             4             3             4             1             2 
 1             0             2             4             5             3             5             1 
 0             0             2             3             2             1             4             2 
 5             2             3             6             3             1             3             2 
 3             1             0             1             1             1             3             0 
 5             2             5             4             2             4             8             5 
 3             1             4             3             5             5             4             2 
 2             5             5             1             5             2             1             4 
 3             4             1             6             3             3             2             2 
 1             1             2             4             6             2             1             3 
 3             0             1             4             1             4             1             1 
 4             4             3             1             0             3             3             1 
 1             2             2             4             1             2             0             2 
 2             1             4             3             6             6             1             2 
 1             0             3             0             3             4             1             1 
 3             3             1             2             2             1             1             2 
 1             4             4             3             3             2             4             1 
 3             1             0             3             3             3             2             1 
 3             2             5             3             4             1             1             1 
 3             0             1             2             2             1             2             4 
 3             1             2             2             1             0             0             2 
 3             3             5             1             4             0             0             3 
 3             2             4             1             0             2             0             4 
 3             1             3             3             2             1             0             3 
 0             2             0             2             0             1             1             2 
 1             0             1             0             1             1             0             3 
 1             0             0             1             1             0             2             0 
 0             1             1             2             1             0             0             1 
 0             1             4             0             1             0             1             2 
 0             0             0             1             2             0             1             0 
 0             0             0             1             1             1             1             0 
 1             0             4             2             0             1             1             0 
 0             2             2             0             0             0             0             0 
 0             1             1             2             0             0             0             0 
 0             0             0             0             0             1             1             0 
 1             1             0             0             1             0             0             0 
 0             0             0             0             0             0             0             0 
 0             0             0             1             0             0             1             0 
 0             0             0             0             0             1             1             0 
 2             0             1             0             0             0             1             0 
 2             0             0             0             1             1             0             0 
 0             0             0             1             0             0             0             1 
 0             1             0             0             0             0             1             0 
 0             1             0             0             0             0             0             0 
 0             1             0             0             0             0             0             0 
 0             0             0             0             0             0             0             1 
 0             0             0             0             0             0             0             0 
 0             0             0             0             0             0             0             0 
 0             1             0             0             1             0             1             0 
 0             0             0             0             1             0             0             0 
 1             2             1             0             0             0             0             0 
 0             0             0             0             0             0             0             1 
 1             0             0             0             0             0             0             1 
 0             0             1             0             0             0             0             0 
 1             0             1             0             0             0             0             0 
 0             0             1             0             0             1             1             0 
 0             1             0             0             0             0             0             0 
 0             0             0             1             0             0             0             0 
 0             0             0             0             0             0             0             1 
 1             0             0             0             0             0             0             0 
 0             0             0             0             0             0             0             0 
 0             0             1             0             0             0             1             0 
 0             0             0             0             0             0             1             0 
 0             0             1             1             0             0             0             1 
 0             0             0             1             0             0             0             1 
 2             0             1             0             1             0             0             0 
 0             0             0             0             0             0             0             1 
 0             0             0             0             0             0             0             0 
 1             1             0             0             0             0             0             0 
 0             0             0             0             0             0             1             0 
