$SPEC_ID:
bMCA Spectrum
$DATE_MEA:
07-05-2022  13:32:29
$MEAS_TIM:
 233.085       240
$DEVICE_ID:
bMCA 06201013
$ACQ_SETTINGS:
 2             240           1000          4             4095 
$HRDW_PARAMS:
PHA
 800
 3             3276          5 
 7             0             1023 
 80            25            45 
 1             1 
$SPEC_CAL:
-2.996172      2.07587       2.903056E-04
$MCA_CAL:
3
-2.996172      2.07587       2.903056E-04
$ROI:
 553           618           16711935      1            60Co
 46            75            33023         1            57Co
$DATA:
 0             1023 
 14            23            52            84            138           230           339           416 
 528           570           619           711           758           751           835           854 
 923           1035          1098          1139          1156          1240          1215          1153 
 1184          1190          1138          1165          1102          1169          1193          1181 
 1249          1386          1475          1524          1723          1721          1884          1908 
 1937          1942          1984          2094          2324          2367          2854          3255 
 3840          4520          5180          5970          6840          7040          7454          7240 
 6935          6995          6672          6832          7101          7147          7255          7570 
 7317          6978          6397          5679          4834          4074          3317          2691 
 2365          1984          1712          1523          1399          1363          1302          1190 
 1208          1106          1191          1173          1175          1165          1105          1179 
 1212          1201          1180          1202          1205          1235          1277          1287 
 1324          1398          1311          1371          1411          1388          1406          1425 
 1393          1503          1410          1456          1386          1437          1443          1465 
 1483          1391          1408          1390          1387          1373          1267          1334 
 1352          1236          1242          1223          1203          1198          1196          1163 
 1172          1201          1203          1233          1116          1158          1106          1074 
 1126          1105          1104          1109          1054          1078          1057          996 
 994           979           1074          1017          976           960           969           1000 
 988           990           942           914           978           961           927           994 
 939           900           929           875           912           841           856           871 
 914           881           922           858           864           837           835           753 
 825           863           795           816           831           790           830           758 
 790           813           805           800           802           800           844           834 
 766           784           769           802           779           778           785           792 
 771           755           784           746           720           770           828           764 
 829           755           813           738           777           761           752           725 
 790           758           777           755           746           793           798           807 
 709           720           760           747           729           764           753           779 
 717           739           745           770           698           758           761           783 
 762           768           730           742           704           761           749           782 
 761           765           771           760           752           781           796           741 
 737           759           755           709           730           733           730           731 
 748           747           770           767           765           681           821           740 
 776           734           732           755           753           764           757           777 
 778           748           782           761           736           745           773           774 
 764           785           826           753           783           780           778           792 
 786           757           833           764           800           805           781           807 
 780           749           779           735           731           768           738           748 
 772           759           825           804           768           797           781           813 
 806           796           790           837           833           752           788           810 
 792           848           846           788           848           828           799           814 
 811           831           842           778           788           839           780           821 
 823           810           887           841           828           836           844           817 
 867           815           836           845           843           914           842           930 
 840           946           887           887           913           871           934           886 
 886           829           932           921           901           937           919           910 
 931           912           916           936           931           934           943           966 
 949           954           951           962           963           1043          931           933 
 974           928           898           995           967           979           954           932 
 915           940           1000          886           1003          910           939           914 
 940           863           977           845           864           857           817           920 
 869           870           815           788           832           808           766           716 
 783           694           734           713           695           713           677           677 
 638           638           701           696           655           629           628           692 
 628           674           615           636           634           605           586           625 
 623           588           625           571           607           613           604           631 
 586           593           612           591           582           614           615           584 
 581           565           566           584           568           597           521           561 
 558           535           576           572           587           581           567           577 
 586           615           618           611           666           669           697           718 
 759           751           796           821           909           911           909           921 
 1064          1027          1132          1185          1282          1237          1352          1384 
 1414          1393          1549          1602          1602          1660          1665          1663 
 1691          1648          1673          1723          1730          1717          1712          1689 
 1662          1644          1605          1526          1468          1430          1407          1411 
 1335          1217          1258          1122          1081          1042          963           958 
 911           820           794           771           726           714           668           686 
 653           595           571           608           550           594           592           576 
 529           598           541           622           627           636           644           673 
 707           739           775           818           827           860           925           938 
 1010          1038          1071          1116          1118          1156          1190          1225 
 1265          1271          1288          1316          1322          1378          1269          1262 
 1302          1254          1275          1226          1253          1253          1245          1188 
 1162          1153          1049          1128          983           914           984           899 
 837           859           796           725           723           704           650           616 
 610           529           505           431           442           413           412           381 
 340           313           314           313           265           258           236           247 
 218           176           184           191           168           171           144           130 
 157           119           128           122           110           100           104           97 
 91            106           73            99            75            69            78            68 
 79            75            52            67            50            59            45            66 
 51            49            58            52            51            53            53            56 
 51            38            44            51            52            37            56            41 
 34            31            52            39            47            38            42            50 
 46            43            40            49            44            36            45            43 
 49            45            39            30            47            47            52            42 
 33            41            47            46            45            28            49            45 
 28            41            28            47            35            32            33            25 
 48            31            41            33            38            32            32            25 
 27            42            38            38            40            32            39            28 
 44            32            44            25            35            37            43            29 
 31            27            30            32            26            34            24            31 
 33            36            30            31            32            46            30            30 
 36            32            31            40            26            43            30            32 
 31            41            35            33            40            22            27            40 
 42            36            26            39            34            31            30            36 
 30            17            34            34            35            28            29            31 
 29            31            28            30            31            24            36            35 
 37            26            28            28            32            22            26            24 
 31            38            28            32            32            27            24            29 
 31            36            28            37            37            30            25            26 
 26            36            20            24            29            27            28            35 
 24            26            19            30            34            27            18            16 
 29            25            32            21            31            21            28            19 
 29            31            26            25            26            23            38            27 
 19            25            29            27            26            24            26            23 
 31            26            29            15            22            29            26            16 
 23            20            38            18            29            29            41            22 
 21            20            22            26            18            28            23            27 
 22            21            19            30            23            29            30            30 
 18            12            21            22            22            23            29            34 
 20            31            21            26            23            27            32            29 
 26            29            23            31            19            23            17            23 
 24            26            26            21            33            28            20            28 
 23            32            17            29            23            31            25            31 
 30            24            31            18            23            30            24            24 
 28            22            27            29            18            24            25            13 
 29            28            28            26            34            24            29            28 
 26            20            28            32            19            28            25            20 
 23            26            33            22            21            29            25            19 
 21            27            27            23            22            20            27            29 
 18            22            23            19            31            30            19            23 
 23            13            27            27            21            10            18            18 
 17            23            20            19            11            12            17            20 
 14            14            20            17            16            18            10            14 
 15            12            10            8             11            10            10            13 
 14            14            15            12            6             15            10            3 
