$SPEC_ID:
bMCA Spectrum
$DATE_MEA:
07-05-2022  13:12:35
$MEAS_TIM:
 174.795       180
$DEVICE_ID:
bMCA 06201013
$ACQ_SETTINGS:
 2             180           1000          4             4095 
$HRDW_PARAMS:
PHA
 800
 3             3276          5 
 7             0             1023 
 80            25            45 
 1             1 
$SPEC_CAL:
-2.996172      2.07587       2.903056E-04
$MCA_CAL:
3
-2.996172      2.07587       2.903056E-04
$ROI:
 553           618           16711935      1            60Co
 46            75            33023         1            57Co
$DATA:
 0             1023 
 13            21            45            58            92            151           244           313 
 364           463           491           527           546           586           602           635 
 670           776           812           929           923           864           943           896 
 869           867           828           859           931           879           964           899 
 986           961           1125          1117          1310          1255          1384          1391 
 1400          1440          1523          1620          1709          1814          2071          2486 
 2817          3460          3993          4503          4999          5282          5433          5417 
 5496          5175          5158          5206          5063          5155          5405          5639 
 5482          5259          4895          4224          3567          3067          2499          2102 
 1669          1490          1264          1206          1094          1051          960           894 
 904           892           840           857           889           910           921           902 
 890           883           889           937           980           922           961           927 
 942           992           1030          989           1073          1036          1099          1054 
 1046          1096          1115          1088          1120          1100          1022          1038 
 1073          1040          1008          1038          1102          1035          996           1019 
 990           1053          948           988           911           935           875           898 
 940           922           867           833           873           826           917           791 
 859           838           842           798           832           785           804           784 
 790           733           766           770           805           762           774           749 
 717           768           726           712           730           708           700           702 
 696           661           707           682           717           643           676           646 
 667           631           655           656           636           701           659           638 
 643           638           624           641           624           625           587           626 
 602           644           624           603           593           581           593           589 
 591           613           600           541           602           600           562           602 
 513           601           595           568           543           542           592           558 
 575           576           573           596           555           573           621           549 
 557           589           599           602           541           568           570           556 
 529           543           605           581           576           590           562           622 
 532           553           576           567           572           587           507           570 
 561           547           514           571           580           573           553           552 
 559           543           585           530           555           561           578           563 
 600           582           575           568           596           563           597           573 
 556           536           561           576           563           609           587           613 
 579           571           574           554           551           555           573           564 
 601           594           540           593           607           554           564           579 
 578           605           605           610           591           560           556           535 
 583           630           584           575           624           625           647           632 
 581           611           568           561           591           632           581           584 
 597           620           622           571           600           632           600           566 
 572           609           578           604           601           586           618           606 
 610           613           626           608           652           683           608           628 
 599           656           623           586           569           662           655           634 
 602           669           624           644           633           614           636           660 
 709           588           665           631           592           655           628           622 
 645           672           684           663           699           696           646           638 
 692           695           648           655           699           670           681           684 
 731           697           719           707           695           740           727           759 
 767           697           757           729           683           749           748           716 
 685           773           720           698           732           716           731           729 
 742           705           694           715           779           755           661           729 
 670           689           625           686           627           676           650           662 
 616           655           652           603           594           540           608           543 
 510           591           580           556           545           541           513           550 
 443           486           531           494           483           488           507           484 
 485           516           482           473           468           441           497           464 
 462           463           492           452           426           452           432           505 
 436           464           448           452           483           448           460           441 
 439           448           397           450           422           384           426           420 
 430           438           430           419           434           380           461           421 
 475           466           464           490           458           489           523           539 
 526           591           610           623           677           633           683           741 
 755           857           854           889           941           975           970           1024 
 1024          1092          1072          1179          1286          1272          1211          1263 
 1281          1275          1275          1286          1304          1246          1266          1261 
 1235          1235          1175          1168          1115          1098          1100          997 
 1002          914           863           860           858           788           745           730 
 745           659           622           601           519           552           519           527 
 476           450           445           474           425           426           429           396 
 443           385           469           420           465           444           468           466 
 506           578           584           545           648           624           624           682 
 771           750           771           825           857           859           908           910 
 891           908           982           969           951           950           965           995 
 981           934           987           970           1015          874           940           901 
 885           861           887           844           791           714           746           724 
 672           620           605           566           572           527           489           447 
 420           424           384           401           345           313           295           273 
 283           241           262           244           186           195           209           176 
 146           164           144           151           138           115           123           107 
 104           86            78            89            71            71            75            60 
 74            74            65            51            61            70            52            59 
 53            50            30            38            50            48            42            43 
 38            42            49            41            37            41            39            48 
 43            30            42            41            20            29            29            23 
 29            40            33            37            33            39            38            33 
 29            29            18            22            23            29            34            31 
 28            27            34            27            27            32            33            26 
 21            38            29            27            38            32            30            24 
 25            34            24            24            22            22            40            33 
 28            38            28            30            19            21            32            37 
 26            20            25            24            21            33            32            23 
 31            33            27            25            26            29            29            26 
 24            25            25            25            26            18            24            18 
 25            18            21            27            19            23            32            19 
 25            22            38            22            32            23            16            38 
 27            16            27            25            21            26            26            26 
 34            19            24            20            23            33            30            27 
 23            25            28            24            29            19            26            16 
 22            24            18            24            26            25            27            20 
 21            25            24            32            34            26            17            22 
 29            17            27            20            23            26            16            19 
 21            25            24            21            17            21            22            14 
 19            15            27            21            20            20            17            23 
 17            28            22            18            25            24            21            14 
 19            17            17            20            22            19            17            20 
 12            17            18            16            24            23            24            14 
 22            22            23            22            19            26            28            28 
 19            11            15            17            20            24            15            15 
 22            15            24            16            25            21            21            21 
 20            25            21            29            16            14            19            22 
 16            13            10            11            19            13            22            18 
 27            19            11            18            14            20            17            18 
 14            14            23            22            14            13            19            18 
 13            14            17            17            17            16            19            19 
 10            18            16            17            16            23            15            22 
 17            25            14            16            15            16            24            25 
 21            25            24            23            16            12            19            16 
 16            17            19            15            18            11            13            15 
 15            25            16            13            12            16            32            16 
 21            14            11            22            21            19            14            18 
 13            18            8             24            32            21            15            15 
 11            22            16            14            19            8             16            22 
 15            21            15            19            18            14            17            5 
 16            16            14            9             11            8             13            8 
 16            13            14            9             11            7             10            13 
 14            18            8             18            13            5             8             6 
 15            4             11            6             9             12            6             9 
 7             6             6             9             5             7             5             4 
