$SPEC_ID:
bMCA Spectrum
$DATE_MEA:
07-07-2022  14:20:05
$MEAS_TIM:
 58.325        60
$DEVICE_ID:
bMCA 06201013
$ACQ_SETTINGS:
 2             60            1000          4             4095 
$HRDW_PARAMS:
PHA
 800
 3             3276          5 
 7             0             1023 
 80            25            45 
 1             1 
$SPEC_CAL:
-7.930157      2.249046      0
$MCA_CAL:
3
-7.930157      2.249046      0
$ROI:
 553           618           16711935      1            60Co
 46            75            33023         1            57Co
$DATA:
 0             1023 
 4             14            11            9             40            61            84            109 
 142           144           140           170           187           193           212           224 
 254           225           261           294           287           290           313           292 
 301           256           264           273           276           264           285           331 
 329           344           388           393           441           496           511           471 
 499           513           524           505           634           652           777           912 
 1067          1306          1663          1855          2087          2197          2331          2302 
 2330          2148          2157          2055          2212          2287          2321          2386 
 2372          2208          2029          1743          1573          1219          999           819 
 660           572           529           412           376           336           304           289 
 274           289           276           296           276           291           284           268 
 242           274           272           307           278           268           280           289 
 288           309           316           302           276           333           280           332 
 334           304           333           341           290           307           302           327 
 319           292           272           319           314           303           302           304 
 311           305           291           280           261           289           281           284 
 262           266           279           248           264           279           256           265 
 263           281           243           263           252           302           216           208 
 242           214           224           256           231           219           236           209 
 222           208           222           231           205           189           199           224 
 211           209           198           180           193           194           185           230 
 185           216           228           178           176           195           204           209 
 194           152           174           192           185           195           183           167 
 200           170           185           187           161           173           168           168 
 170           181           171           200           175           154           179           162 
 159           162           154           170           182           186           172           166 
 179           177           180           176           174           163           175           164 
 176           168           175           161           190           151           141           133 
 163           148           148           157           163           143           164           162 
 179           175           144           185           167           157           170           179 
 182           182           143           160           155           142           178           157 
 169           136           176           163           148           180           197           151 
 158           153           177           179           162           172           169           169 
 163           164           163           153           146           177           169           173 
 168           167           180           205           145           191           185           157 
 151           172           177           154           171           152           164           174 
 145           152           188           169           179           162           169           161 
 190           173           165           160           164           175           163           182 
 185           176           152           177           194           155           161           198 
 170           150           179           168           178           173           168           165 
 168           176           169           181           175           179           194           170 
 183           204           186           177           174           186           184           168 
 165           174           147           167           175           174           175           188 
 208           188           170           183           172           180           195           191 
 182           201           189           177           190           166           217           202 
 194           179           199           192           175           200           186           175 
 172           195           182           220           215           190           206           181 
 191           229           197           221           225           217           200           209 
 228           209           205           209           204           219           212           224 
 203           231           209           214           214           226           195           211 
 212           213           199           198           216           215           214           197 
 185           188           187           194           219           189           183           184 
 180           164           201           162           179           145           178           179 
 162           182           145           184           172           157           143           148 
 153           132           124           156           143           143           143           134 
 154           137           140           147           145           141           133           121 
 137           134           147           123           152           145           124           122 
 141           116           120           157           137           138           137           125 
 102           124           144           124           130           132           139           122 
 124           121           101           111           127           146           110           139 
 128           140           117           146           138           151           165           158 
 145           171           175           172           196           223           202           216 
 228           253           247           275           256           257           297           292 
 283           333           296           326           337           330           379           380 
 353           389           342           394           346           354           346           358 
 374           337           317           329           316           322           360           283 
 295           283           284           257           255           249           209           225 
 211           188           179           202           167           163           148           112 
 145           116           108           118           132           105           120           123 
 131           131           132           128           150           143           142           175 
 145           157           168           179           167           189           199           207 
 232           243           230           234           216           255           252           278 
 270           292           267           272           304           257           288           278 
 250           302           243           281           248           280           248           247 
 250           224           223           247           249           214           219           194 
 193           190           173           168           157           135           142           125 
 123           116           100           105           90            91            76            75 
 81            70            73            52            51            53            59            61 
 54            44            32            36            42            32            31            35 
 26            30            33            22            21            21            27            21 
 25            9             22            14            13            19            10            10 
 14            11            12            10            9             11            8             17 
 11            9             10            11            4             9             10            11 
 9             9             10            12            8             7             9             5 
 8             7             10            6             5             13            8             12 
 8             7             8             5             15            10            9             6 
 11            8             8             4             6             9             5             6 
 10            6             11            9             10            8             11            8 
 9             11            9             6             6             8             4             4 
 4             7             2             9             10            9             7             6 
 6             6             7             11            6             5             7             7 
 7             7             3             8             9             5             10            11 
 8             9             6             11            6             9             4             7 
 8             6             7             11            6             7             6             5 
 10            4             6             5             7             4             9             5 
 5             8             9             3             5             2             4             16 
 7             4             3             4             4             7             8             3 
 4             5             7             1             4             5             5             6 
 2             8             7             5             9             4             3             6 
 6             8             3             5             4             4             7             5 
 2             3             8             5             4             7             15            6 
 5             6             5             8             4             3             8             3 
 2             3             3             7             3             1             3             5 
 5             5             3             8             3             6             3             7 
 7             2             6             4             11            5             5             7 
 8             2             2             3             6             6             5             9 
 2             6             5             6             5             7             4             5 
 9             8             7             2             6             3             10            2 
 3             3             3             1             2             4             4             8 
 3             6             2             4             11            4             2             4 
 6             5             4             5             3             5             6             7 
 5             4             3             2             7             2             2             4 
 6             8             2             6             6             2             4             3 
 0             4             5             4             7             6             3             7 
 8             5             2             2             3             4             4             4 
 5             6             2             5             6             5             2             4 
 5             6             4             6             7             4             3             3 
 1             3             3             8             9             2             8             3 
 4             2             6             4             4             0             4             2 
 5             8             7             8             4             5             11            5 
 4             8             6             5             7             4             4             11 
 4             6             2             4             1             5             6             3 
 9             4             5             0             3             2             3             5 
 4             3             2             2             2             5             0             2 
 2             4             6             2             3             3             6             4 
 4             5             1             2             3             3             4             4 
 2             2             0             3             5             3             3             4 
 5             4             1             4             4             1             1             4 
