$SPEC_ID:
bMCA Spectrum
$DATE_MEA:
07-05-2022  12:17:22
$MEAS_TIM:
 211.46        240
$DEVICE_ID:
bMCA 06201013
$ACQ_SETTINGS:
 2             240           1000          4             4095 
$HRDW_PARAMS:
PHA
 800
 3             3276          5 
 7             0             1023 
 80            25            45 
 1             1 
$SPEC_CAL:
-2.996172      2.07587       2.903056E-04
$MCA_CAL:
3
-2.996172      2.07587       2.903056E-04
$ROI:
 267           333           32768         1            137Cs
 553           618           16711935      1            60Co
 15            45            255           1            241Am
$DATA:
 0             1023 
 443           685           1247          2494          4892          8367          13495         19370 
 24974         28262         29511         27962         25640         23365         21943         22442 
 25219         30251         38133         48280         61051         75152         89411         99596 
 105107        103532        96831         86775         77307         69725         66756         68512 
 75014         83818         93128         97897         95514         85526         68815         50044 
 33157         19926         11457         6526          3936          2908          2549          2489 
 2211          2297          2235          2440          2412          2318          2370          2315 
 2230          2111          2070          1951          1911          2014          1867          1962 
 2015          1956          1949          1792          1903          1799          1703          1686 
 1542          1615          1640          1515          1625          1594          1616          1490 
 1534          1548          1550          1638          1629          1532          1712          1630 
 1696          1780          1742          1762          1717          1788          1846          1836 
 1893          1891          1814          1855          1975          1914          1868          1947 
 1965          2002          2017          1959          1948          1899          1900          1956 
 1884          1905          1888          1793          1821          1792          1773          1722 
 1694          1676          1660          1684          1675          1556          1592          1622 
 1575          1615          1535          1508          1474          1500          1571          1468 
 1475          1428          1431          1421          1408          1379          1386          1412 
 1340          1388          1425          1403          1338          1391          1274          1341 
 1226          1287          1281          1253          1322          1228          1231          1303 
 1224          1229          1294          1226          1195          1251          1232          1193 
 1247          1231          1141          1233          1157          1215          1154          1206 
 1167          1193          1227          1181          1201          1219          1153          1163 
 1133          1136          1132          1133          1206          1131          1105          1119 
 1118          1185          1099          1081          1131          1153          1133          1104 
 1082          1113          1181          1027          1121          1065          1119          931 
 1027          1030          1043          1053          975           967           997           884 
 964           919           980           930           955           896           887           843 
 860           847           878           861           850           853           897           834 
 824           829           854           820           790           802           809           839 
 820           758           752           787           799           773           805           824 
 836           761           794           785           736           842           781           812 
 858           820           790           762           819           843           770           790 
 788           892           776           864           864           847           871           950 
 991           973           1015          1068          1063          1232          1242          1290 
 1355          1407          1414          1499          1622          1643          1779          1775 
 1865          2019          1967          2155          2239          2153          2312          2340 
 2369          2375          2343          2393          2385          2273          2267          2238 
 2157          2161          2079          2039          1994          1796          1820          1728 
 1673          1623          1503          1430          1414          1310          1373          1209 
 1146          1113          1089          1121          1017          1034          963           943 
 996           962           912           939           920           900           878           840 
 850           875           866           834           818           865           840           818 
 835           840           837           836           829           813           837           828 
 865           836           871           835           824           819           824           839 
 870           841           934           788           847           860           876           836 
 864           893           919           884           959           870           862           927 
 956           921           888           963           921           911           958           951 
 941           921           935           975           967           971           961           944 
 997           957           908           936           971           987           987           969 
 938           951           938           908           913           869           968           865 
 866           884           941           889           890           853           839           810 
 809           779           818           851           775           774           809           775 
 781           791           694           756           726           717           716           671 
 701           638           671           706           652           685           673           679 
 665           656           666           675           632           570           613           625 
 645           615           608           625           583           621           631           588 
 623           594           601           574           546           599           553           602 
 597           590           601           566           577           542           583           582 
 553           590           570           550           535           595           568           551 
 583           589           567           656           617           631           632           688 
 702           698           741           745           801           823           873           897 
 938           1026          1009          1054          1105          1226          1228          1248 
 1299          1376          1390          1468          1513          1531          1558          1619 
 1677          1663          1581          1642          1761          1724          1698          1630 
 1623          1634          1598          1514          1526          1528          1443          1404 
 1381          1295          1277          1206          1169          1152          1070          1073 
 992           914           903           930           832           819           704           750 
 705           675           623           623           623           634           561           558 
 594           581           581           560           579           620           647           702 
 683           708           686           771           782           775           863           836 
 903           902           1026          968           1013          1093          1141          1107 
 1143          1189          1189          1200          1254          1237          1273          1335 
 1320          1209          1314          1290          1235          1250          1206          1203 
 1191          1153          1139          1095          1084          1085          944           1012 
 914           904           840           839           791           725           697           627 
 687           559           579           526           540           484           460           389 
 395           409           332           340           318           290           269           293 
 265           252           202           232           196           190           178           169 
 179           137           177           144           124           125           95            109 
 117           111           88            100           88            76            98            82 
 83            83            89            65            54            71            65            72 
 63            58            48            41            54            58            60            49 
 52            40            43            52            49            52            57            37 
 57            33            50            60            50            41            42            45 
 56            46            43            60            45            49            45            44 
 43            50            51            48            39            48            45            53 
 37            37            40            43            42            54            50            38 
 40            44            50            24            43            38            41            34 
 31            41            44            30            42            39            36            29 
 40            35            38            34            43            36            35            32 
 25            42            35            35            41            40            29            28 
 31            27            42            34            30            44            40            48 
 51            36            40            34            36            31            30            33 
 41            33            32            29            36            31            32            31 
 33            34            32            39            26            29            34            26 
 42            37            35            32            35            37            29            32 
 32            32            26            39            31            42            29            28 
 39            37            30            28            27            27            37            34 
 35            17            39            25            36            28            36            28 
 29            34            25            28            21            32            27            34 
 29            28            25            27            41            28            19            35 
 27            26            24            33            34            27            32            25 
 21            31            31            31            28            31            42            34 
 21            20            24            32            38            24            23            24 
 24            27            29            31            36            32            19            26 
 25            24            25            29            28            24            25            31 
 35            29            20            31            21            30            29            32 
 29            27            25            18            36            19            28            32 
 27            26            29            30            23            20            38            21 
 22            23            23            29            26            26            24            23 
 27            24            22            18            13            28            25            26 
 12            32            29            15            24            26            26            22 
 20            24            23            18            27            21            18            29 
 24            30            19            19            27            33            21            30 
 20            18            26            25            26            21            24            25 
 27            28            20            18            24            31            26            29 
 23            25            28            21            16            23            20            22 
 21            29            25            31            32            22            19            21 
 30            32            22            31            31            23            24            19 
 22            31            21            35            17            35            19            25 
 24            18            30            17            17            20            24            15 
 27            17            26            27            30            25            28            18 
 27            24            24            20            21            18            25            29 
 17            18            22            29            20            21            20            17 
 19            18            16            16            24            16            16            23 
 15            18            15            10            21            13            10            13 
 10            10            13            11            14            17            9             5 
