$SPEC_ID:
bMCA Spectrum
$DATE_MEA:
07-05-2022  10:10:19
$MEAS_TIM:
 159.015       180
$DEVICE_ID:
bMCA 06201013
$ACQ_SETTINGS:
 2             180           1000          4             4095 
$HRDW_PARAMS:
PHA
 800
 3             3276          5 
 7             0             1023 
 80            25            45 
 1             1 
$SPEC_CAL:
-2.996172      2.07587       2.903056E-04
$MCA_CAL:
3
-2.996172      2.07587       2.903056E-04
$ROI:
 265           335           32768         1            137Cs
 46            75            33023         1            57Co
 15            45            255           1            241Am
$DATA:
 0             1023 
 401           632           1246          2400          4449          7841          12486         17794 
 22628         25250         25975         24013         21640         19622         18881         19391 
 22182         27318         34329         43766         54884         67236         78495         87223 
 90185         87609         81361         72284         63375         58188         56483         59072 
 65544         73625         81311         84092         80802         70220         54114         38053 
 23961         13801         7621          4384          3095          2603          2621          2846 
 3309          3793          4257          4830          5180          5506          5609          5481 
 5291          5107          5066          4870          4864          4992          5217          5200 
 5143          4871          4533          3903          3227          2623          2226          1767 
 1441          1271          1080          902           863           752           768           752 
 723           743           716           742           707           736           745           734 
 739           684           755           716           669           733           734           752 
 718           729           711           691           658           656           639           628 
 639           619           572           592           612           575           575           572 
 532           546           588           465           471           522           519           491 
 464           478           461           506           454           493           471           468 
 452           447           449           416           456           401           410           440 
 449           461           427           387           459           422           392           426 
 392           367           390           406           410           367           362           364 
 399           344           357           402           373           387           375           360 
 377           379           372           379           365           374           363           361 
 371           357           348           371           372           346           371           351 
 379           400           358           332           342           352           404           391 
 366           397           354           365           351           369           354           339 
 343           370           356           378           344           376           336           339 
 339           316           317           351           305           338           288           302 
 275           243           255           251           262           182           222           204 
 199           213           195           170           193           160           168           152 
 131           135           121           112           121           115           100           94 
 89            106           84            97            87            85            74            86 
 63            52            91            75            78            73            80            59 
 88            67            78            75            57            68            67            63 
 70            65            75            75            72            84            91            93 
 117           101           138           147           176           153           216           227 
 285           284           334           405           448           469           526           628 
 640           734           811           905           958           1029          1094          1233 
 1167          1273          1396          1470          1408          1452          1548          1519 
 1551          1563          1514          1629          1473          1507          1435          1382 
 1302          1310          1227          1179          1087          999           919           892 
 737           758           674           577           602           474           419           385 
 355           320           255           247           219           213           196           161 
 143           145           113           113           85            95            72            71 
 63            54            50            58            41            47            33            28 
 31            28            38            34            28            16            31            17 
 31            21            22            23            9             13            28            16 
 16            12            16            20            14            11            24            13 
 11            20            16            10            14            11            7             7 
 8             12            8             11            13            8             15            9 
 5             4             15            14            17            9             12            7 
 19            15            15            11            16            10            9             4 
 10            11            11            17            13            13            10            9 
 10            12            10            14            15            9             10            13 
 14            7             11            21            11            12            9             14 
 10            11            15            12            7             6             11            9 
 9             8             10            14            5             6             9             14 
 7             7             4             9             16            7             4             12 
 11            13            10            10            16            8             7             12 
 10            9             13            6             8             9             9             8 
 10            12            6             15            12            7             2             7 
 7             8             7             8             10            5             7             8 
 7             11            8             5             6             9             4             8 
 7             6             9             10            6             5             10            11 
 8             7             11            11            8             12            10            9 
 14            18            14            8             11            20            12            12 
 17            11            9             13            10            11            13            13 
 15            12            11            11            10            11            5             16 
 12            8             9             15            14            9             6             14 
 5             6             6             5             3             7             4             11 
 1             7             7             7             3             4             8             8 
 3             2             8             9             6             4             11            7 
 3             6             9             5             8             9             8             3 
 8             4             6             5             5             4             5             7 
 9             3             8             6             8             5             8             7 
 7             10            14            10            7             6             9             14 
 5             11            11            5             3             8             5             1 
 4             3             5             2             2             4             4             8 
 13            4             7             8             5             5             4             9 
 6             6             6             10            9             6             9             1 
 4             7             8             9             9             3             8             8 
 6             4             6             5             9             6             11            1 
 9             9             8             4             5             6             7             5 
 5             5             7             8             4             3             3             4 
 5             7             4             6             3             3             6             2 
 2             1             3             3             1             3             3             2 
 4             1             5             2             2             2             2             0 
 2             4             1             2             1             2             3             1 
 2             2             2             0             0             3             2             3 
 3             1             0             1             0             0             2             2 
 1             3             2             2             2             0             1             2 
 0             2             1             1             0             0             0             2 
 2             0             0             0             2             1             0             1 
 2             0             1             1             1             0             1             0 
 1             3             4             1             0             2             2             2 
 0             0             1             1             1             0             0             1 
 1             1             2             4             0             2             2             0 
 1             4             2             0             0             0             1             2 
 1             0             3             0             0             1             0             0 
 1             1             0             1             0             2             0             0 
 0             3             2             2             2             2             1             2 
 0             0             2             1             2             1             2             0 
 0             2             1             1             2             0             0             3 
 1             1             1             1             1             0             0             1 
 1             0             1             1             1             0             1             0 
 0             1             0             3             0             1             0             0 
 1             1             1             0             0             0             0             0 
 0             2             2             1             2             0             1             1 
 2             3             0             0             1             1             1             0 
 0             1             1             1             1             0             1             0 
 0             0             0             1             2             0             0             0 
 1             0             1             1             1             0             1             0 
 0             2             0             1             0             0             0             1 
 0             0             1             1             0             1             0             0 
 2             2             1             2             1             1             0             0 
 1             0             1             0             1             0             1             1 
 1             0             1             1             1             1             0             0 
 0             1             1             1             0             1             1             2 
 1             0             0             0             1             0             0             1 
 1             0             0             0             1             0             1             1 
 1             0             0             0             0             0             0             0 
 2             0             2             0             0             3             1             3 
 0             2             1             0             2             0             0             0 
 0             1             0             1             1             1             2             1 
 1             0             0             0             0             0             0             0 
 0             0             1             0             0             1             0             0 
 4             0             0             0             0             1             0             0 
 0             0             3             0             0             1             0             1 
 2             0             1             0             0             0             0             1 
 1             0             0             0             0             0             0             0 
