$SPEC_ID:
bMCA Spectrum
$DATE_MEA:
07-05-2022  09:39:30
$MEAS_TIM:
 52.99         60
$DEVICE_ID:
bMCA 06201013
$ACQ_SETTINGS:
 2             60            1000          4             4095 
$HRDW_PARAMS:
PHA
 800
 3             3276          5 
 7             0             1023 
 80            25            45 
 1             1 
$SPEC_CAL:
-2.996172      2.07587       2.903056E-04
$MCA_CAL:
3
-2.996172      2.07587       2.903056E-04
$ROI:
 265           335           32768         1            137Cs
 46            75            33023         1            57Co
 15            45            255           1            241Am
$DATA:
 0             1023 
 121           207           372           750           1486          2571          4091          5891 
 7361          8360          8646          8110          7537          6516          6405          6532 
 7562          8981          11448         14291         17997         22254         25848         28925 
 29993         29403         27329         24457         21513         19201         19126         19726 
 21556         24472         26987         27812         26835         23564         18667         12969 
 8196          4762          2648          1541          1046          889           850           962 
 1022          1284          1402          1620          1734          1871          1802          1891 
 1820          1706          1642          1627          1611          1683          1725          1710 
 1652          1646          1463          1359          1084          850           811           619 
 511           333           329           300           265           265           252           221 
 212           273           262           227           236           239           245           243 
 237           252           243           234           263           237           261           257 
 232           247           229           220           212           207           237           189 
 234           205           219           172           184           180           192           152 
 211           190           182           193           174           182           154           155 
 166           192           177           162           168           163           159           136 
 159           160           158           144           146           154           145           133 
 142           143           131           129           143           140           127           146 
 136           136           109           147           136           151           125           151 
 143           139           107           118           128           121           133           100 
 150           117           120           123           128           129           118           141 
 121           93            125           127           137           112           122           128 
 105           126           156           136           129           101           124           138 
 116           134           124           130           120           115           134           119 
 110           121           120           112           114           140           121           116 
 122           116           100           106           117           118           108           103 
 81            94            97            96            66            80            74            71 
 55            67            55            68            62            52            57            48 
 46            44            47            32            37            34            39            30 
 34            32            27            23            24            36            31            26 
 28            30            23            18            19            21            33            31 
 25            26            23            24            15            20            16            25 
 14            26            20            30            14            24            42            38 
 28            40            41            50            47            76            65            83 
 84            88            112           117           137           171           155           212 
 233           258           273           301           319           356           358           360 
 405           417           471           510           476           515           467           548 
 517           514           526           507           556           543           455           490 
 461           452           426           409           348           321           319           287 
 284           299           217           228           211           172           182           128 
 118           111           87            90            82            72            78            52 
 44            39            48            49            32            33            29            25 
 20            17            17            14            10            9             10            11 
 8             10            12            6             7             6             7             11 
 6             9             8             5             7             8             5             6 
 7             9             0             3             3             8             4             4 
 7             3             3             3             3             2             4             6 
 5             2             4             4             5             5             3             3 
 6             3             5             5             4             4             7             6 
 6             4             5             5             4             1             6             0 
 10            4             5             3             4             2             1             5 
 3             1             2             6             7             5             2             6 
 5             5             4             0             5             3             3             0 
 2             1             5             3             5             7             4             4 
 3             1             6             2             2             3             5             3 
 3             5             2             4             5             4             1             8 
 6             4             3             4             3             0             3             1 
 2             4             1             6             2             6             4             3 
 3             7             3             0             7             5             1             3 
 4             1             3             4             4             2             1             2 
 4             5             2             4             4             6             2             2 
 7             6             5             2             4             3             1             1 
 4             4             5             1             2             1             3             5 
 4             7             1             0             2             1             4             3 
 3             3             5             4             1             5             6             6 
 3             7             4             0             4             2             6             2 
 4             3             1             4             5             4             1             2 
 0             3             1             4             2             5             5             1 
 3             4             5             2             1             4             2             1 
 0             2             3             1             0             1             0             2 
 3             0             0             0             1             0             1             1 
 1             3             1             0             1             2             3             1 
 3             3             2             0             2             1             2             0 
 2             2             2             2             1             3             6             4 
 0             2             3             2             0             1             1             2 
 0             2             3             1             0             5             2             2 
 2             3             2             4             6             3             3             2 
 2             3             2             2             1             1             1             1 
 2             1             4             1             1             1             3             0 
 3             2             6             1             1             3             3             0 
 1             2             3             1             2             3             1             1 
 3             1             0             1             2             1             1             1 
 2             1             1             0             0             2             0             0 
 1             1             0             0             1             3             1             0 
 0             2             0             1             1             1             0             1 
 1             0             0             2             1             0             1             0 
 0             1             0             2             2             0             0             1 
 0             1             0             1             1             0             1             2 
 2             0             0             0             0             0             0             1 
 0             1             0             0             0             0             1             0 
 0             0             0             1             1             0             0             0 
 2             0             1             1             1             0             0             0 
 0             1             0             1             0             0             0             1 
 0             1             0             0             1             0             0             0 
 0             0             1             1             1             0             1             0 
 1             1             0             0             1             0             0             1 
 1             0             0             1             0             0             0             0 
 0             0             1             0             0             0             0             0 
 1             1             3             0             0             0             0             1 
 0             0             0             1             0             0             0             0 
 1             0             0             2             0             1             0             0 
 0             0             0             0             0             0             0             0 
 0             0             0             0             0             1             0             0 
 0             0             0             1             0             0             0             0 
 1             0             0             0             0             0             1             2 
 0             2             0             0             1             0             0             0 
 0             0             0             0             0             0             1             1 
 0             0             0             1             0             0             0             0 
 0             0             0             0             0             0             0             0 
 0             1             0             0             0             0             0             0 
 0             1             0             0             0             0             0             0 
 0             2             0             0             0             0             0             0 
 1             0             0             1             0             0             0             0 
 0             0             1             0             0             0             0             1 
 0             0             1             1             0             0             0             0 
 0             0             0             0             1             0             0             0 
 0             0             1             0             0             0             0             1 
 0             0             0             0             0             1             1             0 
 0             0             0             1             0             0             0             0 
 0             1             0             0             0             1             0             0 
 0             1             0             0             0             0             1             1 
 0             0             0             0             0             0             0             0 
 0             0             0             1             0             0             0             0 
 0             0             0             1             0             0             0             0 
 1             0             0             0             1             0             0             0 
 0             0             1             0             0             0             1             0 
 0             0             0             0             0             0             0             0 
 0             0             0             0             0             0             0             0 
