$SPEC_ID:
bMCA Spectrum
$DATE_MEA:
07-05-2022  12:13:20
$MEAS_TIM:
 211.45        240
$DEVICE_ID:
bMCA 06201013
$ACQ_SETTINGS:
 2             240           1000          4             4095 
$HRDW_PARAMS:
PHA
 800
 3             3276          5 
 7             0             1023 
 80            25            45 
 1             1 
$SPEC_CAL:
-2.996172      2.07587       2.903056E-04
$MCA_CAL:
3
-2.996172      2.07587       2.903056E-04
$ROI:
 267           333           32768         1            137Cs
 553           618           16711935      1            60Co
 15            45            255           1            241Am
$DATA:
 0             1023 
 412           682           1280          2595          4877          8415          13399         19433 
 24908         28398         29170         27792         25495         23128         21936         22688 
 25404         30328         37806         48496         60885         75250         88942         99640 
 104316        103859        96711         87296         76932         69717         67088         68715 
 74912         83746         93382         97369         95777         85731         69499         50911 
 33133         19956         11470         6435          4081          2998          2586          2406 
 2362          2375          2331          2380          2405          2366          2335          2363 
 2204          2073          2086          2039          1923          1891          1984          1863 
 1924          1913          1908          1762          1771          1769          1676          1714 
 1686          1550          1682          1594          1576          1615          1567          1663 
 1541          1651          1645          1579          1572          1640          1673          1637 
 1661          1771          1774          1780          1764          1752          1831          1849 
 1875          1955          1930          1946          1963          2010          1897          2016 
 1923          2045          1930          1984          1846          1971          1907          1875 
 1886          1870          1837          1836          1837          1741          1748          1730 
 1758          1701          1617          1739          1599          1609          1684          1579 
 1565          1507          1517          1509          1476          1447          1456          1507 
 1455          1411          1408          1377          1409          1398          1420          1333 
 1330          1415          1341          1356          1349          1314          1313          1327 
 1260          1353          1323          1252          1241          1247          1352          1284 
 1275          1248          1190          1237          1177          1205          1192          1179 
 1213          1164          1197          1159          1193          1130          1196          1143 
 1173          1150          1158          1123          1117          1201          1142          1137 
 1207          1115          1136          1187          1135          1105          1141          1115 
 1143          1136          1181          1174          1166          1144          1138          1157 
 1126          1149          1087          1095          1093          1078          998           1067 
 1021          1015          960           981           1015          990           990           948 
 925           916           957           960           844           934           857           909 
 884           914           820           845           833           818           849           807 
 844           861           811           833           827           792           800           802 
 760           806           811           836           835           797           823           790 
 779           829           788           787           813           845           756           755 
 802           768           837           818           774           820           806           803 
 823           833           828           825           906           906           944           913 
 960           971           1069          1062          1153          1155          1228          1292 
 1419          1360          1492          1508          1618          1588          1745          1910 
 1934          1974          2025          2117          2143          2188          2316          2229 
 2351          2348          2429          2295          2403          2238          2210          2316 
 2240          2148          2053          2020          1958          1910          1856          1809 
 1604          1615          1562          1495          1395          1299          1277          1248 
 1255          1148          1102          1082          1036          1026          1020          926 
 970           923           923           889           898           863           880           845 
 860           868           866           849           875           797           838           823 
 804           846           872           824           829           857           792           823 
 804           779           841           886           825           800           794           849 
 825           878           877           900           885           817           823           869 
 884           873           859           892           860           933           914           909 
 932           875           906           921           930           993           845           906 
 944           892           936           980           929           933           994           974 
 936           958           964           911           910           944           1009          965 
 914           923           915           979           894           955           914           949 
 920           867           897           882           884           860           861           820 
 851           812           807           799           867           830           809           812 
 776           741           766           751           795           732           717           682 
 729           716           677           637           605           710           682           663 
 598           625           602           649           636           623           642           593 
 594           625           620           606           646           621           581           631 
 603           610           606           558           626           604           607           599 
 577           571           570           538           536           568           574           590 
 564           591           586           556           546           612           530           587 
 598           507           598           633           623           644           615           633 
 684           672           689           775           821           807           910           870 
 919           977           1055          1053          1146          1240          1191          1304 
 1297          1354          1454          1417          1451          1578          1556          1658 
 1567          1627          1651          1683          1679          1658          1664          1687 
 1624          1590          1624          1594          1544          1483          1522          1498 
 1379          1356          1291          1253          1189          1200          1090          1075 
 988           953           960           872           883           814           765           725 
 673           647           661           607           637           561           619           601 
 544           551           541           577           569           581           659           629 
 639           740           651           732           752           826           826           907 
 925           990           954           992           1047          1045          1119          1124 
 1105          1154          1193          1170          1251          1244          1324          1326 
 1290          1336          1316          1248          1265          1239          1234          1237 
 1174          1138          1173          1083          1069          1071          1008          892 
 900           916           892           847           765           759           712           697 
 652           633           618           561           506           501           458           454 
 408           428           372           342           344           292           318           259 
 253           230           242           221           210           211           172           191 
 150           158           147           140           137           132           107           111 
 108           108           102           92            97            98            94            69 
 86            80            76            73            75            75            57            58 
 51            59            57            59            62            50            52            51 
 51            40            46            52            65            54            55            49 
 46            51            45            51            44            43            49            49 
 46            54            43            46            47            29            48            59 
 45            37            36            36            41            39            42            48 
 33            36            49            42            51            41            39            48 
 41            45            35            43            48            36            34            32 
 40            47            36            43            41            37            39            43 
 36            34            38            36            35            38            47            47 
 38            43            53            38            33            41            38            42 
 44            34            29            34            36            37            37            33 
 28            31            28            39            27            21            42            36 
 43            38            32            42            34            37            33            35 
 34            31            28            27            36            36            33            27 
 41            42            32            34            36            34            27            33 
 38            29            31            31            34            32            27            28 
 48            32            35            30            22            19            28            33 
 39            31            27            34            30            32            29            35 
 30            26            30            29            41            29            32            27 
 24            27            32            34            23            36            18            27 
 26            21            31            38            29            34            27            31 
 23            18            31            27            34            25            28            25 
 36            35            33            27            32            28            36            25 
 28            16            39            20            29            22            30            29 
 28            34            39            23            30            28            27            21 
 30            23            32            38            27            24            31            21 
 35            26            18            28            22            23            24            27 
 21            23            18            29            20            24            26            24 
 15            22            25            15            28            14            25            20 
 27            35            20            28            21            31            23            18 
 27            25            25            22            22            18            25            24 
 23            25            30            22            29            23            37            29 
 21            29            20            24            23            26            35            29 
 30            26            29            23            30            27            31            23 
 23            21            29            19            26            27            30            30 
 29            19            26            23            23            28            21            22 
 35            28            25            37            30            20            26            23 
 18            26            27            31            27            25            25            28 
 21            17            29            24            22            26            25            33 
 30            18            28            21            19            21            27            16 
 20            25            23            24            30            26            21            25 
 24            23            27            19            25            16            17            24 
 23            19            21            22            17            19            10            20 
 20            20            19            14            10            16            18            15 
 13            10            10            15            13            15            10            13 
 13            8             12            9             6             14            13            10 
