$SPEC_ID:
bMCA Spectrum
$DATE_MEA:
07-08-2022  09:32:18
$MEAS_TIM:
 106.545       120
$DEVICE_ID:
bMCA 06201013
$ACQ_SETTINGS:
 2             120           1000          4             4095 
$HRDW_PARAMS:
PHA
 800
 3             3276          5 
 7             0             1023 
 80            25            45 
 1             1 
$SPEC_CAL:
-7.930157      2.249046      0
$MCA_CAL:
3
-7.930157      2.249046      0
$ROI:
 267           333           32768         1            137Cs
 553           618           16711935      1            60Co
 15            45            255           1            241Am
$DATA:
 0             1023 
 176           300           557           1108          2173          4020          6489          9453 
 12127         13963         14412         13664         12342         11010         10516         11107 
 12334         15481         19500         25021         31816         39315         45551         49904 
 52306         50252         46074         41400         36077         33783         33215         34888 
 39055         44071         47607         48418         45408         37972         28842         19859 
 12085         6960          3959          2246          1553          1278          1180          1156 
 1188          1124          1114          1094          1152          1115          1156          1111 
 1113          1058          918           965           972           928           965           960 
 926           916           859           860           886           844           812           780 
 845           696           774           728           780           806           745           748 
 778           804           811           817           848           772           787           867 
 798           805           927           869           867           911           955           944 
 927           897           859           898           939           930           913           932 
 953           912           908           898           863           926           925           905 
 898           880           849           892           830           813           781           822 
 745           791           772           738           744           757           717           713 
 702           717           702           690           650           658           678           692 
 682           676           687           686           698           691           660           685 
 635           650           609           647           665           600           631           604 
 628           606           560           609           591           592           554           598 
 557           592           585           569           587           582           570           557 
 589           574           553           552           521           542           553           530 
 528           562           587           536           570           534           537           512 
 535           566           569           540           531           534           546           515 
 552           559           561           570           510           603           538           494 
 485           516           486           514           471           491           456           475 
 518           478           465           424           447           399           423           429 
 400           417           430           417           369           340           417           354 
 361           406           379           350           343           364           338           361 
 351           332           347           326           312           332           336           346 
 302           354           336           286           353           307           321           333 
 349           323           330           350           332           332           303           312 
 306           367           340           347           350           331           383           383 
 338           372           411           405           450           417           464           468 
 462           507           607           640           605           716           712           779 
 790           877           826           938           1017          1041          1157          1137 
 1175          1185          1230          1283          1302          1291          1260          1326 
 1308          1277          1247          1312          1226          1168          1103          1118 
 1024          1023          921           905           874           847           770           783 
 734           706           663           618           583           556           509           493 
 463           483           449           419           381           397           432           374 
 371           367           358           354           341           349           370           337 
 344           329           371           333           343           322           332           339 
 311           343           370           295           308           345           355           367 
 358           330           328           355           356           336           313           314 
 322           398           375           371           363           383           378           348 
 382           363           335           359           357           350           364           375 
 362           344           359           397           385           374           347           404 
 365           359           374           362           361           348           371           387 
 376           376           391           334           383           364           388           329 
 364           411           380           350           340           377           354           336 
 354           302           349           313           322           281           346           324 
 312           313           286           316           288           322           302           258 
 277           259           263           281           262           258           296           279 
 282           268           234           261           280           259           248           251 
 264           243           231           255           249           224           237           273 
 238           258           247           265           224           228           227           238 
 248           263           200           228           221           252           217           224 
 224           238           228           234           216           198           210           241 
 256           238           253           208           214           263           245           217 
 236           263           271           273           237           280           329           307 
 382           377           332           374           393           423           456           444 
 502           493           552           518           547           542           596           558 
 622           626           647           626           644           639           617           667 
 645           653           628           659           637           622           588           533 
 545           555           539           511           487           488           454           451 
 400           411           383           388           326           341           305           307 
 281           300           280           249           257           256           248           235 
 229           216           243           209           223           227           242           251 
 241           243           245           259           272           295           280           318 
 323           334           354           366           390           417           401           430 
 431           445           484           450           444           481           494           532 
 448           520           504           486           508           495           476           469 
 455           456           469           452           423           389           399           381 
 341           366           335           343           320           310           284           309 
 268           242           218           213           199           213           210           183 
 159           151           174           132           128           115           122           88 
 104           112           79            116           82            81            80            72 
 69            75            59            47            65            53            44            45 
 44            39            38            45            44            34            36            34 
 34            25            35            30            12            27            25            18 
 28            17            18            11            19            17            17            23 
 24            21            21            17            15            13            14            13 
 27            21            12            21            12            14            16            14 
 14            17            16            15            9             15            22            20 
 18            15            8             13            11            12            11            22 
 13            17            17            19            14            16            6             17 
 7             10            16            12            11            6             11            16 
 15            19            12            10            14            11            17            15 
 9             13            10            11            14            16            14            13 
 16            14            11            11            15            20            11            10 
 9             11            9             9             11            10            13            15 
 13            12            24            12            10            14            10            9 
 16            15            8             8             12            15            9             8 
 14            8             12            15            10            9             21            6 
 9             7             10            14            7             15            12            5 
 11            7             6             15            4             9             9             10 
 12            14            9             9             8             13            7             17 
 7             8             6             11            9             13            6             9 
 12            8             8             6             8             7             14            5 
 11            12            9             11            8             6             13            8 
 9             10            10            7             5             11            5             10 
 7             8             14            9             9             8             7             9 
 13            9             6             18            11            7             12            8 
 6             11            9             6             9             6             12            5 
 8             10            4             13            4             10            9             9 
 7             5             8             7             7             10            9             8 
 9             11            13            9             6             5             5             5 
 7             9             9             4             10            8             7             8 
 7             10            11            7             8             9             10            11 
 5             7             7             7             8             5             5             5 
 9             5             6             7             12            5             12            10 
 5             4             6             8             4             8             8             6 
 5             5             15            8             7             4             4             3 
 7             12            6             11            9             10            8             7 
 6             9             10            7             4             10            8             6 
 8             10            13            9             3             3             9             7 
 7             5             8             2             13            11            9             7 
 9             6             7             10            7             7             9             8 
 6             4             8             10            8             12            6             6 
 12            10            4             6             4             9             8             2 
 9             6             7             7             6             5             7             7 
 12            7             5             6             7             11            12            6 
 3             6             4             4             3             1             5             3 
 9             3             5             8             8             4             7             5 
 6             6             3             5             6             4             2             3 
 2             6             2             1             1             2             3             4 
 0             4             3             1             4             2             4             3 
