$SPEC_ID:
bMCA Spectrum
$DATE_MEA:
07-07-2022  14:32:55
$MEAS_TIM:
 116.66        120
$DEVICE_ID:
bMCA 06201013
$ACQ_SETTINGS:
 2             120           1000          4             4095 
$HRDW_PARAMS:
PHA
 800
 3             3276          5 
 7             0             1023 
 80            25            45 
 1             1 
$SPEC_CAL:
-7.930157      2.249046      0
$MCA_CAL:
3
-7.930157      2.249046      0
$ROI:
 553           618           16711935      1            60Co
 46            75            33023         1            57Co
$DATA:
 0             1023 
 4             12            20            40            81            112           150           214 
 263           303           351           379           368           363           401           422 
 475           464           533           581           584           605           610           590 
 549           568           510           545           555           577           625           592 
 661           753           833           856           887           934           1003          1008 
 1003          976           1115          1079          1276          1325          1536          1848 
 2309          2832          3239          3768          4098          4366          4529          4598 
 4534          4432          4427          4380          4361          4420          4538          4735 
 4642          4380          4077          3513          3052          2475          1927          1726 
 1342          1134          939           770           692           658           618           610 
 597           554           516           583           553           552           530           529 
 578           531           534           555           578           593           583           580 
 529           633           637           614           632           597           612           576 
 631           636           667           659           634           687           639           604 
 612           632           621           655           621           593           567           627 
 558           529           619           578           540           553           545           533 
 517           526           538           519           532           523           542           503 
 519           509           498           480           468           461           518           480 
 493           497           456           471           429           467           421           446 
 465           426           439           456           430           443           394           425 
 421           450           425           406           390           407           375           403 
 377           385           390           453           390           391           349           402 
 359           369           373           375           362           362           340           353 
 352           365           365           354           340           343           348           404 
 350           349           364           355           371           321           372           359 
 387           346           325           352           348           377           332           340 
 347           335           357           310           345           369           362           329 
 298           375           321           341           305           320           335           318 
 312           291           381           358           326           316           333           343 
 312           317           337           340           325           340           311           358 
 303           336           309           315           300           316           317           313 
 352           325           338           348           323           352           345           348 
 326           333           312           325           315           326           299           324 
 348           321           329           313           308           334           342           340 
 350           315           329           346           330           314           343           324 
 366           328           298           325           347           354           361           343 
 300           353           334           351           331           304           355           353 
 311           339           366           340           353           345           336           365 
 373           335           353           358           373           340           338           343 
 333           326           347           335           369           342           339           356 
 317           324           368           346           353           388           359           379 
 369           339           353           359           322           356           361           376 
 322           343           354           378           326           404           348           376 
 329           370           349           341           356           383           353           386 
 343           381           381           398           350           407           396           356 
 356           365           402           385           369           412           392           408 
 377           390           411           368           430           433           417           405 
 370           426           421           413           419           393           417           415 
 411           400           425           427           404           428           461           397 
 438           401           394           431           436           409           424           414 
 419           421           402           420           384           414           407           430 
 386           366           407           400           342           379           370           325 
 393           345           371           371           367           330           312           305 
 326           291           325           318           299           322           315           321 
 289           314           267           287           272           254           247           280 
 280           293           311           239           260           254           292           260 
 270           265           288           256           253           279           268           280 
 257           262           251           245           243           279           276           239 
 249           230           232           243           261           240           254           270 
 237           267           265           240           244           266           248           264 
 219           252           253           281           301           283           291           279 
 339           335           373           375           382           454           405           476 
 468           473           492           523           547           532           610           595 
 639           596           643           705           711           670           762           696 
 669           706           700           768           733           691           724           676 
 696           689           673           636           619           588           603           508 
 533           515           547           503           461           442           417           379 
 385           376           337           334           337           295           266           248 
 295           270           257           293           234           292           261           239 
 249           256           276           256           291           268           330           309 
 301           335           368           356           340           393           386           421 
 442           405           449           496           506           514           554           495 
 460           552           537           544           530           544           613           567 
 561           554           532           564           478           480           558           486 
 498           453           399           420           435           424           393           404 
 334           317           336           359           319           271           274           255 
 216           224           212           224           164           176           163           166 
 142           106           124           124           100           113           121           107 
 79            72            69            80            70            69            64            66 
 51            54            61            42            39            30            32            33 
 36            45            34            31            30            28            34            19 
 24            31            21            26            25            28            14            19 
 22            19            15            19            18            16            16            25 
 12            17            18            21            20            21            21            20 
 15            21            16            19            12            19            12            19 
 11            23            21            14            14            12            15            25 
 12            16            15            15            25            14            10            9 
 18            15            24            18            13            14            13            18 
 17            19            17            13            14            11            11            13 
 13            11            16            10            9             16            19            13 
 10            11            16            19            14            12            11            13 
 13            14            10            10            8             16            13            14 
 10            12            11            8             17            7             12            12 
 13            12            15            4             13            14            12            17 
 13            7             10            20            20            17            6             11 
 7             9             11            15            8             15            6             19 
 7             12            7             10            12            20            10            15 
 11            8             12            8             14            10            9             13 
 14            14            15            7             9             12            9             20 
 6             6             12            10            16            11            6             11 
 11            19            10            12            6             6             8             6 
 9             5             8             7             7             9             15            8 
 10            12            15            7             10            8             7             5 
 6             18            10            11            10            10            12            8 
 11            8             6             7             12            4             9             11 
 9             10            9             11            14            10            9             12 
 9             12            7             10            3             12            9             4 
 12            5             7             15            9             9             11            10 
 12            10            12            17            5             7             8             7 
 6             9             15            6             15            6             9             8 
 12            12            14            7             8             12            13            14 
 8             8             11            12            7             7             4             6 
 14            8             7             8             8             15            9             7 
 12            8             8             7             4             7             6             5 
 11            9             8             5             5             4             14            2 
 5             13            13            5             7             5             6             7 
 12            9             8             7             7             8             7             12 
 12            4             6             5             12            11            16            12 
 11            6             11            6             9             5             6             6 
 12            9             6             7             5             10            12            7 
 12            11            7             6             10            6             12            10 
 10            10            10            9             13            12            3             12 
 7             7             9             12            13            11            6             8 
 6             10            6             7             6             5             4             8 
 11            6             12            7             7             10            8             5 
 4             2             5             7             8             4             6             3 
 4             5             3             3             1             2             2             6 
 5             0             0             1             2             6             3             5 
