$SPEC_ID:
bMCA Spectrum
$DATE_MEA:
07-07-2022  14:30:54
$MEAS_TIM:
 116.655       120
$DEVICE_ID:
bMCA 06201013
$ACQ_SETTINGS:
 2             120           1000          4             4095 
$HRDW_PARAMS:
PHA
 800
 3             3276          5 
 7             0             1023 
 80            25            45 
 1             1 
$SPEC_CAL:
-7.930157      2.249046      0
$MCA_CAL:
3
-7.930157      2.249046      0
$ROI:
 553           618           16711935      1            60Co
 46            75            33023         1            57Co
$DATA:
 0             1023 
 4             12            19            44            73            111           164           208 
 257           312           339           372           354           411           403           413 
 478           491           521           592           549           624           596           592 
 534           551           573           570           559           570           615           614 
 630           717           802           850           918           913           954           1075 
 1012          1072          1093          1099          1242          1304          1515          1926 
 2219          2804          3287          3673          4229          4466          4579          4442 
 4607          4359          4179          4314          4335          4548          4729          4684 
 4624          4429          4079          3583          3051          2489          1997          1763 
 1375          1184          910           871           751           663           616           574 
 557           589           564           572           494           521           511           588 
 553           508           569           547           589           587           580           594 
 559           594           594           585           587           606           636           627 
 643           670           687           661           675           640           616           641 
 607           620           616           650           586           633           590           603 
 551           588           594           592           537           554           504           542 
 535           557           498           526           493           530           518           507 
 494           492           469           471           474           475           515           509 
 470           479           458           464           461           439           458           478 
 438           475           469           441           417           470           427           397 
 441           441           450           424           424           421           379           399 
 376           402           389           381           386           412           337           385 
 337           360           404           349           392           382           369           336 
 402           382           394           355           377           343           345           320 
 390           328           358           334           309           358           353           346 
 388           334           352           339           333           336           357           352 
 300           358           324           343           333           363           367           330 
 320           323           339           347           343           334           346           330 
 319           324           356           344           309           373           339           318 
 321           327           330           327           304           312           365           307 
 344           346           330           345           322           316           323           328 
 321           344           312           321           330           300           338           345 
 324           328           324           308           320           310           315           333 
 301           311           345           301           309           312           337           321 
 314           329           361           313           304           334           345           341 
 317           320           340           319           322           333           314           343 
 349           376           359           337           303           309           380           355 
 320           351           359           359           332           348           369           369 
 353           351           349           347           363           328           354           297 
 324           357           314           342           359           324           367           351 
 320           348           358           366           328           350           331           361 
 337           321           357           376           402           376           356           347 
 378           343           353           337           349           345           355           361 
 310           381           341           338           368           375           378           368 
 327           391           353           397           385           332           386           355 
 363           349           400           396           387           408           372           345 
 374           414           404           415           405           410           441           485 
 405           418           373           402           413           419           392           416 
 419           411           401           443           433           417           407           385 
 453           408           456           385           415           397           425           411 
 409           443           414           446           455           403           412           427 
 379           348           388           349           370           379           416           367 
 352           371           348           320           350           351           335           321 
 337           324           326           308           297           301           325           280 
 276           301           295           267           288           294           273           270 
 286           257           243           286           296           264           271           261 
 263           248           269           279           270           279           242           239 
 260           281           243           265           273           264           255           270 
 252           257           253           236           248           262           253           236 
 246           238           250           245           235           253           248           238 
 264           243           308           253           287           279           323           303 
 307           277           334           378           432           412           419           427 
 439           508           510           524           563           602           580           615 
 609           621           640           684           665           688           791           715 
 710           727           676           723           725           713           650           684 
 630           663           686           632           669           568           601           543 
 507           511           490           477           440           447           426           398 
 414           372           368           311           317           318           311           289 
 297           272           259           252           244           233           274           269 
 249           263           270           283           246           279           299           306 
 324           355           323           384           384           396           386           404 
 473           500           444           480           445           495           535           543 
 532           537           535           551           558           543           527           540 
 581           542           550           531           557           532           564           519 
 513           461           454           452           450           384           397           365 
 365           347           363           289           290           282           255           230 
 266           211           198           205           186           207           202           138 
 150           137           142           126           122           99            106           98 
 87            88            95            94            69            82            73            69 
 52            56            50            43            53            43            47            48 
 33            32            45            39            38            34            31            22 
 22            23            26            29            23            21            20            21 
 17            21            25            21            16            16            16            21 
 24            17            18            17            10            15            13            17 
 18            22            12            20            14            19            29            15 
 11            21            10            12            17            13            14            13 
 23            22            21            23            13            12            9             11 
 16            12            17            16            11            21            17            13 
 11            15            16            13            11            15            11            15 
 17            21            9             9             15            14            11            14 
 11            12            19            18            11            14            12            12 
 14            14            13            14            10            11            12            17 
 12            15            16            11            17            10            12            15 
 8             11            11            10            9             11            10            11 
 15            10            7             18            17            8             15            14 
 9             11            12            9             10            8             11            12 
 13            12            16            11            11            13            9             13 
 9             11            7             12            15            9             14            13 
 15            12            8             6             11            13            11            14 
 15            9             10            11            9             8             16            10 
 8             15            11            11            9             13            12            13 
 12            9             17            13            12            11            11            6 
 8             10            9             9             16            9             12            8 
 9             12            12            10            10            6             9             6 
 9             8             17            8             12            16            13            7 
 8             11            9             16            7             8             13            9 
 10            7             6             12            9             12            8             12 
 11            10            11            7             6             10            13            5 
 9             7             6             10            17            10            8             13 
 8             13            6             5             11            7             9             10 
 6             10            8             11            12            13            7             6 
 8             10            11            9             4             13            13            11 
 12            8             10            10            11            8             11            8 
 10            9             9             6             11            6             9             10 
 10            6             11            11            8             11            9             4 
 5             12            9             3             13            6             10            6 
 14            14            9             8             8             4             7             12 
 6             13            11            4             7             10            18            8 
 12            8             7             7             11            8             9             6 
 6             7             9             9             12            8             14            7 
 13            11            12            5             9             12            13            11 
 10            15            9             7             7             10            7             8 
 8             11            8             9             11            12            12            8 
 9             9             9             8             12            14            6             6 
 7             2             5             7             8             5             9             7 
 5             5             9             8             6             4             4             10 
 7             2             6             8             3             7             3             5 
 4             2             4             5             0             2             2             7 
