$SPEC_ID:
bMCA Spectrum
$DATE_MEA:
07-05-2022  12:44:56
$MEAS_TIM:
 116.53        120
$DEVICE_ID:
bMCA 06201013
$ACQ_SETTINGS:
 2             120           1000          4             4095 
$HRDW_PARAMS:
PHA
 800
 3             3276          5 
 7             0             1023 
 80            25            45 
 1             1 
$SPEC_CAL:
-2.996172      2.07587       2.903056E-04
$MCA_CAL:
3
-2.996172      2.07587       2.903056E-04
$ROI:
 553           618           16711935      1            60Co
 46            75            33023         1            57Co
$DATA:
 0             1023 
 6             12            16            47            79            118           139           234 
 233           289           306           348           405           385           439           440 
 492           508           559           548           603           571           576           648 
 611           567           535           643           566           568           590           622 
 640           712           722           753           815           866           931           926 
 943           986           1026          1004          1144          1251          1430          1546 
 1857          2257          2667          3017          3362          3520          3631          3620 
 3604          3498          3479          3416          3522          3500          3572          3663 
 3717          3492          3135          2951          2536          2054          1712          1360 
 1151          992           837           742           736           716           694           613 
 626           608           621           572           583           603           564           539 
 615           600           609           618           597           592           645           645 
 661           677           645           641           748           675           735           677 
 732           755           770           742           720           727           701           709 
 689           681           677           720           667           612           698           626 
 602           629           624           642           641           634           614           612 
 582           634           602           550           547           585           557           585 
 539           530           543           531           551           565           517           538 
 534           514           528           541           555           517           493           461 
 505           456           464           487           463           422           474           447 
 457           504           450           446           451           439           468           446 
 464           458           420           402           418           416           442           394 
 477           430           400           408           438           420           401           413 
 382           413           430           440           429           413           419           383 
 399           370           403           402           388           395           389           399 
 409           365           371           390           387           396           373           389 
 357           387           374           363           366           396           383           377 
 365           408           416           356           418           389           364           377 
 418           372           373           408           373           394           366           348 
 371           364           367           370           381           406           382           370 
 330           369           405           369           379           371           368           365 
 375           409           367           383           344           397           409           388 
 379           365           361           394           369           394           351           355 
 375           349           370           389           394           355           372           356 
 387           413           366           367           391           362           383           376 
 359           362           370           381           370           403           395           397 
 383           387           396           377           398           382           371           377 
 366           377           422           385           370           394           391           399 
 368           384           387           426           371           393           378           439 
 403           390           411           410           372           396           410           368 
 409           422           376           385           388           426           391           399 
 376           389           409           423           390           404           372           441 
 379           412           390           406           442           429           453           390 
 410           417           409           418           453           405           452           386 
 404           478           409           437           396           452           447           434 
 416           430           450           444           445           443           469           490 
 424           433           440           427           461           448           477           468 
 436           451           500           456           442           474           459           467 
 446           510           465           470           509           455           466           484 
 452           473           533           487           492           508           447           545 
 498           504           500           481           461           456           509           447 
 473           406           470           429           433           403           393           445 
 417           437           414           402           404           394           407           389 
 383           343           330           353           394           364           351           327 
 336           346           324           301           352           329           335           336 
 292           325           326           313           338           288           316           318 
 308           340           302           311           285           304           319           295 
 296           290           305           327           281           316           263           310 
 295           331           319           258           264           283           302           309 
 285           280           275           272           261           281           290           281 
 300           306           332           319           301           306           325           338 
 359           353           378           389           413           466           460           469 
 546           539           558           587           582           602           652           671 
 660           693           703           725           764           821           837           844 
 849           871           868           925           871           796           856           835 
 871           830           766           736           773           782           699           736 
 645           668           609           575           571           558           520           539 
 472           469           419           396           371           368           346           361 
 353           299           296           323           293           292           283           274 
 286           293           266           310           298           309           332           342 
 366           380           380           411           403           404           419           455 
 506           510           510           499           548           586           575           567 
 593           628           647           634           628           658           626           674 
 660           669           621           672           655           639           626           608 
 570           578           529           499           500           494           481           470 
 443           442           419           373           380           386           375           335 
 287           296           268           261           236           218           208           203 
 184           165           170           168           159           143           131           129 
 124           93            115           108           90            84            66            80 
 71            76            72            71            46            62            68            44 
 45            54            37            39            38            46            32            32 
 33            32            39            34            28            41            27            29 
 33            21            23            28            32            28            17            19 
 25            27            25            21            21            22            24            26 
 18            23            16            26            24            22            20            27 
 22            23            21            20            21            18            18            22 
 23            24            23            22            22            20            18            20 
 20            19            12            22            22            25            21            25 
 16            18            22            18            16            19            19            17 
 17            21            11            16            13            21            19            15 
 18            22            19            14            18            14            23            12 
 19            22            22            16            16            20            21            18 
 11            17            19            18            16            15            5             23 
 14            18            21            12            18            11            14            14 
 8             20            17            9             18            16            14            15 
 18            22            12            17            20            13            15            20 
 10            23            16            13            13            14            10            8 
 12            10            16            15            13            15            11            15 
 20            11            12            11            15            20            15            19 
 16            16            14            14            18            18            11            8 
 12            23            16            14            15            16            15            9 
 19            12            10            16            13            9             14            6 
 17            11            10            8             16            10            7             14 
 11            17            10            16            14            11            13            12 
 14            18            13            18            15            16            11            10 
 11            13            15            15            8             9             9             9 
 11            9             8             17            13            24            18            9 
 7             12            14            19            15            12            13            17 
 14            7             10            10            16            8             10            14 
 13            11            9             7             9             7             7             19 
 13            12            13            10            14            12            11            12 
 10            4             6             14            12            8             15            14 
 12            8             12            6             10            12            12            13 
 17            9             10            11            8             8             10            7 
 14            13            17            12            16            12            15            9 
 8             12            14            4             7             12            10            16 
 9             10            9             7             13            8             13            14 
 17            16            14            17            15            11            14            18 
 12            9             17            9             12            14            11            11 
 12            9             16            9             14            14            16            10 
 20            10            9             11            17            12            14            10 
 14            8             11            12            15            10            10            9 
 9             10            12            10            10            15            15            11 
 8             12            10            12            8             17            8             13 
 11            14            12            12            13            11            9             11 
 10            9             10            8             6             7             11            7 
 3             6             12            9             8             4             7             6 
 3             4             8             6             7             7             8             4 
