$SPEC_ID:
bMCA Spectrum
$DATE_MEA:
07-05-2022  11:42:56
$MEAS_TIM:
 52.85         60
$DEVICE_ID:
bMCA 06201013
$ACQ_SETTINGS:
 2             60            1000          4             4095 
$HRDW_PARAMS:
PHA
 800
 3             3276          5 
 7             0             1023 
 80            25            45 
 1             1 
$SPEC_CAL:
-2.996172      2.07587       2.903056E-04
$MCA_CAL:
3
-2.996172      2.07587       2.903056E-04
$ROI:
 267           333           32768         1            137Cs
 553           618           16711935      1            60Co
 15            45            255           1            241Am
$DATA:
 0             1023 
 96            168           310           679           1246          2084          3386          4921 
 6224          7281          7318          6967          6465          5768          5543          5697 
 6332          7699          9669          12099         15356         18772         22539         24938 
 26099         25671         24214         21734         19202         17486         16705         17025 
 18921         21181         23278         24664         23807         21205         16982         12499 
 8399          4915          2826          1656          997           704           631           569 
 607           594           551           580           578           595           578           568 
 586           508           573           475           530           478           464           479 
 509           467           508           483           480           462           450           430 
 398           399           386           403           389           397           414           393 
 402           403           397           393           390           427           397           406 
 433           385           424           426           426           428           446           447 
 498           493           488           507           479           502           468           519 
 480           468           489           496           477           483           491           491 
 488           451           465           414           484           492           446           426 
 411           373           428           390           377           409           408           409 
 415           397           362           356           358           404           387           377 
 349           329           352           349           354           359           360           340 
 352           347           334           359           297           330           319           347 
 322           325           330           334           301           276           298           293 
 322           324           312           328           321           338           295           306 
 315           318           303           307           289           288           324           281 
 292           313           284           298           260           262           283           287 
 235           306           282           277           258           320           316           308 
 263           268           288           305           264           291           285           282 
 303           296           257           293           283           272           273           264 
 250           247           242           259           247           236           229           232 
 246           231           257           219           220           196           233           212 
 240           206           229           217           204           215           190           243 
 196           200           225           218           219           215           208           218 
 202           206           194           214           167           205           184           172 
 196           222           179           204           201           191           231           193 
 190           190           220           198           200           227           198           206 
 199           212           217           220           201           209           211           241 
 232           244           260           263           300           315           310           345 
 350           351           387           370           421           448           441           469 
 490           491           495           531           515           555           596           577 
 621           549           602           565           566           587           599           567 
 584           530           520           485           530           444           440           433 
 412           396           383           356           326           330           333           281 
 279           308           293           255           291           268           269           254 
 235           215           210           251           240           215           225           220 
 217           216           207           194           189           191           203           226 
 193           195           193           201           216           207           207           193 
 247           204           212           210           186           229           198           203 
 246           229           230           224           224           226           213           225 
 215           213           227           238           236           229           198           212 
 193           227           259           208           227           236           266           229 
 235           230           256           257           243           266           224           243 
 268           211           236           262           228           235           229           254 
 213           235           233           233           246           242           200           216 
 210           227           214           217           239           219           219           223 
 223           229           213           183           196           199           201           198 
 190           175           179           185           216           187           176           184 
 170           177           155           149           187           157           156           154 
 161           147           140           157           154           160           171           142 
 151           144           166           156           156           146           147           148 
 150           145           158           157           139           126           134           163 
 159           155           146           159           122           146           140           127 
 123           120           133           142           131           142           134           143 
 143           140           166           156           166           173           168           155 
 158           182           203           228           217           241           223           236 
 245           257           264           297           291           288           332           328 
 335           374           355           363           406           419           425           397 
 413           440           469           377           412           416           416           400 
 421           399           402           384           355           414           384           305 
 313           349           318           297           292           282           256           260 
 210           245           226           212           206           180           188           155 
 174           132           153           148           134           163           133           161 
 151           144           165           143           149           153           170           161 
 169           169           189           186           202           190           217           221 
 238           259           212           264           240           283           255           275 
 305           305           300           327           278           350           311           331 
 335           323           334           304           291           328           325           309 
 283           299           294           295           242           257           259           224 
 225           215           197           189           202           193           162           164 
 118           150           146           123           124           111           89            99 
 91            111           90            81            84            73            69            57 
 56            57            47            48            36            50            35            44 
 33            37            27            30            29            35            40            32 
 23            15            20            30            12            21            21            22 
 26            26            28            17            16            14            20            12 
 10            15            22            16            17            7             11            12 
 15            16            5             16            11            8             9             18 
 14            12            11            12            13            10            7             6 
 19            13            9             8             7             15            13            12 
 10            13            14            8             13            14            12            15 
 8             12            5             9             5             8             18            17 
 11            10            6             6             12            4             11            9 
 17            7             7             6             8             9             14            7 
 14            8             12            3             6             7             12            11 
 11            12            8             4             10            13            8             7 
 6             2             10            8             9             9             9             12 
 4             7             8             13            10            5             8             12 
 6             5             8             10            9             16            11            9 
 8             8             8             6             10            11            8             13 
 6             7             3             6             3             14            6             11 
 8             7             9             11            6             6             7             8 
 7             5             5             9             11            6             8             10 
 5             12            4             5             5             7             7             8 
 7             11            6             8             6             5             9             11 
 8             5             8             5             9             8             7             4 
 11            1             11            3             9             12            8             6 
 4             11            8             5             5             4             5             8 
 6             6             9             13            6             6             6             10 
 4             8             7             11            4             2             10            6 
 11            5             9             8             2             3             4             11 
 6             4             7             7             6             8             6             8 
 8             9             2             8             8             7             5             11 
 8             7             6             8             3             4             6             5 
 3             10            7             2             4             9             1             8 
 4             9             7             3             4             11            5             7 
 6             5             3             5             5             6             8             3 
 2             5             12            11            7             5             9             4 
 7             3             7             5             3             6             5             9 
 2             6             4             9             4             8             3             8 
 8             3             7             7             5             4             8             4 
 3             9             6             9             9             4             3             4 
 8             7             8             7             5             4             4             6 
 9             9             5             3             8             4             8             7 
 5             4             4             8             6             7             6             7 
 3             9             9             9             10            7             7             6 
 4             9             5             11            8             3             5             5 
 2             5             8             6             7             4             8             5 
 6             3             3             4             2             7             7             1 
 2             10            6             4             5             5             2             1 
 1             1             4             4             4             4             2             4 
 4             1             2             5             5             1             1             1 
