$SPEC_ID:
bMCA Spectrum
$DATE_MEA:
07-05-2022  11:50:26
$MEAS_TIM:
 105.72        120
$DEVICE_ID:
bMCA 06201013
$ACQ_SETTINGS:
 2             120           1000          4             4095 
$HRDW_PARAMS:
PHA
 800
 3             3276          5 
 7             0             1023 
 80            25            45 
 1             1 
$SPEC_CAL:
-2.996172      2.07587       2.903056E-04
$MCA_CAL:
3
-2.996172      2.07587       2.903056E-04
$ROI:
 267           333           32768         1            137Cs
 553           618           16711935      1            60Co
 15            45            255           1            241Am
$DATA:
 0             1023 
 225           347           609           1239          2456          4291          6721          9679 
 12431         14195         14838         13804         12595         11574         11096         11467 
 12501         15466         19029         24070         31204         37987         44863         49858 
 52375         51562         48322         43305         38511         34796         33742         34200 
 37690         42004         46669         49042         47300         42556         34369         24967 
 16338         9831          5550          3222          2098          1481          1286          1206 
 1121          1178          1156          1188          1205          1233          1208          1100 
 1051          1145          1030          969           1008          964           975           965 
 941           1020          927           961           912           914           775           827 
 828           877           764           769           784           787           805           820 
 801           746           783           823           834           740           822           807 
 902           848           880           885           908           910           922           917 
 922           983           912           908           977           1008          926           1004 
 921           986           982           1008          989           966           961           889 
 982           997           942           967           916           906           925           905 
 867           853           812           851           816           861           807           792 
 836           727           755           770           785           701           752           739 
 707           731           712           748           698           670           721           669 
 635           675           697           622           641           662           651           597 
 643           631           649           624           630           615           659           656 
 589           605           635           628           651           560           613           591 
 618           610           604           572           602           613           607           589 
 619           616           622           553           565           579           544           594 
 554           604           629           583           602           635           582           570 
 561           571           565           524           578           545           568           527 
 585           550           558           541           568           521           514           539 
 545           534           475           506           517           532           464           464 
 454           464           450           472           451           441           448           462 
 438           423           451           445           423           387           452           409 
 394           422           411           389           400           408           416           382 
 370           405           382           384           426           404           436           389 
 357           396           372           408           394           355           421           391 
 405           367           369           410           391           401           429           431 
 407           395           407           412           449           442           471           473 
 495           494           523           526           554           582           578           691 
 658           712           748           848           870           871           897           918 
 935           986           1044          1032          1121          1094          1169          1212 
 1124          1143          1125          1138          1138          1126          1113          1083 
 1147          1040          1036          993           968           914           893           904 
 839           781           783           740           720           648           606           650 
 604           563           549           549           521           514           497           451 
 467           439           465           448           462           384           440           407 
 433           448           442           393           438           404           413           420 
 405           401           427           424           424           454           440           411 
 433           419           426           438           394           430           394           445 
 441           413           454           415           438           468           449           458 
 471           395           448           463           405           446           454           458 
 436           483           483           463           457           480           483           443 
 499           455           464           488           445           490           446           494 
 436           441           480           458           465           498           453           470 
 484           442           501           441           467           464           473           473 
 469           466           465           451           439           407           416           437 
 420           409           425           387           394           389           382           426 
 402           370           365           357           396           346           336           298 
 315           336           357           315           331           303           344           324 
 321           350           335           348           309           310           304           329 
 320           335           313           290           317           307           290           299 
 301           316           278           280           304           284           284           291 
 283           279           275           283           300           309           296           300 
 261           300           303           267           254           272           280           291 
 302           265           284           284           318           298           321           320 
 342           357           371           391           415           460           458           466 
 531           481           542           523           567           620           585           612 
 654           743           711           720           803           801           761           807 
 792           838           850           848           866           863           778           804 
 867           757           827           744           765           745           743           703 
 709           641           669           622           624           572           519           517 
 464           447           468           391           394           364           332           380 
 343           319           334           315           295           294           305           296 
 301           286           338           319           306           300           289           349 
 330           313           366           387           390           389           391           422 
 449           465           518           532           507           525           537           559 
 583           619           603           630           586           642           663           654 
 616           656           594           699           652           600           626           615 
 594           562           574           544           564           515           465           437 
 466           414           387           403           355           339           357           322 
 308           320           320           268           258           216           232           213 
 203           180           172           148           138           164           150           135 
 123           115           105           112           97            87            86            73 
 88            66            69            87            70            57            61            51 
 61            61            46            45            56            37            41            29 
 39            35            31            32            39            39            31            36 
 40            32            30            25            39            22            30            31 
 25            20            15            30            25            16            21            33 
 24            16            23            20            21            23            24            25 
 24            25            19            24            24            29            26            22 
 28            20            24            30            24            22            18            37 
 19            23            24            28            12            21            25            13 
 28            19            21            24            27            19            26            24 
 14            25            18            16            19            17            17            27 
 19            23            18            22            23            25            19            22 
 18            25            18            18            16            24            23            19 
 22            17            28            14            24            19            23            22 
 12            20            18            16            26            12            12            20 
 20            15            16            17            12            18            20            16 
 19            22            9             20            25            20            14            20 
 20            18            15            15            29            20            16            23 
 19            20            15            12            18            17            15            12 
 14            13            14            16            7             14            21            20 
 14            21            17            20            18            19            18            15 
 8             17            15            13            16            10            15            19 
 11            18            18            13            9             9             15            15 
 18            15            18            22            18            18            17            12 
 13            20            18            15            10            18            10            28 
 15            13            12            14            11            8             16            17 
 13            11            16            17            18            17            13            9 
 12            17            10            13            15            17            14            8 
 14            13            12            15            22            15            18            11 
 10            16            11            10            14            18            11            9 
 11            15            10            11            19            13            14            6 
 11            9             6             10            8             10            9             13 
 4             22            12            16            20            19            16            18 
 12            14            13            22            12            9             13            11 
 17            8             11            7             14            9             14            14 
 17            17            17            13            15            12            19            19 
 17            15            12            14            10            7             17            18 
 9             8             8             12            21            11            15            8 
 15            15            10            13            13            13            13            12 
 6             18            13            11            9             14            14            14 
 9             15            19            16            7             20            13            20 
 14            14            15            10            10            16            8             21 
 14            11            16            5             22            4             19            12 
 10            8             12            16            6             12            6             11 
 8             12            10            17            11            10            12            9 
 11            8             11            10            13            10            6             10 
 16            15            1             11            7             6             12            8 
 8             4             7             6             10            6             10            5 
 5             4             5             6             6             4             5             2 
