$SPEC_ID:
bMCA Spectrum
$DATE_MEA:
07-08-2022  09:30:17
$MEAS_TIM:
 106.55        120
$DEVICE_ID:
bMCA 06201013
$ACQ_SETTINGS:
 2             120           1000          4             4095 
$HRDW_PARAMS:
PHA
 800
 3             3276          5 
 7             0             1023 
 80            25            45 
 1             1 
$SPEC_CAL:
-7.930157      2.249046      0
$MCA_CAL:
3
-7.930157      2.249046      0
$ROI:
 267           333           32768         1            137Cs
 553           618           16711935      1            60Co
 15            45            255           1            241Am
$DATA:
 0             1023 
 172           309           564           1154          2207          3942          6509          9458 
 12264         13969         14300         13383         12196         11021         10487         11124 
 12777         15549         19532         25318         31806         38778         45297         49855 
 51664         50614         46467         41352         36766         33624         33250         35264 
 38966         43870         47499         47877         44943         38076         29007         20105 
 12200         6910          3824          2330          1584          1285          1225          1160 
 1111          1137          1151          1224          1233          1128          1143          1082 
 1050          1043          1002          987           924           945           926           935 
 930           950           941           870           859           869           791           820 
 765           731           733           767           783           794           748           787 
 833           814           826           817           854           857           790           847 
 853           881           871           887           877           908           902           868 
 906           884           902           912           913           883           890           925 
 922           904           921           900           882           935           871           865 
 851           862           831           816           810           809           783           781 
 816           786           747           803           759           711           766           742 
 671           682           681           735           759           705           705           662 
 689           674           641           681           705           640           658           613 
 622           634           598           618           635           598           623           638 
 605           602           574           645           572           595           577           589 
 620           593           601           590           572           580           611           565 
 546           597           549           513           538           567           518           600 
 529           530           543           516           536           576           587           527 
 558           564           549           551           569           502           525           593 
 506           553           543           476           545           488           516           549 
 535           519           516           567           486           479           498           478 
 455           448           442           426           419           390           430           409 
 408           371           374           378           370           399           392           399 
 342           385           332           329           352           359           362           392 
 322           360           351           356           340           323           343           352 
 346           307           331           359           344           314           317           302 
 357           326           344           318           321           344           351           306 
 346           331           334           364           355           362           357           339 
 372           407           399           384           411           424           423           474 
 520           525           539           621           650           678           751           762 
 774           875           897           932           1014          1037          1072          1120 
 1155          1176          1283          1291          1273          1295          1319          1382 
 1258          1249          1319          1243          1225          1171          1137          1112 
 1043          941           1004          961           885           825           805           735 
 736           649           619           577           537           553           527           496 
 479           453           471           410           432           412           381           415 
 368           341           364           394           361           355           353           327 
 365           315           325           346           327           365           333           342 
 323           298           339           328           353           367           352           328 
 352           333           333           351           343           336           346           353 
 339           337           347           314           377           380           372           361 
 385           346           393           329           380           339           366           388 
 342           374           367           380           397           382           375           394 
 410           346           376           352           342           326           389           389 
 381           384           391           335           394           398           374           361 
 385           394           381           326           352           363           336           367 
 333           344           348           313           316           300           341           309 
 334           341           317           310           329           291           288           290 
 258           274           293           254           266           303           262           245 
 272           260           280           273           231           262           251           261 
 279           229           276           246           230           255           252           233 
 243           218           257           236           245           224           208           222 
 247           208           250           193           246           237           244           236 
 250           245           213           227           229           195           222           240 
 220           221           234           214           225           230           263           228 
 258           236           273           296           285           304           295           337 
 315           365           385           395           423           406           455           472 
 468           493           456           518           598           537           540           568 
 580           585           633           663           599           630           657           658 
 661           620           653           644           614           574           573           550 
 512           533           570           551           505           469           446           420 
 435           426           413           400           344           300           358           307 
 298           280           297           257           237           243           246           249 
 220           251           211           229           216           191           212           221 
 240           309           253           300           286           262           312           325 
 298           360           367           351           409           418           402           424 
 410           446           464           506           474           502           515           460 
 485           478           492           478           491           505           463           457 
 487           459           433           413           413           419           438           403 
 369           351           369           338           289           298           288           255 
 262           269           242           201           235           221           191           159 
 179           154           151           143           127           123           123           96 
 108           97            94            101           83            73            70            76 
 75            58            64            45            63            64            57            46 
 43            42            39            41            34            46            41            33 
 31            36            33            27            30            24            27            28 
 19            14            11            25            16            19            16            21 
 19            17            11            15            20            16            14            14 
 12            23            12            7             19            11            16            13 
 22            17            13            13            14            15            22            13 
 15            14            15            21            16            12            10            10 
 17            12            19            9             19            8             11            12 
 11            12            15            8             12            15            14            9 
 19            19            9             8             12            15            20            9 
 10            12            11            13            18            15            10            9 
 20            9             10            13            18            15            11            10 
 10            15            5             12            11            15            7             13 
 5             10            10            10            7             10            9             14 
 9             13            10            12            9             10            12            16 
 8             14            14            7             9             17            5             10 
 13            9             10            4             16            12            12            8 
 7             11            10            6             9             8             10            7 
 10            11            9             8             11            6             12            16 
 10            6             14            11            8             6             11            8 
 11            7             12            9             6             12            12            7 
 11            7             10            11            4             5             7             12 
 8             9             6             13            8             5             7             5 
 5             8             11            8             8             4             11            9 
 10            6             3             15            8             16            10            10 
 2             7             10            9             6             4             9             6 
 11            5             11            5             5             10            10            13 
 14            10            14            8             9             4             2             9 
 9             6             13            11            9             9             9             10 
 11            11            5             14            7             8             9             3 
 8             5             3             9             8             7             4             8 
 11            9             9             7             5             9             8             9 
 7             11            12            7             8             3             10            10 
 3             11            10            9             10            8             9             12 
 9             8             10            9             11            7             11            7 
 7             6             8             6             6             5             6             3 
 8             9             6             8             8             9             10            10 
 7             8             9             7             4             5             6             11 
 7             6             8             10            7             6             5             10 
 9             13            2             8             5             9             4             8 
 8             4             13            6             8             8             9             4 
 10            5             5             7             13            9             10            7 
 4             6             2             5             8             5             6             5 
 6             3             2             9             7             9             4             5 
 5             5             3             5             2             6             3             3 
 4             5             4             5             5             5             7             5 
 6             5             2             3             3             2             4             2 
 3             5             4             5             3             2             3             2 
 3             5             1             2             1             1             3             1 
