$SPEC_ID:
bMCA Spectrum
$DATE_MEA:
07-05-2022  12:48:58
$MEAS_TIM:
 116.545       120
$DEVICE_ID:
bMCA 06201013
$ACQ_SETTINGS:
 2             120           1000          4             4095 
$HRDW_PARAMS:
PHA
 800
 3             3276          5 
 7             0             1023 
 80            25            45 
 1             1 
$SPEC_CAL:
-2.996172      2.07587       2.903056E-04
$MCA_CAL:
3
-2.996172      2.07587       2.903056E-04
$ROI:
 553           618           16711935      1            60Co
 46            75            33023         1            57Co
$DATA:
 0             1023 
 9             12            15            42            85            117           156           189 
 260           296           337           321           343           404           352           408 
 473           492           522           539           609           613           650           616 
 608           556           519           616           569           595           621           611 
 651           673           730           806           820           854           880           914 
 995           993           959           993           1067          1189          1365          1604 
 1901          2198          2701          3001          3266          3466          3687          3630 
 3592          3401          3369          3372          3416          3461          3514          3593 
 3703          3480          3246          2884          2438          1939          1666          1428 
 1210          968           902           819           728           645           635           604 
 600           603           604           568           572           561           591           568 
 570           633           591           623           650           570           585           660 
 651           626           699           697           667           659           658           721 
 697           702           700           717           749           724           682           711 
 771           730           688           677           661           709           655           619 
 656           618           636           640           640           627           578           631 
 587           566           542           598           569           559           558           561 
 586           520           571           564           597           517           485           559 
 514           515           514           527           513           514           472           511 
 507           515           429           488           473           502           474           434 
 464           471           467           454           438           445           449           429 
 448           433           431           450           425           393           424           464 
 464           420           403           418           453           416           402           393 
 393           418           414           414           395           430           413           412 
 399           402           408           403           364           376           388           380 
 393           354           381           375           400           397           410           376 
 388           425           391           382           372           344           372           412 
 398           410           429           360           345           368           380           377 
 400           367           382           378           380           389           391           355 
 368           324           423           382           353           365           348           373 
 379           346           347           399           349           377           385           377 
 361           360           365           374           354           377           375           386 
 413           376           371           370           408           372           344           361 
 364           397           366           387           368           366           398           376 
 348           380           360           370           383           376           390           387 
 371           389           371           343           377           414           387           401 
 394           381           384           399           436           366           403           372 
 394           422           404           391           361           417           387           355 
 357           375           453           381           394           411           388           412 
 385           384           372           418           406           409           389           409 
 415           377           385           389           409           402           419           403 
 379           410           390           431           437           407           393           399 
 419           415           423           410           389           369           411           419 
 436           444           401           371           443           400           442           446 
 364           442           420           426           440           439           399           447 
 445           409           390           453           435           423           468           424 
 445           425           422           447           426           459           466           437 
 467           442           482           463           444           453           493           473 
 464           468           476           451           471           508           493           519 
 482           493           510           491           522           491           474           486 
 478           486           473           492           454           485           480           466 
 436           451           441           452           455           436           445           403 
 410           447           420           376           405           370           394           377 
 348           359           330           338           377           411           397           345 
 322           345           329           333           313           363           314           343 
 306           343           341           277           317           323           286           302 
 288           356           288           342           299           316           321           292 
 287           295           270           313           329           315           328           281 
 309           269           288           285           257           275           280           272 
 330           280           287           284           292           294           282           299 
 314           294           302           298           320           332           315           346 
 340           354           370           424           419           420           453           484 
 510           516           535           578           589           681           607           639 
 706           721           769           802           763           768           782           768 
 864           844           913           877           840           849           897           857 
 824           799           754           755           756           769           734           703 
 700           664           638           624           558           515           546           516 
 501           411           452           370           399           346           343           313 
 331           358           310           311           282           293           298           314 
 283           287           311           289           306           333           316           315 
 368           362           349           384           457           434           415           467 
 465           483           504           544           547           558           586           607 
 597           645           585           634           628           671           652           629 
 656           685           634           670           710           653           603           561 
 594           594           546           508           498           495           490           490 
 491           422           411           406           382           329           352           320 
 297           258           271           266           234           195           204           187 
 175           168           178           164           136           136           138           141 
 133           121           102           87            81            91            71            97 
 71            84            76            59            54            63            55            55 
 49            47            36            41            47            54            34            28 
 32            21            33            35            31            28            31            29 
 27            26            38            33            28            18            27            25 
 21            25            19            26            23            18            21            20 
 26            21            22            20            27            23            24            24 
 29            24            25            19            14            20            28            17 
 21            27            25            23            22            20            17            22 
 24            27            18            16            19            25            18            25 
 24            16            18            26            20            21            15            21 
 19            16            21            14            32            28            13            15 
 17            8             21            17            20            15            19            20 
 13            13            24            22            20            19            11            20 
 25            19            23            20            15            18            17            13 
 12            18            10            16            29            13            14            20 
 22            17            17            15            21            15            14            16 
 18            11            11            24            23            14            14            10 
 20            11            19            18            21            17            15            13 
 18            12            21            18            15            21            12            12 
 11            16            18            11            17            16            17            17 
 14            11            11            19            17            17            23            12 
 13            11            11            20            10            20            17            16 
 18            12            14            21            13            15            14            14 
 14            13            11            14            9             7             20            8 
 17            13            10            17            19            9             12            11 
 9             17            7             14            22            16            13            15 
 15            13            19            12            13            17            7             9 
 8             15            17            14            15            16            11            5 
 17            17            16            9             10            12            15            17 
 14            10            14            11            8             9             11            14 
 14            14            11            14            17            11            9             9 
 11            17            15            9             10            9             10            14 
 6             11            13            14            17            14            16            13 
 11            11            17            14            10            14            20            18 
 16            9             10            12            10            21            9             9 
 10            9             9             10            9             15            10            15 
 12            13            10            13            12            14            11            8 
 12            7             16            13            13            15            14            20 
 13            13            13            12            13            14            20            16 
 10            11            8             17            11            16            19            14 
 10            10            11            9             16            14            14            11 
 17            11            18            13            16            9             15            10 
 11            12            14            11            10            14            7             12 
 17            18            15            9             11            7             11            11 
 12            6             12            14            15            14            11            10 
 8             10            14            11            6             9             12            7 
 6             9             9             7             4             6             7             8 
 5             6             6             7             5             6             7             8 
 3             1             10            1             5             3             2             4 
