$SPEC_ID:
bMCA Spectrum
$DATE_MEA:
07-08-2022  09:25:39
$MEAS_TIM:
 53.26         60
$DEVICE_ID:
bMCA 06201013
$ACQ_SETTINGS:
 2             60            1000          4             4095 
$HRDW_PARAMS:
PHA
 800
 3             3276          5 
 7             0             1023 
 80            25            45 
 1             1 
$SPEC_CAL:
-7.930157      2.249046      0
$MCA_CAL:
3
-7.930157      2.249046      0
$ROI:
 267           333           32768         1            137Cs
 553           618           16711935      1            60Co
 15            45            255           1            241Am
$DATA:
 0             1023 
 104           143           281           575           1092          1910          3191          4632 
 6222          6864          7160          6887          6148          5793          5287          5333 
 6322          7523          9539          12563         15693         19383         22625         25023 
 26010         25452         23249         20791         18380         16772         16816         17567 
 19766         21965         23849         24130         22855         19137         14657         9898 
 6086          3597          1936          1198          774           664           600           547 
 583           547           568           589           572           567           574           554 
 574           478           516           484           444           500           454           489 
 478           471           467           423           402           436           414           433 
 357           430           374           379           361           367           395           418 
 409           423           406           435           392           441           424           389 
 397           415           435           445           454           436           436           469 
 477           447           466           450           470           447           442           491 
 444           446           435           447           449           435           450           467 
 426           460           391           408           411           424           398           399 
 365           404           371           375           379           389           397           336 
 366           340           357           354           338           337           352           336 
 362           325           330           315           313           331           314           329 
 343           325           317           300           295           350           367           339 
 281           302           302           311           292           295           293           312 
 284           287           288           271           280           269           287           259 
 302           298           261           289           287           281           252           280 
 265           245           263           242           255           304           243           297 
 286           266           308           266           287           267           277           258 
 268           248           266           265           255           278           268           288 
 262           246           284           254           283           241           249           245 
 225           218           205           236           230           211           213           231 
 204           202           190           216           191           190           177           183 
 186           203           181           195           181           163           184           177 
 159           164           148           171           164           178           165           166 
 177           175           188           165           157           173           151           171 
 165           164           166           175           158           165           160           167 
 154           156           188           157           168           189           162           170 
 183           173           185           211           210           222           216           233 
 258           283           266           295           325           370           340           375 
 390           412           450           468           494           517           562           556 
 548           582           583           570           633           661           620           608 
 641           624           660           631           637           573           586           507 
 583           518           487           487           447           413           417           416 
 348           326           299           310           290           259           266           278 
 233           220           235           228           223           211           204           177 
 187           166           186           168           177           164           169           180 
 154           154           190           185           181           149           173           169 
 174           174           165           147           130           170           162           178 
 165           171           167           171           169           160           179           171 
 162           166           188           202           158           195           174           179 
 177           192           177           189           177           208           171           173 
 186           189           166           202           169           197           188           191 
 164           178           220           188           194           206           212           199 
 177           191           195           193           173           162           168           186 
 172           172           190           188           194           190           142           185 
 164           199           182           152           165           168           152           141 
 141           135           151           135           141           157           162           158 
 129           132           153           118           130           149           123           144 
 164           127           128           119           139           127           133           123 
 138           110           138           134           124           119           122           117 
 122           115           118           114           125           107           111           121 
 130           130           117           118           108           94            122           102 
 109           125           106           98            95            112           115           128 
 102           122           115           122           105           96            114           114 
 117           112           134           148           145           148           170           157 
 160           173           159           201           207           219           217           203 
 224           240           277           285           269           262           271           270 
 304           314           301           340           286           318           327           329 
 305           334           323           291           318           310           298           277 
 288           287           260           260           271           255           253           215 
 215           230           191           201           174           205           154           157 
 162           138           143           123           133           136           124           124 
 112           126           101           125           107           118           140           110 
 98            131           114           136           131           143           143           147 
 164           174           174           166           192           187           195           220 
 208           218           226           222           255           227           255           288 
 275           233           217           242           218           244           271           260 
 243           254           218           221           203           215           227           200 
 201           187           192           182           158           170           175           124 
 151           141           118           125           113           97            102           109 
 94            104           78            54            69            59            65            53 
 55            57            47            45            37            34            48            33 
 34            44            35            25            27            14            22            14 
 16            10            21            20            21            19            19            17 
 20            16            9             14            18            14            16            11 
 13            15            8             8             8             6             7             13 
 10            12            11            6             12            9             13            10 
 8             6             8             4             11            9             9             7 
 4             10            8             9             6             7             8             13 
 6             10            5             12            10            9             9             7 
 2             5             2             5             5             5             12            5 
 3             12            3             8             6             14            8             7 
 6             9             7             6             5             4             7             1 
 4             7             15            3             4             3             5             7 
 6             4             8             7             2             6             5             11 
 7             6             5             5             5             5             8             3 
 9             5             7             4             6             5             5             7 
 9             7             7             6             9             4             5             4 
 9             4             2             6             12            8             10            10 
 2             3             2             3             8             7             5             8 
 2             7             4             9             2             5             3             3 
 8             3             7             2             6             5             1             4 
 5             5             3             8             7             5             6             3 
 7             2             11            5             4             5             6             3 
 6             5             3             8             5             5             6             10 
 5             9             1             3             3             6             1             6 
 5             4             8             4             6             4             4             5 
 4             9             3             3             6             6             7             6 
 3             6             5             5             5             3             4             4 
 4             6             2             6             5             9             5             6 
 4             3             5             4             3             6             2             3 
 6             2             2             2             4             5             4             7 
 0             3             4             6             3             3             2             6 
 3             2             2             4             0             6             2             4 
 3             6             5             0             2             3             6             4 
 5             5             3             5             3             4             8             2 
 4             4             4             2             2             4             1             3 
 4             5             10            7             1             2             2             1 
 5             6             6             4             2             3             3             4 
 5             6             2             7             5             3             3             4 
 4             3             5             1             6             3             3             4 
 4             3             4             5             4             6             5             4 
 8             3             4             4             4             2             5             5 
 5             4             3             3             3             6             2             2 
 4             7             4             5             2             3             1             1 
 3             3             7             8             3             2             1             3 
 3             3             3             2             4             2             4             0 
 5             5             2             5             2             3             4             2 
 6             4             2             1             3             3             1             3 
 1             3             1             3             2             1             3             0 
 1             2             3             4             1             3             2             1 
 0             1             1             1             2             3             1             0 
