$SPEC_ID:
bMCA Spectrum
$DATE_MEA:
07-05-2022  10:27:13
$MEAS_TIM:
 212.02        240
$DEVICE_ID:
bMCA 06201013
$ACQ_SETTINGS:
 2             240           1000          4             4095 
$HRDW_PARAMS:
PHA
 800
 3             3276          5 
 7             0             1023 
 80            25            45 
 1             1 
$SPEC_CAL:
-2.996172      2.07587       2.903056E-04
$MCA_CAL:
3
-2.996172      2.07587       2.903056E-04
$ROI:
 265           335           32768         1            137Cs
 46            75            33023         1            57Co
 15            45            255           1            241Am
$DATA:
 0             1023 
 499           877           1591          3255          6107          10609         16884         23838 
 30153         33891         34473         32284         28839         26215         25057         25862 
 29603         36125         45831         58145         73025         89429         104827        116168 
 119916        116986        108083        96102         84600         76749         75078         78303 
 87282         98632         109165        112118        107433        93414         72714         50948 
 31949         18547         10120         5895          4106          3631          3508          3935 
 4340          4981          5745          6435          7061          7565          7419          7224 
 6980          6721          6542          6572          6541          6754          6753          6908 
 6748          6494          6008          5220          4484          3567          2908          2228 
 2022          1543          1419          1261          1112          1019          961           955 
 991           1027          921           931           983           944           964           990 
 958           920           998           1020          985           994           962           990 
 984           968           890           954           959           867           864           883 
 847           822           781           803           792           763           772           744 
 702           716           722           769           735           702           666           634 
 674           657           655           668           629           593           625           640 
 556           612           585           628           612           595           577           548 
 619           591           539           530           573           548           544           503 
 508           523           525           530           485           558           559           539 
 519           523           498           472           513           487           499           554 
 466           520           525           489           505           521           480           474 
 458           522           457           489           490           485           474           491 
 450           489           484           503           501           489           463           547 
 472           521           463           486           490           454           484           476 
 469           505           477           460           430           481           487           461 
 490           477           429           411           455           382           423           372 
 381           335           333           299           290           338           277           259 
 259           245           228           236           238           200           199           194 
 163           186           180           166           150           190           154           151 
 125           135           135           123           115           119           108           104 
 108           116           94            88            84            79            89            89 
 103           92            99            86            90            87            81            93 
 88            104           95            104           90            100           121           115 
 153           142           181           178           238           229           276           315 
 353           412           417           475           542           640           716           823 
 891           989           1063          1183          1332          1332          1447          1534 
 1662          1745          1832          1927          1958          1985          1983          2077 
 2055          2100          2133          2093          2082          1984          1965          1867 
 1786          1692          1625          1611          1393          1399          1251          1109 
 1043          957           965           795           738           677           628           533 
 526           407           394           340           299           289           245           229 
 208           170           143           135           124           107           102           96 
 80            67            81            57            51            52            39            50 
 41            41            32            29            41            31            30            29 
 36            26            21            20            17            30            8             14 
 22            14            21            19            19            23            12            20 
 14            17            23            16            19            16            20            15 
 19            16            17            13            25            18            16            13 
 14            17            15            10            14            25            13            21 
 12            20            12            18            16            23            23            11 
 17            12            19            14            22            12            13            16 
 18            21            20            15            11            15            18            16 
 12            13            16            8             10            19            18            10 
 17            14            21            12            16            15            16            11 
 21            15            10            14            9             18            10            16 
 11            9             21            16            12            11            14            16 
 9             9             12            11            11            11            10            16 
 8             11            10            9             14            8             11            10 
 14            9             12            18            11            8             8             15 
 17            13            11            12            10            14            11            7 
 17            16            11            10            10            14            11            12 
 5             14            15            9             12            15            9             12 
 8             18            13            14            13            13            12            10 
 12            10            10            8             12            7             18            9 
 12            8             8             15            15            8             16            10 
 11            11            15            19            17            14            14            13 
 15            16            10            10            17            14            13            12 
 10            11            8             12            17            10            10            6 
 13            12            10            11            13            2             6             5 
 6             9             11            7             2             7             4             6 
 10            6             6             8             4             9             9             8 
 10            8             13            13            9             10            8             8 
 4             5             6             5             10            7             12            17 
 4             9             10            9             10            10            9             4 
 7             11            9             8             10            10            10            9 
 8             11            11            11            15            5             9             7 
 11            7             12            9             12            6             7             5 
 8             7             9             12            10            10            4             11 
 9             10            10            12            4             7             8             2 
 9             6             5             11            4             10            7             8 
 10            12            5             8             7             6             4             9 
 4             9             6             6             8             8             5             6 
 4             5             3             8             4             7             4             5 
 5             3             4             4             4             9             2             6 
 6             6             2             3             4             6             9             3 
 3             4             4             7             4             2             1             3 
 3             2             1             1             0             3             1             0 
 2             0             0             2             3             3             0             5 
 1             3             3             0             2             2             2             1 
 1             2             4             1             2             1             0             1 
 2             1             1             1             4             1             2             3 
 1             2             3             3             1             0             2             1 
 0             1             1             1             1             2             2             4 
 0             0             2             2             1             3             0             2 
 1             1             2             1             3             0             6             3 
 4             1             1             3             1             1             1             1 
 2             1             2             2             1             1             0             0 
 0             0             2             1             2             0             1             1 
 3             0             4             3             1             1             4             2 
 1             1             1             1             1             1             0             0 
 1             0             2             4             3             2             0             1 
 2             1             1             1             0             2             0             1 
 2             1             1             2             0             0             3             0 
 1             1             0             0             1             0             0             0 
 0             2             0             0             2             3             1             0 
 0             1             0             1             3             1             0             0 
 0             1             1             0             2             1             0             1 
 0             0             0             1             0             0             2             0 
 0             0             1             1             0             0             0             0 
 1             0             0             1             1             3             0             1 
 0             1             1             0             0             1             1             1 
 2             1             0             1             0             2             0             2 
 1             0             0             0             0             0             2             1 
 2             1             0             1             4             0             0             0 
 2             1             0             0             0             0             1             1 
 0             1             3             0             3             1             0             0 
 1             0             0             0             2             1             1             1 
 0             2             1             1             2             0             0             0 
 0             0             2             1             4             1             1             0 
 0             1             1             0             1             0             0             1 
 3             1             1             1             0             1             0             0 
 0             1             0             2             0             1             0             0 
 0             1             0             0             0             0             1             0 
 2             0             2             1             0             2             0             1 
 0             0             1             1             0             0             4             1 
 0             0             3             1             0             1             0             0 
 0             0             1             0             0             0             0             0 
 1             0             0             0             1             0             1             2 
