$SPEC_ID:
bMCA Spectrum
$DATE_MEA:
07-05-2022  10:23:11
$MEAS_TIM:
 212.005       240
$DEVICE_ID:
bMCA 06201013
$ACQ_SETTINGS:
 2             240           1000          4             4095 
$HRDW_PARAMS:
PHA
 800
 3             3276          5 
 7             0             1023 
 80            25            45 
 1             1 
$SPEC_CAL:
-2.996172      2.07587       2.903056E-04
$MCA_CAL:
3
-2.996172      2.07587       2.903056E-04
$ROI:
 265           335           32768         1            137Cs
 46            75            33023         1            57Co
 15            45            255           1            241Am
$DATA:
 0             1023 
 528           819           1539          3086          6095          10447         16990         23627 
 29835         33809         33982         32192         29019         26253         25186         26132 
 29702         36227         45237         57776         73298         89608         105015        116397 
 120330        116264        108026        96020         85271         77110         74743         79011 
 87411         99197         108445        112173        107798        93938         72784         51455 
 32387         18546         10132         5930          4065          3553          3574          3839 
 4458          5017          5735          6548          7220          7511          7444          7403 
 7142          6879          6388          6637          6680          6807          6910          6968 
 6888          6568          5893          5230          4356          3557          2886          2292 
 1864          1589          1343          1301          1084          1074          995           940 
 930           1001          963           977           966           974           958           986 
 969           1045          998           963           988           964           1000          943 
 967           926           986           937           860           895           856           855 
 935           828           785           780           822           778           795           758 
 721           709           730           698           716           698           698           614 
 632           644           630           617           600           640           586           613 
 605           611           596           561           606           573           540           577 
 607           573           561           547           488           558           507           565 
 519           524           552           550           531           498           490           537 
 536           509           515           492           461           510           487           523 
 531           465           524           446           464           508           497           507 
 487           487           495           491           495           496           491           475 
 450           488           493           453           505           501           460           488 
 465           490           458           498           495           453           506           499 
 484           485           466           488           486           470           460           440 
 420           398           445           407           444           386           371           366 
 386           327           366           327           339           321           277           291 
 285           268           251           209           235           217           176           199 
 182           159           160           166           143           148           143           114 
 123           122           136           108           111           119           120           114 
 96            97            102           83            100           96            106           107 
 85            91            80            108           68            84            83            86 
 103           89            109           110           100           120           113           137 
 153           135           178           214           196           238           277           294 
 375           411           447           547           586           668           726           802 
 909           939           1057          1120          1259          1395          1466          1502 
 1706          1746          1823          1917          2019          1992          1991          2044 
 2092          2180          2068          2089          2033          2009          1928          1835 
 1852          1642          1648          1595          1422          1357          1239          1174 
 1081          1003          861           793           751           681           596           520 
 511           411           414           327           338           254           233           230 
 201           158           161           140           126           114           107           98 
 81            82            78            62            51            49            47            38 
 28            51            30            34            40            34            34            22 
 32            22            22            22            21            24            22            24 
 19            15            16            26            18            21            23            21 
 17            26            15            21            16            15            16            16 
 18            17            19            19            9             15            14            14 
 11            11            18            17            25            14            18            7 
 21            16            9             11            14            14            18            19 
 19            22            12            15            14            20            25            19 
 11            14            12            15            16            22            21            18 
 13            13            16            10            15            23            19            17 
 16            18            10            18            10            15            15            16 
 14            14            13            8             18            11            18            10 
 12            20            10            16            8             12            9             9 
 11            9             11            12            13            17            10            11 
 15            11            11            12            16            11            13            8 
 10            12            8             10            8             16            9             13 
 7             23            10            10            8             9             5             8 
 7             4             12            8             9             10            13            17 
 11            12            12            21            16            14            15            9 
 8             13            15            7             10            12            12            18 
 14            17            11            9             13            6             12            14 
 10            16            23            22            16            11            18            15 
 18            13            12            10            13            10            14            10 
 10            9             15            16            11            12            10            16 
 15            10            14            14            7             11            16            11 
 7             7             8             8             6             20            11            5 
 3             6             6             9             8             8             9             2 
 8             7             10            9             9             16            9             13 
 10            9             6             12            14            7             6             5 
 13            4             8             5             3             11            5             11 
 3             7             9             7             13            14            8             13 
 6             9             5             10            9             10            10            7 
 6             6             6             7             15            7             6             7 
 10            11            10            7             11            8             7             7 
 5             5             13            7             10            7             7             6 
 13            11            8             7             9             7             5             10 
 11            7             7             1             12            9             5             5 
 8             7             7             7             4             8             11            8 
 8             7             6             7             9             6             6             4 
 6             7             8             5             3             3             4             3 
 2             7             4             6             6             1             3             5 
 5             4             3             4             2             7             2             4 
 3             3             8             2             3             2             3             4 
 1             6             2             2             3             1             1             1 
 3             0             1             1             2             2             0             1 
 3             4             2             0             2             0             0             1 
 1             2             1             0             0             1             1             0 
 1             3             0             0             0             1             2             0 
 1             2             1             0             2             0             0             3 
 0             1             0             0             0             2             4             0 
 0             2             0             3             0             1             5             0 
 1             2             1             3             1             0             1             1 
 0             1             2             1             3             1             2             2 
 3             4             2             3             0             2             2             3 
 2             2             2             1             1             0             3             1 
 3             1             1             1             2             2             4             1 
 0             0             0             0             2             2             0             0 
 1             2             1             0             0             0             1             1 
 0             1             0             1             4             1             1             2 
 2             1             1             1             0             1             3             0 
 3             0             0             1             1             1             2             0 
 0             2             0             0             0             1             1             1 
 1             3             2             1             2             1             2             0 
 1             2             1             0             0             2             0             2 
 1             1             0             1             1             1             2             0 
 0             1             0             0             0             0             0             0 
 0             1             2             0             0             2             1             2 
 1             0             2             0             0             0             1             0 
 1             1             5             0             1             0             0             0 
 3             0             0             1             2             0             2             4 
 2             1             1             0             1             1             2             2 
 1             0             0             1             0             1             1             0 
 0             0             1             0             2             2             2             3 
 0             1             3             0             0             0             0             2 
 1             1             0             1             1             2             0             1 
 1             2             3             0             0             2             1             1 
 0             0             3             0             2             2             5             2 
 0             0             0             0             0             1             1             1 
 0             1             0             0             0             2             0             0 
 0             0             2             1             2             3             0             1 
 0             0             0             0             0             0             1             0 
 0             0             0             0             0             1             0             1 
 0             1             0             2             0             1             0             0 
 0             1             2             1             1             0             0             1 
 0             0             1             1             0             2             0             0 
