$SPEC_ID:
bMCA Spectrum
$DATE_MEA:
07-05-2022  09:52:00
$MEAS_TIM:
 106.005       120
$DEVICE_ID:
bMCA 06201013
$ACQ_SETTINGS:
 2             120           1000          4             4095 
$HRDW_PARAMS:
PHA
 800
 3             3276          5 
 7             0             1023 
 80            25            45 
 1             1 
$SPEC_CAL:
-2.996172      2.07587       2.903056E-04
$MCA_CAL:
3
-2.996172      2.07587       2.903056E-04
$ROI:
 265           335           32768         1            137Cs
 46            75            33023         1            57Co
 15            45            255           1            241Am
$DATA:
 0             1023 
 251           422           772           1503          2916          5139          8246          11853 
 15046         16974         17120         16076         14584         13326         12500         12861 
 14983         18108         22757         28744         36306         43980         52022         57857 
 60467         58427         54072         48181         42975         38748         37329         39413 
 43745         49601         54409         55988         53912         46496         36773         25808 
 16105         9334          5076          2957          1952          1726          1760          1872 
 2277          2599          2960          3318          3517          3620          3634          3708 
 3503          3428          3328          3282          3359          3359          3453          3419 
 3398          3206          2965          2692          2214          1807          1432          1151 
 919           786           698           596           538           510           498           481 
 552           480           475           481           468           496           496           518 
 466           478           531           535           502           464           522           471 
 491           476           435           463           439           474           457           389 
 464           367           422           408           408           384           382           374 
 351           385           371           348           350           351           325           310 
 336           376           307           368           296           308           348           313 
 295           308           287           295           287           256           280           272 
 307           278           276           281           287           248           270           235 
 277           269           249           252           252           263           272           262 
 235           254           223           250           251           265           235           224 
 261           257           249           232           248           256           269           234 
 244           215           240           215           239           249           207           270 
 229           234           253           206           239           233           237           234 
 214           249           249           258           221           277           242           244 
 249           245           234           239           220           241           220           228 
 210           252           230           233           210           222           220           210 
 167           180           178           140           157           153           135           162 
 141           113           111           114           110           116           112           103 
 100           88            77            81            67            78            74            73 
 59            60            66            56            51            47            48            58 
 57            45            34            56            38            39            46            54 
 34            39            54            55            42            50            38            59 
 47            48            61            58            51            43            51            59 
 85            65            84            99            104           116           117           149 
 195           186           209           261           317           316           359           396 
 446           449           494           569           650           701           713           763 
 812           923           895           949           972           1031          1025          1046 
 1013          1027          1094          1093          1049          1003          957           917 
 935           849           792           785           721           693           637           584 
 541           474           448           412           383           344           316           292 
 250           217           196           179           171           125           125           125 
 122           74            88            64            92            52            45            47 
 48            34            29            30            27            25            26            16 
 23            26            12            17            18            16            9             10 
 12            12            12            11            13            8             16            13 
 6             14            7             11            9             9             8             10 
 6             5             8             7             11            8             11            8 
 8             5             12            6             11            13            13            9 
 9             3             10            2             11            10            12            4 
 9             8             5             13            8             6             8             6 
 10            5             6             10            7             4             12            10 
 8             3             8             8             11            6             5             17 
 7             4             9             9             4             2             4             8 
 6             7             3             7             9             5             11            7 
 5             1             8             5             4             3             6             3 
 6             8             10            6             4             10            5             7 
 7             5             4             8             9             7             8             3 
 7             4             10            4             4             6             8             5 
 4             4             3             5             4             4             3             5 
 0             4             10            4             5             4             3             3 
 6             6             9             9             6             6             5             8 
 8             2             5             6             2             7             11            4 
 6             6             7             4             7             5             5             7 
 4             3             7             7             7             4             5             7 
 11            10            9             8             6             8             2             6 
 6             4             8             6             8             5             3             6 
 4             4             8             5             3             6             6             6 
 11            5             6             7             7             7             2             5 
 6             2             3             7             4             8             5             2 
 1             1             6             3             6             5             1             5 
 5             5             4             9             2             4             5             3 
 5             4             2             4             2             6             5             5 
 7             4             8             4             5             2             5             6 
 4             3             6             3             2             4             2             7 
 4             7             2             2             5             4             5             4 
 4             1             4             5             4             6             9             2 
 5             7             2             6             6             3             2             4 
 2             3             3             7             4             4             5             5 
 3             2             5             8             6             3             6             3 
 7             3             3             4             3             2             6             5 
 2             5             3             1             2             3             2             5 
 2             8             4             4             4             5             3             3 
 4             5             4             4             1             2             4             1 
 3             1             0             2             2             1             0             2 
 2             2             2             0             0             4             3             0 
 0             1             3             1             0             3             2             3 
 2             2             1             1             2             1             0             1 
 1             1             2             0             3             1             0             1 
 2             1             0             0             1             1             1             0 
 1             1             1             0             0             0             0             1 
 1             0             0             1             2             2             2             1 
 0             0             0             2             1             0             1             2 
 2             0             0             0             0             1             1             1 
 0             0             1             1             1             1             0             0 
 1             0             0             0             0             2             0             1 
 0             2             0             0             0             0             2             0 
 0             0             1             1             1             0             2             0 
 2             0             1             1             0             1             0             3 
 1             1             1             1             0             2             2             1 
 1             0             0             0             2             1             0             1 
 1             2             1             1             0             0             1             0 
 0             0             0             1             0             1             0             0 
 0             0             1             2             1             0             0             0 
 0             0             1             0             0             1             1             0 
 0             0             0             0             1             1             0             0 
 0             0             0             1             0             0             0             1 
 0             0             0             0             1             0             0             0 
 1             0             1             1             0             0             0             0 
 0             0             0             0             1             0             0             1 
 0             0             0             0             0             0             0             0 
 0             0             0             0             1             0             0             0 
 0             0             1             0             0             1             0             1 
 0             0             0             0             1             1             0             1 
 0             0             0             0             0             0             0             0 
 0             0             0             1             0             0             0             1 
 1             0             0             0             0             0             0             0 
 0             0             2             0             0             0             0             0 
 0             0             0             0             0             1             0             0 
 1             0             0             0             0             0             0             0 
 0             1             0             1             1             0             2             0 
 2             0             1             0             0             0             0             1 
 0             1             0             0             0             0             2             0 
 0             0             0             0             0             0             2             0 
 0             0             3             0             0             0             0             0 
 1             0             0             0             0             0             0             0 
 0             0             1             0             0             0             0             0 
 0             1             0             1             0             0             0             0 
 0             0             0             0             0             1             0             0 
