$SPEC_ID:
bMCA Spectrum
$DATE_MEA:
07-05-2022  12:51:00
$MEAS_TIM:
 116.535       120
$DEVICE_ID:
bMCA 06201013
$ACQ_SETTINGS:
 2             120           1000          4             4095 
$HRDW_PARAMS:
PHA
 800
 3             3276          5 
 7             0             1023 
 80            25            45 
 1             1 
$SPEC_CAL:
-2.996172      2.07587       2.903056E-04
$MCA_CAL:
3
-2.996172      2.07587       2.903056E-04
$ROI:
 553           618           16711935      1            60Co
 46            75            33023         1            57Co
$DATA:
 0             1023 
 4             12            21            46            74            108           146           210 
 252           299           334           325           324           393           381           438 
 504           477           534           574           602           556           613           613 
 588           587           562           606           577           634           579           635 
 636           647           730           799           828           887           891           900 
 973           1020          1012          1062          1169          1233          1412          1639 
 1894          2217          2627          3017          3429          3563          3530          3707 
 3446          3547          3487          3493          3432          3600          3627          3654 
 3697          3469          3126          2795          2529          1982          1676          1436 
 1167          1037          876           776           750           682           669           607 
 608           606           560           539           606           595           547           611 
 582           655           604           600           612           690           632           627 
 644           639           737           726           718           691           728           681 
 703           711           726           732           688           769           751           706 
 733           710           698           693           688           626           660           709 
 668           596           638           667           615           642           560           611 
 570           593           551           602           563           577           565           562 
 564           519           581           560           579           545           558           524 
 490           545           494           489           479           562           510           508 
 480           473           490           449           474           482           499           486 
 475           456           440           420           428           420           472           448 
 442           416           429           447           438           431           409           404 
 425           424           410           410           421           367           440           373 
 400           408           422           412           384           402           394           351 
 368           352           395           393           402           381           389           424 
 393           420           403           362           401           361           357           405 
 410           403           404           341           365           381           378           362 
 382           358           392           380           342           380           392           394 
 400           393           332           377           341           367           406           357 
 391           401           360           341           397           385           365           371 
 388           432           354           417           393           346           356           357 
 344           371           354           380           396           403           316           354 
 373           359           375           342           348           351           341           396 
 388           427           405           394           375           377           385           371 
 390           378           341           384           395           351           379           418 
 386           388           389           398           346           346           377           401 
 346           386           395           372           364           399           413           391 
 387           409           411           343           385           385           376           388 
 425           378           371           403           381           382           419           389 
 386           380           380           394           373           407           399           378 
 391           406           421           437           371           363           416           375 
 405           427           398           403           372           416           390           413 
 381           391           373           417           391           425           440           416 
 383           411           410           393           427           407           454           419 
 426           443           416           444           417           422           438           423 
 445           431           425           417           458           433           447           427 
 441           460           413           463           454           478           475           458 
 465           466           481           462           450           438           475           477 
 446           504           446           508           462           502           500           498 
 465           479           487           511           480           456           429           465 
 486           523           517           486           447           466           458           481 
 424           430           446           476           479           420           404           425 
 449           423           410           426           411           371           346           397 
 377           377           356           392           348           361           396           389 
 371           327           300           366           325           311           312           339 
 325           286           288           329           318           318           326           331 
 293           323           284           297           290           283           307           307 
 300           300           321           299           284           301           289           304 
 309           305           289           315           303           298           296           264 
 294           267           309           303           292           304           282           301 
 263           276           317           281           332           344           322           343 
 360           367           381           412           455           459           483           505 
 536           516           553           552           548           603           651           651 
 684           692           785           776           741           779           796           766 
 831           784           844           823           843           824           868           852 
 831           790           829           785           787           697           697           663 
 700           619           643           595           594           515           516           536 
 483           455           395           412           389           376           314           331 
 314           339           304           304           296           262           272           297 
 307           290           277           327           311           313           293           326 
 305           384           355           411           391           431           454           457 
 483           516           507           524           563           558           611           620 
 586           605           631           683           642           660           688           670 
 632           682           648           620           641           618           631           585 
 641           597           558           550           524           593           446           455 
 440           434           398           386           362           339           339           311 
 317           308           270           249           238           213           214           175 
 198           147           158           160           134           145           130           112 
 123           129           102           100           87            88            92            81 
 74            71            58            60            50            64            55            47 
 46            45            45            24            43            44            49            40 
 31            28            34            36            29            25            43            30 
 24            38            27            25            26            30            27            23 
 18            24            24            28            15            20            18            22 
 31            25            25            20            14            18            20            21 
 26            12            25            21            21            22            24            25 
 19            19            18            24            15            18            23            22 
 23            12            19            16            22            19            21            20 
 13            24            27            16            20            28            17            19 
 14            15            23            24            23            25            23            18 
 15            15            15            18            25            16            12            19 
 17            21            15            19            15            13            13            11 
 17            21            12            21            12            13            22            15 
 16            15            9             12            16            15            10            14 
 15            18            13            17            15            9             16            17 
 17            9             18            21            12            14            9             8 
 19            17            17            12            20            22            12            24 
 12            18            18            16            20            17            19            18 
 17            9             13            21            13            17            11            21 
 14            12            6             15            10            16            11            13 
 19            16            8             12            17            17            10            14 
 14            9             11            13            18            14            15            16 
 16            12            15            10            13            16            13            9 
 12            14            10            10            12            15            19            13 
 13            13            13            17            13            8             12            14 
 11            14            12            15            18            16            17            10 
 11            12            15            15            14            13            14            6 
 14            7             6             14            8             11            14            14 
 12            11            12            11            13            12            9             17 
 10            11            12            13            9             11            15            16 
 12            6             7             9             7             11            12            8 
 20            17            9             12            14            8             8             13 
 14            16            14            14            7             10            11            16 
 15            10            11            10            10            9             13            15 
 12            10            19            5             9             9             13            17 
 10            22            9             17            10            15            11            8 
 8             15            12            14            8             16            13            11 
 15            10            14            15            9             14            14            11 
 18            18            16            10            8             7             17            12 
 7             11            13            12            12            12            10            10 
 9             20            19            11            8             17            17            17 
 17            18            8             13            10            9             11            11 
 11            8             11            9             11            15            10            16 
 13            7             9             8             7             10            7             11 
 8             8             5             9             10            6             6             11 
 5             8             8             7             7             8             6             8 
 11            7             6             9             8             3             8             5 
 4             4             4             6             7             3             3             8 
