$SPEC_ID:
bMCA Spectrum
$DATE_MEA:
07-08-2022  09:28:47
$MEAS_TIM:
 53.265        60
$DEVICE_ID:
bMCA 06201013
$ACQ_SETTINGS:
 2             60            1000          4             4095 
$HRDW_PARAMS:
PHA
 800
 3             3276          5 
 7             0             1023 
 80            25            45 
 1             1 
$SPEC_CAL:
-7.930157      2.249046      0
$MCA_CAL:
3
-7.930157      2.249046      0
$ROI:
 267           333           32768         1            137Cs
 553           618           16711935      1            60Co
 15            45            255           1            241Am
$DATA:
 0             1023 
 113           147           267           528           1085          1924          3180          4765 
 6085          7083          7219          6705          6201          5628          5295          5586 
 6401          7757          9787          12573         15922         19640         22444         25137 
 25718         24815         23186         20628         18286         16890         16359         17743 
 19433         21803         23882         24220         22640         18984         14413         10000 
 6060          3390          1911          1085          821           616           567           587 
 612           553           596           573           575           547           529           586 
 565           564           508           491           467           493           496           490 
 477           506           473           448           421           431           393           393 
 398           402           373           391           399           428           376           358 
 366           391           382           419           433           423           401           426 
 404           409           454           439           462           473           451           469 
 493           456           446           484           493           459           512           451 
 475           476           438           412           414           441           398           446 
 432           425           411           403           410           451           436           418 
 411           405           384           357           365           373           333           369 
 371           351           364           373           326           327           354           372 
 374           337           317           345           379           333           318           309 
 291           339           326           323           299           350           309           304 
 319           280           290           291           333           297           255           291 
 256           288           295           277           304           320           277           277 
 267           300           289           298           276           304           288           282 
 287           297           256           266           278           304           258           268 
 272           307           266           275           275           283           269           267 
 263           255           291           262           283           280           245           260 
 244           266           251           277           242           258           256           265 
 235           232           232           219           171           223           219           204 
 204           210           206           189           176           187           185           195 
 176           194           184           164           209           190           185           163 
 184           215           168           171           182           181           168           173 
 173           147           154           146           161           176           195           171 
 175           175           128           140           148           186           155           168 
 172           168           173           195           168           168           179           210 
 170           199           164           210           228           219           212           234 
 289           262           257           262           333           342           378           367 
 378           416           446           502           522           531           572           619 
 582           588           627           585           627           713           611           642 
 618           691           598           639           631           581           558           559 
 549           504           481           452           442           415           387           397 
 387           345           331           285           319           307           263           282 
 247           232           231           224           220           200           199           189 
 181           193           180           191           175           194           169           158 
 155           171           167           153           177           166           163           153 
 143           175           160           175           161           158           202           163 
 182           175           157           160           168           198           181           144 
 160           199           163           182           164           149           190           188 
 176           182           177           162           195           180           193           181 
 167           188           181           188           212           195           174           188 
 176           187           209           170           194           204           201           193 
 194           208           205           188           193           187           188           210 
 172           182           176           161           190           157           175           167 
 158           186           169           150           153           135           159           144 
 146           168           159           135           166           171           132           138 
 139           139           138           146           139           122           147           140 
 119           105           138           143           104           106           131           135 
 110           121           146           133           124           110           124           123 
 114           118           122           126           122           107           108           122 
 129           118           119           105           120           88            124           116 
 116           86            104           116           122           106           110           98 
 119           116           103           123           147           119           107           97 
 117           125           120           158           128           125           130           157 
 151           175           167           205           198           188           206           232 
 238           222           236           252           278           293           270           271 
 247           297           305           336           298           299           342           304 
 306           320           331           320           289           293           278           261 
 290           287           283           279           254           263           268           235 
 203           197           195           174           177           157           159           153 
 142           168           143           123           133           112           132           128 
 117           114           103           108           101           109           125           122 
 132           149           111           165           167           128           147           154 
 163           173           189           195           204           224           189           214 
 230           209           224           244           257           238           236           263 
 247           243           240           240           246           247           233           227 
 237           265           231           205           203           193           190           197 
 174           179           162           180           154           169           137           132 
 129           132           128           125           104           97            94            82 
 96            72            73            77            62            81            58            63 
 57            43            38            50            48            48            32            31 
 35            48            26            24            20            27            25            26 
 18            19            16            24            17            13            19            15 
 12            17            11            11            15            18            12            9 
 6             6             14            8             10            14            11            11 
 13            9             14            8             9             8             12            7 
 9             6             10            6             10            7             10            5 
 10            14            5             6             10            8             12            8 
 13            6             4             1             9             8             12            4 
 8             10            8             4             5             8             5             10 
 5             8             10            7             9             8             4             9 
 4             4             5             7             5             9             8             4 
 7             9             3             8             7             9             4             8 
 4             3             2             8             5             9             7             8 
 2             6             7             6             2             5             6             5 
 6             6             1             4             5             8             6             1 
 3             9             9             3             5             7             5             1 
 5             7             9             5             9             5             7             5 
 3             4             5             8             5             3             6             6 
 4             7             5             4             6             5             9             4 
 5             3             7             4             6             3             8             8 
 11            2             5             8             4             6             2             4 
 4             1             4             5             3             4             8             8 
 4             4             4             6             4             3             3             6 
 4             8             5             6             4             4             5             7 
 6             7             7             5             3             3             2             9 
 2             5             1             5             3             5             3             5 
 2             0             3             0             1             6             9             4 
 3             8             3             3             5             4             3             3 
 9             5             4             6             4             4             3             6 
 1             5             5             5             2             0             4             2 
 5             2             5             2             3             4             7             5 
 9             5             5             4             7             5             0             3 
 6             2             6             2             2             1             4             1 
 2             2             2             1             6             3             5             4 
 2             2             3             2             3             1             7             5 
 4             5             0             4             2             6             5             2 
 4             2             2             10            5             2             3             0 
 0             3             1             5             2             7             3             4 
 5             6             3             6             4             5             3             4 
 4             7             2             1             4             11            1             3 
 4             0             2             3             3             1             4             5 
 5             5             4             6             10            2             6             2 
 6             8             5             7             2             9             2             2 
 4             4             5             4             2             3             4             3 
 4             4             3             1             1             2             3             2 
 0             3             4             1             0             4             3             2 
 1             1             2             5             1             2             1             3 
 4             1             2             1             1             3             0             0 
 1             0             2             2             1             3             4             1 
 2             3             0             1             1             2             2             2 
