$SPEC_ID:
bMCA Spectrum
$DATE_MEA:
07-05-2022  12:40:54
$MEAS_TIM:
 58.27         60
$DEVICE_ID:
bMCA 06201013
$ACQ_SETTINGS:
 2             60            1000          4             4095 
$HRDW_PARAMS:
PHA
 800
 3             3276          5 
 7             0             1023 
 80            25            45 
 1             1 
$SPEC_CAL:
-2.996172      2.07587       2.903056E-04
$MCA_CAL:
3
-2.996172      2.07587       2.903056E-04
$ROI:
 553           618           16711935      1            60Co
 46            75            33023         1            57Co
$DATA:
 0             1023 
 6             4             15            21            34            50            83            88 
 120           169           182           192           182           168           202           207 
 246           231           300           284           314           279           291           287 
 298           304           275           302           264           313           324           349 
 322           364           361           410           408           446           461           458 
 516           458           559           545           530           588           673           796 
 894           1122          1344          1500          1655          1789          1765          1846 
 1817          1734          1590          1610          1756          1742          1801          1823 
 1792          1699          1571          1371          1223          994           883           654 
 591           477           443           432           381           318           329           334 
 310           322           299           293           271           280           295           333 
 287           317           311           282           314           324           345           340 
 309           335           326           356           354           359           342           375 
 358           380           351           377           347           329           343           358 
 350           355           299           341           346           306           359           324 
 326           349           340           311           321           344           273           293 
 281           302           293           264           321           272           262           263 
 285           255           251           239           269           292           244           269 
 279           247           256           253           265           264           231           246 
 246           267           259           253           237           224           231           232 
 246           215           239           215           190           231           243           256 
 199           229           222           220           192           239           187           221 
 213           190           196           204           213           192           217           182 
 193           212           187           190           224           201           194           198 
 227           213           203           175           221           204           219           223 
 201           196           196           201           195           204           191           207 
 193           205           202           198           220           176           184           161 
 188           172           199           215           203           182           196           198 
 191           179           192           192           197           181           199           180 
 181           191           192           192           165           177           179           212 
 201           174           198           172           162           183           181           201 
 168           177           194           209           178           195           205           183 
 216           188           194           175           187           179           194           190 
 216           155           171           203           204           176           184           170 
 188           202           195           199           164           190           197           179 
 184           185           194           209           240           194           185           198 
 217           178           186           203           191           184           193           202 
 188           199           188           194           174           189           191           203 
 195           216           196           212           173           221           167           198 
 203           212           185           185           210           184           212           206 
 191           192           188           190           205           213           203           199 
 185           195           190           187           185           175           183           192 
 213           217           223           184           207           210           196           204 
 229           199           196           213           220           209           231           212 
 219           218           190           228           207           197           223           230 
 227           222           224           218           219           209           226           212 
 213           228           232           223           234           240           235           238 
 211           240           206           219           257           244           231           258 
 259           245           225           241           231           264           262           226 
 262           247           253           244           232           203           257           263 
 246           263           236           245           239           232           245           219 
 232           227           239           202           216           204           196           205 
 228           166           215           186           199           202           213           201 
 187           177           171           184           176           187           175           169 
 180           178           177           167           161           171           156           159 
 163           164           153           152           156           179           162           170 
 127           138           181           166           144           141           131           171 
 150           160           166           160           144           147           138           167 
 141           151           129           164           166           150           125           141 
 146           126           132           127           117           125           141           135 
 122           124           150           141           139           153           179           181 
 167           164           225           186           200           218           209           246 
 229           248           284           246           320           295           329           314 
 338           364           382           383           387           409           418           428 
 412           408           394           411           446           421           420           455 
 419           425           379           394           367           393           371           344 
 358           341           300           274           262           292           254           275 
 223           220           231           199           196           195           170           163 
 169           134           127           142           132           139           138           124 
 157           121           134           138           156           168           152           171 
 175           162           201           186           208           225           208           226 
 266           254           259           274           289           266           318           301 
 301           299           322           332           301           314           306           331 
 328           334           305           329           325           316           319           306 
 323           290           296           255           257           253           222           234 
 231           192           217           197           182           198           201           145 
 163           124           147           124           109           109           117           104 
 98            86            71            62            68            65            56            73 
 48            40            42            43            42            39            27            35 
 28            26            32            30            41            34            18            27 
 21            24            25            21            24            18            18            22 
 16            18            10            14            13            14            11            21 
 25            3             8             9             11            15            11            9 
 14            5             17            16            12            11            5             12 
 8             15            14            6             16            13            12            8 
 10            7             14            10            11            13            12            9 
 8             7             16            12            7             6             13            13 
 6             11            6             7             14            10            11            12 
 11            7             8             11            9             8             5             12 
 9             19            10            5             12            11            6             9 
 8             9             7             5             10            6             7             5 
 8             13            12            9             10            5             13            10 
 10            11            6             9             6             7             7             10 
 10            7             10            7             9             7             9             4 
 5             9             12            3             12            14            10            8 
 9             12            10            3             13            7             12            8 
 7             7             4             8             5             9             8             10 
 6             2             5             7             6             7             7             3 
 6             7             7             4             14            8             8             7 
 12            7             7             6             8             9             13            8 
 7             4             3             4             2             7             6             8 
 6             6             4             7             3             9             5             5 
 5             6             8             7             8             9             11            8 
 7             4             9             13            6             4             12            12 
 6             3             7             7             3             7             8             5 
 10            9             4             9             4             9             7             5 
 5             3             4             7             6             7             10            9 
 5             10            5             8             3             8             4             7 
 5             8             4             9             6             12            2             3 
 5             11            5             11            6             4             4             5 
 8             4             7             7             2             6             6             10 
 6             7             2             5             8             4             8             6 
 6             8             4             6             4             6             8             6 
 4             6             5             4             7             7             5             4 
 7             6             8             8             4             6             6             7 
 2             3             7             4             7             3             7             9 
 3             4             13            3             1             2             6             7 
 5             4             5             5             4             8             6             5 
 4             4             1             8             8             8             13            7 
 6             3             6             0             4             6             9             5 
 2             10            3             6             4             5             6             11 
 10            4             9             6             5             9             6             6 
 13            4             1             5             5             5             4             4 
 5             8             5             8             6             6             4             3 
 5             4             4             4             3             6             6             2 
 9             3             4             0             3             2             3             8 
 3             1             3             1             3             2             4             3 
 2             3             3             0             2             1             1             1 
