$SPEC_ID:
bMCA Spectrum
$DATE_MEA:
07-05-2022  09:49:59
$MEAS_TIM:
 106.02        120
$DEVICE_ID:
bMCA 06201013
$ACQ_SETTINGS:
 2             120           1000          4             4095 
$HRDW_PARAMS:
PHA
 800
 3             3276          5 
 7             0             1023 
 80            25            45 
 1             1 
$SPEC_CAL:
-2.996172      2.07587       2.903056E-04
$MCA_CAL:
3
-2.996172      2.07587       2.903056E-04
$ROI:
 265           335           32768         1            137Cs
 46            75            33023         1            57Co
 15            45            255           1            241Am
$DATA:
 0             1023 
 257           433           755           1558          2918          5205          8333          11860 
 14957         16564         17022         15994         14598         13063         12711         13017 
 14835         17787         22339         28737         36402         44351         51980         57946 
 60018         58655         53873         48207         42534         38666         37524         39470 
 43845         49615         54234         56445         53942         46650         36749         25656 
 15932         9276          5210          2997          2025          1794          1753          1956 
 2241          2481          2935          3236          3537          3643          3673          3566 
 3640          3311          3278          3138          3330          3288          3430          3512 
 3429          3293          2939          2617          2252          1859          1410          1164 
 963           795           648           600           581           516           493           463 
 484           485           478           501           489           507           455           516 
 507           508           505           480           508           518           471           503 
 491           447           497           451           443           420           440           448 
 450           387           373           396           407           388           375           379 
 399           341           361           399           336           332           317           287 
 350           331           318           303           284           299           287           286 
 299           289           270           298           288           304           290           292 
 297           279           289           320           268           262           266           231 
 269           230           225           263           277           239           250           270 
 263           241           260           257           242           254           246           246 
 260           246           251           241           263           249           236           230 
 238           216           247           267           264           251           255           248 
 250           258           234           230           244           253           234           231 
 231           242           220           249           228           261           260           230 
 245           262           257           267           211           232           242           220 
 242           241           239           214           203           225           187           195 
 179           195           156           176           188           155           143           129 
 132           124           115           128           104           108           121           89 
 96            88            92            62            86            59            70            73 
 57            77            72            61            65            75            54            42 
 46            34            49            60            57            50            46            51 
 55            42            50            43            42            36            64            50 
 46            45            42            43            65            53            69            72 
 57            71            72            94            108           109           122           130 
 186           177           221           257           293           283           341           360 
 409           454           552           597           661           688           708           753 
 772           792           914           1001          988           1015          985           1021 
 1043          1073          1038          1069          1019          962           986           943 
 965           874           812           732           692           685           655           562 
 548           532           475           432           382           351           308           290 
 255           222           210           145           158           138           136           129 
 105           95            73            73            63            59            54            53 
 34            36            34            34            34            25            20            22 
 20            18            15            15            13            17            20            7 
 13            10            15            11            9             9             4             13 
 7             11            12            14            12            6             9             3 
 10            7             14            7             12            7             6             9 
 6             7             9             7             5             7             5             13 
 13            3             12            10            2             15            8             5 
 11            5             9             12            7             8             10            5 
 11            7             10            7             9             9             12            4 
 8             7             5             4             11            8             6             9 
 8             6             7             7             7             3             6             8 
 5             11            5             8             7             4             9             5 
 9             4             8             3             9             8             6             10 
 8             9             7             2             7             8             6             6 
 3             5             4             3             10            4             8             6 
 11            6             6             2             6             4             5             4 
 4             5             3             1             6             6             8             3 
 6             3             3             9             3             7             6             5 
 1             3             7             4             4             11            5             6 
 3             4             6             5             3             8             4             6 
 4             10            8             6             5             7             7             5 
 8             9             7             7             4             4             8             10 
 7             10            3             8             5             6             7             9 
 7             5             5             6             6             8             6             3 
 7             7             4             4             7             4             6             7 
 3             4             4             3             5             8             9             4 
 4             3             5             9             6             3             7             3 
 6             1             8             3             2             7             1             3 
 7             2             6             6             4             5             5             4 
 3             5             1             6             4             3             4             3 
 4             3             7             4             5             4             8             8 
 3             8             4             5             3             1             4             5 
 4             4             2             4             4             6             5             3 
 8             2             4             1             2             2             5             1 
 2             2             4             7             5             2             5             4 
 1             3             5             3             4             6             5             4 
 3             10            2             1             7             2             7             4 
 6             5             3             4             4             5             3             3 
 2             3             4             3             3             4             4             2 
 4             1             5             5             2             6             2             6 
 2             1             2             8             6             2             1             3 
 0             2             2             3             3             5             5             4 
 1             3             1             3             1             2             1             2 
 2             1             2             1             0             2             0             0 
 3             3             0             2             1             0             0             3 
 1             1             1             1             1             1             1             0 
 2             1             0             2             0             0             1             2 
 2             1             0             3             3             0             0             1 
 2             2             0             2             0             1             0             1 
 1             2             0             1             1             0             0             1 
 1             1             0             2             0             1             0             2 
 0             1             0             0             1             3             0             4 
 0             0             1             1             0             0             1             2 
 2             0             2             1             2             0             1             1 
 3             1             0             0             2             1             3             0 
 1             0             2             1             0             1             0             1 
 3             0             1             2             1             1             0             3 
 1             1             1             0             0             1             0             0 
 0             1             2             0             1             1             2             0 
 2             2             0             2             0             0             0             1 
 1             0             0             0             2             0             0             0 
 1             0             1             0             0             0             0             2 
 0             0             0             0             0             0             0             0 
 0             2             1             2             1             0             0             0 
 1             0             0             1             0             0             0             0 
 1             0             0             0             0             0             2             0 
 1             0             0             0             0             1             0             0 
 1             0             0             0             0             0             2             1 
 0             0             0             0             0             1             1             0 
 0             0             1             0             0             1             0             1 
 0             1             0             0             3             1             1             0 
 0             0             0             0             1             0             0             0 
 0             0             0             0             0             0             0             0 
 0             0             1             0             1             2             0             0 
 0             0             0             0             0             0             0             0 
 1             1             0             1             0             0             1             1 
 0             0             0             2             0             1             1             1 
 1             0             1             0             0             0             1             1 
 1             0             0             0             0             0             0             0 
 0             0             0             0             0             1             0             0 
 0             1             1             1             1             0             1             0 
 0             0             2             0             0             0             0             0 
 1             1             0             2             0             0             0             0 
 1             0             0             0             0             0             1             0 
 0             1             0             1             0             0             0             0 
 0             0             1             0             0             0             0             0 
