$SPEC_ID:
bMCA Spectrum
$DATE_MEA:
07-05-2022  09:37:28
$MEAS_TIM:
 52.99         60
$DEVICE_ID:
bMCA 06201013
$ACQ_SETTINGS:
 2             60            1000          4             4095 
$HRDW_PARAMS:
PHA
 800
 3             3276          5 
 7             0             1023 
 80            25            45 
 1             1 
$SPEC_CAL:
-2.996172      2.07587       2.903056E-04
$MCA_CAL:
3
-2.996172      2.07587       2.903056E-04
$ROI:
 265           335           32768         1            137Cs
 46            75            33023         1            57Co
 15            45            255           1            241Am
$DATA:
 0             1023 
 154           212           379           735           1445          2550          4154          5861 
 7361          8427          8652          8023          7301          6772          6372          6618 
 7351          9086          11305         14349         18113         22138         26085         28624 
 29949         29221         27300         24392         21469         19667         18747         19648 
 22078         24514         26920         28073         26697         23230         18417         13024 
 8260          4754          2647          1506          1090          834           871           941 
 1042          1263          1429          1637          1732          1928          1828          1902 
 1870          1660          1626          1601          1626          1739          1787          1703 
 1722          1622          1501          1304          1152          889           741           559 
 448           412           383           333           307           246           251           216 
 262           224           232           230           222           249           238           276 
 252           233           266           253           255           239           244           231 
 251           249           235           226           230           209           192           208 
 229           211           212           215           194           197           170           187 
 212           185           158           152           187           170           184           184 
 164           176           172           168           145           141           160           143 
 161           139           150           142           156           145           145           146 
 139           149           152           131           132           164           139           127 
 145           132           128           152           125           110           138           116 
 110           154           119           120           127           156           143           121 
 120           136           143           122           119           126           120           124 
 117           128           124           130           123           119           139           114 
 106           114           106           110           138           125           132           118 
 97            110           127           135           120           134           141           138 
 114           106           123           109           118           125           138           106 
 117           113           98            123           103           112           87            106 
 96            96            74            71            72            69            79            64 
 74            62            49            61            52            49            46            47 
 63            35            37            33            30            29            39            33 
 36            25            28            33            26            38            28            23 
 38            26            28            24            24            29            24            26 
 18            26            24            25            28            14            27            18 
 15            25            17            32            26            36            24            29 
 35            41            50            55            46            58            54            74 
 69            96            92            102           148           167           139           197 
 224           228           286           284           292           327           363           376 
 408           422           460           496           455           516           531           504 
 519           533           535           543           500           524           497           469 
 450           419           450           442           343           368           334           312 
 258           266           249           224           161           176           163           150 
 122           119           107           96            89            77            66            60 
 53            53            32            29            35            32            23            21 
 20            20            15            22            14            10            15            10 
 12            10            9             11            3             11            4             9 
 5             10            6             5             6             6             5             6 
 8             3             5             6             7             4             6             5 
 5             2             3             1             4             2             5             5 
 5             6             2             5             5             0             8             8 
 4             2             5             6             3             2             8             5 
 4             4             5             3             3             3             6             1 
 4             3             4             2             3             6             5             3 
 2             3             3             4             6             1             2             1 
 6             3             5             2             6             4             2             2 
 8             4             7             3             4             1             7             3 
 1             2             3             3             3             4             5             1 
 7             1             5             2             1             5             3             4 
 5             4             2             0             1             1             1             1 
 2             3             2             5             4             1             2             2 
 1             7             1             4             3             2             5             2 
 1             0             5             3             2             1             2             4 
 6             1             2             2             2             2             3             1 
 1             2             2             4             1             3             2             5 
 4             0             6             4             6             0             4             2 
 2             3             7             6             4             4             4             4 
 4             1             2             4             2             3             0             5 
 4             3             2             4             4             4             4             1 
 6             6             3             5             2             5             1             3 
 2             3             5             0             1             2             4             5 
 3             4             1             1             3             1             1             3 
 2             2             4             2             2             2             2             7 
 1             1             1             0             0             1             1             5 
 5             1             1             3             2             2             1             0 
 3             2             3             1             3             2             5             6 
 1             2             3             3             2             2             2             6 
 4             3             2             1             1             2             2             0 
 2             1             5             2             3             6             2             1 
 0             3             3             3             3             2             3             3 
 2             2             1             3             2             4             2             1 
 2             2             2             2             2             5             1             1 
 4             2             2             1             3             1             4             2 
 3             3             1             4             0             3             2             2 
 2             1             3             2             0             1             2             3 
 0             1             1             2             1             0             0             0 
 1             2             2             1             3             2             3             1 
 0             1             2             1             1             2             1             3 
 1             0             2             2             1             0             2             2 
 0             0             3             3             0             0             1             0 
 1             0             1             0             1             0             0             1 
 0             1             0             0             0             1             0             0 
 1             2             0             0             0             1             0             0 
 0             1             0             2             0             1             0             0 
 1             0             1             0             0             0             1             1 
 0             0             1             0             1             2             0             0 
 0             0             2             0             0             1             1             0 
 1             1             1             0             1             1             0             2 
 1             1             1             0             0             0             2             1 
 2             1             0             0             0             1             1             0 
 0             1             0             0             1             1             0             0 
 0             0             1             0             0             0             0             0 
 0             0             0             0             0             0             2             1 
 0             0             0             0             0             0             0             0 
 0             1             0             0             0             1             1             0 
 3             0             0             0             0             1             0             0 
 0             0             0             0             0             0             0             0 
 0             1             1             0             1             0             0             0 
 0             1             0             0             0             0             0             0 
 0             0             0             0             0             0             0             0 
 0             0             0             0             0             0             0             0 
 0             1             0             1             0             0             0             1 
 0             0             0             1             0             0             1             0 
 0             0             0             1             0             0             0             1 
 0             0             0             0             0             0             0             0 
 0             0             0             0             1             0             0             0 
 0             0             0             0             0             0             0             0 
 0             1             0             0             0             0             0             0 
 0             0             1             2             1             0             0             0 
 0             1             0             1             1             0             0             0 
 0             0             0             1             0             1             0             0 
 0             0             1             0             0             0             0             0 
 0             0             2             0             1             0             1             0 
 0             1             1             0             0             0             0             2 
 0             0             0             0             0             0             0             0 
 0             0             0             0             0             1             1             0 
 1             0             1             0             0             0             1             0 
 0             0             0             0             0             0             0             0 
 0             1             0             0             0             1             0             0 
 0             0             0             0             0             0             0             0 
 0             0             1             0             0             0             0             0 
