$SPEC_ID:
bMCA Spectrum
$DATE_MEA:
07-08-2022  09:36:20
$MEAS_TIM:
 106.54        120
$DEVICE_ID:
bMCA 06201013
$ACQ_SETTINGS:
 2             120           1000          4             4095 
$HRDW_PARAMS:
PHA
 800
 3             3276          5 
 7             0             1023 
 80            25            45 
 1             1 
$SPEC_CAL:
-7.930157      2.249046      0
$MCA_CAL:
3
-7.930157      2.249046      0
$ROI:
 267           333           32768         1            137Cs
 553           618           16711935      1            60Co
 15            45            255           1            241Am
$DATA:
 0             1023 
 197           288           534           1187          2218          3803          6444          9663 
 12169         13990         14523         13481         12204         11204         10576         10891 
 12688         15112         19557         25208         31472         38975         45813         49985 
 51639         50513         46267         41393         36243         33674         33322         34862 
 39096         44053         47434         48310         45122         38444         28847         19751 
 12275         7086          3855          2239          1539          1285          1227          1199 
 1076          1139          1100          1185          1132          1105          1140          1072 
 1060          975           1043          943           1016          924           930           905 
 921           888           901           876           839           843           770           796 
 803           814           756           783           774           785           749           750 
 790           797           833           803           788           857           896           865 
 811           874           836           849           895           871           887           902 
 903           886           907           924           897           934           948           905 
 952           934           949           951           933           814           888           820 
 846           823           878           840           807           812           787           755 
 805           725           730           766           811           751           770           770 
 748           689           739           741           716           666           720           654 
 734           686           692           632           653           641           674           612 
 637           651           585           649           642           646           599           665 
 598           624           623           614           606           550           588           606 
 562           563           588           599           605           622           585           547 
 565           556           564           574           562           491           559           576 
 536           548           529           577           586           510           532           566 
 610           520           526           576           492           520           536           550 
 533           530           546           538           547           514           512           520 
 548           495           512           507           473           499           457           498 
 452           470           428           457           448           427           385           421 
 375           410           414           402           365           375           391           386 
 393           363           365           343           355           324           381           357 
 373           358           319           346           320           319           324           346 
 326           353           331           316           333           311           348           349 
 337           360           335           334           328           317           347           331 
 321           351           338           357           368           355           355           356 
 372           399           400           391           477           419           455           480 
 513           514           509           601           654           655           692           723 
 801           869           933           942           1034          1047          1143          1190 
 1135          1170          1243          1255          1289          1326          1266          1297 
 1250          1287          1242          1238          1200          1206          1183          1071 
 1048          995           956           959           908           834           782           704 
 702           644           615           615           603           580           476           511 
 480           430           457           421           415           433           387           354 
 415           356           367           332           410           333           345           307 
 334           340           323           355           308           335           333           318 
 338           322           323           343           338           322           322           317 
 358           320           361           325           346           361           327           326 
 353           360           341           332           357           325           313           387 
 367           380           345           376           364           392           367           370 
 370           390           378           379           351           365           367           391 
 371           350           369           363           384           373           369           379 
 371           358           376           410           367           406           394           376 
 350           373           367           369           420           362           308           354 
 368           346           356           304           334           291           338           316 
 295           279           321           290           267           299           296           314 
 242           294           287           287           254           235           262           271 
 264           254           274           262           251           271           259           236 
 260           235           248           278           226           235           247           266 
 250           248           209           235           229           223           216           245 
 219           253           243           218           239           240           250           209 
 222           202           224           230           230           216           231           228 
 235           207           231           268           219           213           252           224 
 252           256           243           281           271           299           314           338 
 351           366           376           384           365           434           452           523 
 502           500           501           505           537           579           616           615 
 551           658           624           656           604           657           645           622 
 625           669           625           649           648           608           609           595 
 597           527           530           525           507           485           477           445 
 436           376           423           366           368           338           301           292 
 342           282           291           244           244           256           278           241 
 282           226           238           228           224           225           255           230 
 225           274           267           257           280           308           322           302 
 338           329           365           351           387           369           421           420 
 465           421           415           429           454           455           505           502 
 514           497           475           492           522           519           492           484 
 453           452           432           467           453           446           396           400 
 373           359           359           310           320           326           273           275 
 255           265           245           230           203           199           206           187 
 147           162           138           151           127           139           118           107 
 103           102           101           98            78            81            71            66 
 56            72            47            66            48            47            48            49 
 44            35            56            38            38            40            36            32 
 19            34            24            21            38            18            22            21 
 20            28            21            23            15            17            19            20 
 15            19            18            20            19            18            15            13 
 19            17            19            20            9             12            21            18 
 16            14            16            13            14            15            20            10 
 17            10            12            15            12            12            15            12 
 15            14            15            7             18            20            16            15 
 12            11            8             17            15            8             14            16 
 11            16            12            10            12            12            10            13 
 12            12            12            7             14            10            14            11 
 13            11            11            6             11            8             15            11 
 11            16            15            11            8             18            8             9 
 12            9             10            10            14            12            16            10 
 13            9             11            7             14            7             9             11 
 13            14            16            15            8             11            16            7 
 13            8             13            5             11            7             10            15 
 3             11            9             7             8             7             12            9 
 7             14            9             10            6             10            8             9 
 11            12            10            13            6             7             11            13 
 7             9             7             12            5             6             13            5 
 10            13            9             11            9             9             8             9 
 11            12            9             11            10            8             2             8 
 8             10            15            5             13            10            10            11 
 7             9             8             10            5             10            7             13 
 6             8             7             11            8             6             10            8 
 8             8             6             4             6             9             10            10 
 7             12            9             11            10            8             12            5 
 12            10            7             10            15            9             8             9 
 10            6             5             10            11            6             12            4 
 8             13            5             5             2             6             6             4 
 6             4             8             9             10            1             8             5 
 10            8             11            8             8             11            8             10 
 7             8             4             5             8             15            4             4 
 11            6             11            6             6             6             5             10 
 6             9             10            6             6             6             8             8 
 5             7             6             3             12            8             7             3 
 4             6             6             7             5             6             7             5 
 6             8             5             10            7             7             8             7 
 5             9             4             6             10            9             5             9 
 14            8             8             8             17            8             8             6 
 7             7             9             4             4             11            6             5 
 7             6             9             9             7             9             3             4 
 7             4             5             6             5             0             6             8 
 3             5             2             4             3             7             3             6 
 3             4             5             6             4             5             3             6 
 3             4             4             4             2             4             2             3 
 2             7             3             3             5             2             2             2 
 4             3             4             3             5             0             1             1 
