$SPEC_ID:
bMCA Spectrum
$DATE_MEA:
07-05-2022  13:16:24
$MEAS_TIM:
 233.065       240
$DEVICE_ID:
bMCA 06201013
$ACQ_SETTINGS:
 2             240           1000          4             4095 
$HRDW_PARAMS:
PHA
 800
 3             3276          5 
 7             0             1023 
 80            25            45 
 1             1 
$SPEC_CAL:
-2.996172      2.07587       2.903056E-04
$MCA_CAL:
3
-2.996172      2.07587       2.903056E-04
$ROI:
 553           618           16711935      1            60Co
 46            75            33023         1            57Co
$DATA:
 0             1023 
 21            23            29            76            159           220           327           434 
 532           592           658           648           732           699           854           867 
 986           1033          1121          1200          1207          1242          1187          1205 
 1142          1098          1191          1147          1155          1221          1266          1290 
 1294          1381          1480          1582          1696          1797          1784          1827 
 1939          2043          1988          2115          2208          2421          2782          3296 
 3879          4652          5316          5993          6757          6913          7302          7385 
 7104          6915          6921          6926          6835          7098          7425          7137 
 7118          7014          6412          5647          4844          4093          3312          2771 
 2274          1919          1804          1555          1455          1389          1299          1272 
 1230          1179          1194          1172          1198          1179          1169          1223 
 1150          1195          1193          1324          1284          1304          1240          1272 
 1267          1292          1369          1339          1467          1389          1423          1459 
 1440          1524          1519          1471          1447          1437          1416          1462 
 1451          1421          1416          1358          1362          1364          1325          1308 
 1340          1334          1271          1278          1296          1280          1137          1243 
 1180          1211          1271          1168          1161          1086          1157          1126 
 1095          1064          1078          1094          1084          1117          1043          1077 
 1020          1053          1027          993           1026          1000          966           993 
 986           1024          970           990           935           963           931           923 
 904           931           899           914           882           856           914           872 
 875           916           909           848           858           874           801           851 
 842           786           798           844           868           838           849           863 
 819           861           822           808           830           769           741           773 
 804           796           809           758           791           818           795           793 
 792           781           799           740           791           803           828           833 
 735           799           798           745           755           776           768           763 
 772           758           775           753           788           784           724           719 
 747           793           784           739           770           766           780           721 
 746           735           799           737           729           785           706           688 
 749           790           729           737           728           724           724           765 
 711           767           762           753           802           755           760           753 
 725           749           746           734           740           789           678           745 
 739           692           747           759           796           726           757           772 
 721           779           761           782           748           762           734           721 
 741           771           743           808           771           766           756           776 
 781           777           791           737           796           806           789           750 
 811           792           827           778           775           837           806           769 
 779           765           791           767           777           753           756           807 
 835           790           767           811           781           792           787           822 
 797           846           821           815           748           786           808           846 
 823           763           813           828           804           776           807           805 
 819           815           794           811           761           761           814           843 
 825           796           761           856           816           848           809           853 
 836           830           851           847           899           843           844           849 
 892           868           862           916           877           923           849           891 
 920           943           862           906           954           879           903           930 
 903           902           939           926           941           973           933           893 
 984           952           1014          965           967           964           938           960 
 937           990           966           1004          1013          945           944           946 
 967           984           1012          977           974           935           930           940 
 924           935           883           895           913           852           850           839 
 851           844           831           757           777           762           751           747 
 731           726           726           712           676           753           730           717 
 689           661           678           648           638           635           630           628 
 638           651           637           659           568           635           632           640 
 633           632           606           623           620           624           623           599 
 614           626           599           632           573           606           555           525 
 604           579           602           598           589           570           587           542 
 597           569           589           574           565           524           597           601 
 597           605           594           635           633           657           720           734 
 713           783           710           804           902           861           1009          990 
 974           1124          1086          1177          1196          1336          1331          1366 
 1414          1451          1555          1472          1604          1645          1608          1664 
 1691          1692          1690          1691          1687          1665          1692          1640 
 1677          1555          1585          1522          1525          1373          1361          1322 
 1327          1256          1247          1116          1078          1067          1038          936 
 944           882           818           795           764           745           702           652 
 649           638           539           603           562           547           560           618 
 599           598           571           591           621           648           584           696 
 704           754           769           804           819           880           861           980 
 965           1055          1108          1083          1096          1140          1150          1206 
 1251          1248          1295          1265          1327          1252          1350          1306 
 1323          1322          1254          1263          1235          1194          1255          1217 
 1154          1094          1099          1049          994           1008          933           907 
 897           861           808           775           692           690           656           616 
 573           541           524           477           451           427           413           359 
 341           340           319           336           252           268           246           221 
 211           225           160           195           161           166           171           150 
 142           130           128           112           112           116           97            89 
 93            90            90            78            74            77            71            62 
 81            55            63            69            63            65            53            62 
 53            54            53            57            59            37            46            61 
 48            43            47            55            55            42            44            41 
 40            35            53            41            44            30            41            49 
 41            35            39            26            47            38            43            33 
 47            46            40            40            33            36            46            39 
 39            39            39            41            42            44            47            44 
 24            50            42            32            47            29            43            28 
 52            42            39            34            33            34            39            36 
 32            39            42            40            27            42            33            30 
 45            37            32            24            29            51            19            46 
 40            32            30            45            27            35            32            34 
 33            31            34            32            30            29            34            27 
 28            36            30            32            37            32            26            30 
 21            37            36            29            43            32            30            42 
 26            25            34            31            26            36            19            29 
 23            28            18            36            30            34            34            26 
 35            27            26            27            35            30            29            25 
 35            27            31            41            41            35            25            28 
 35            42            19            36            28            18            37            28 
 18            31            26            36            30            39            42            28 
 19            24            27            28            27            27            39            29 
 30            25            36            21            34            27            25            34 
 20            24            18            27            33            17            35            28 
 21            25            26            30            24            21            22            22 
 29            28            24            24            35            29            28            22 
 28            24            30            17            23            23            20            33 
 19            24            16            21            17            30            21            22 
 22            24            20            19            20            24            25            33 
 22            22            28            22            31            20            17            24 
 20            23            24            24            26            22            22            21 
 20            21            18            22            26            22            20            28 
 19            25            21            17            33            20            25            27 
 20            23            22            25            20            19            25            26 
 31            17            23            28            30            14            25            18 
 19            24            21            30            25            23            24            22 
 23            19            24            28            29            28            22            19 
 26            24            30            25            25            19            21            29 
 20            28            15            25            23            24            20            30 
 33            33            32            32            15            25            22            31 
 21            25            20            28            27            17            24            29 
 23            21            16            27            20            33            21            34 
 18            24            22            27            14            30            29            17 
 14            20            22            22            20            13            22            8 
 17            20            14            11            12            12            12            13 
 15            16            18            10            16            9             9             6 
 13            15            6             10            6             9             5             11 
