$SPEC_ID:
bMCA Spectrum
$DATE_MEA:
07-08-2022  09:26:45
$MEAS_TIM:
 53.275        60
$DEVICE_ID:
bMCA 06201013
$ACQ_SETTINGS:
 2             60            1000          4             4095 
$HRDW_PARAMS:
PHA
 800
 3             3276          5 
 7             0             1023 
 80            25            45 
 1             1 
$SPEC_CAL:
-7.930157      2.249046      0
$MCA_CAL:
3
-7.930157      2.249046      0
$ROI:
 267           333           32768         1            137Cs
 553           618           16711935      1            60Co
 15            45            255           1            241Am
$DATA:
 0             1023 
 111           132           329           573           1131          1972          3298          4787 
 6046          7047          7015          6742          6091          5501          5326          5525 
 6211          7686          9587          12363         15769         19734         22735         24900 
 26129         25374         23126         20810         18420         16860         16586         17469 
 19615         21716         23873         24222         22596         18927         14521         9999 
 6057          3498          1996          1174          809           615           597           596 
 538           553           563           575           605           576           582           553 
 495           505           465           463           470           465           433           483 
 459           458           443           453           427           400           386           398 
 417           393           371           410           368           392           398           435 
 390           387           383           428           426           386           413           432 
 442           417           431           460           462           437           456           433 
 477           421           521           433           488           425           488           490 
 460           497           459           464           436           428           419           415 
 446           402           400           413           421           418           393           383 
 381           352           372           351           390           366           396           374 
 370           355           345           328           356           354           361           374 
 329           329           356           342           308           314           336           335 
 323           311           311           324           309           316           307           309 
 297           287           317           275           331           287           306           288 
 295           293           260           297           275           293           273           270 
 293           281           291           234           290           268           296           280 
 284           263           262           265           247           278           250           280 
 252           267           290           256           279           292           269           247 
 263           299           283           277           265           251           246           233 
 246           250           229           267           261           218           240           240 
 223           243           222           200           200           201           183           205 
 207           218           184           200           187           193           201           178 
 188           177           190           173           179           168           152           179 
 173           192           188           174           181           161           162           187 
 171           175           167           162           167           142           152           185 
 162           170           167           174           161           177           163           192 
 180           172           180           157           159           174           173           205 
 204           175           203           188           221           199           222           227 
 255           250           318           301           296           316           316           381 
 372           406           413           493           484           525           528           560 
 616           582           595           619           616           625           661           661 
 693           675           640           641           573           580           556           535 
 516           475           473           450           485           438           419           365 
 319           362           343           295           273           270           268           248 
 240           225           217           242           203           233           193           188 
 182           200           180           176           175           169           163           167 
 168           143           169           173           153           159           147           165 
 165           179           152           149           177           167           160           158 
 171           160           170           188           160           170           182           193 
 194           146           180           168           172           168           169           194 
 176           187           195           182           207           189           183           217 
 193           186           207           165           174           183           193           179 
 160           167           183           188           203           199           194           180 
 170           197           224           180           196           190           182           183 
 191           196           188           182           211           199           169           177 
 194           168           160           178           178           175           154           160 
 144           181           150           146           168           147           156           143 
 146           150           121           155           125           126           129           150 
 134           128           132           134           125           121           130           122 
 121           108           115           115           112           141           114           126 
 117           134           114           119           111           118           115           114 
 114           115           114           110           96            124           112           104 
 117           119           108           120           105           99            122           115 
 102           108           118           92            124           104           119           100 
 135           126           126           136           147           139           148           147 
 156           165           164           189           185           218           226           225 
 247           258           260           279           282           254           260           288 
 314           317           341           326           315           339           308           294 
 340           307           326           317           284           314           276           283 
 253           266           260           248           228           235           224           219 
 209           219           174           174           177           166           152           162 
 156           151           149           149           119           124           136           103 
 127           111           128           109           97            114           133           139 
 131           133           134           131           124           138           170           169 
 174           179           158           197           174           193           191           219 
 201           226           236           227           249           222           246           221 
 239           219           241           257           232           238           240           219 
 247           191           219           228           190           187           201           200 
 173           192           188           173           176           163           151           141 
 151           140           120           114           109           82            92            104 
 95            84            73            69            67            83            54            72 
 51            51            46            40            47            43            48            41 
 27            40            25            18            31            21            14            24 
 16            22            23            18            13            20            14            21 
 13            10            12            12            9             10            8             15 
 14            12            12            12            6             14            13            7 
 7             7             9             15            3             8             11            9 
 5             7             10            9             3             7             4             10 
 10            9             9             7             3             5             8             8 
 10            9             8             1             7             6             3             6 
 5             7             8             2             9             4             4             4 
 8             2             5             8             3             8             8             5 
 4             6             11            10            7             1             2             5 
 10            7             6             9             3             7             4             7 
 4             6             11            5             4             6             6             8 
 3             5             3             6             4             6             10            1 
 6             4             9             8             6             3             9             4 
 8             4             3             8             4             4             7             9 
 6             10            4             5             3             7             7             6 
 4             3             6             10            7             4             9             11 
 2             5             8             0             7             5             6             10 
 9             2             8             7             8             8             5             3 
 8             7             8             1             2             4             7             4 
 4             3             0             7             9             6             7             6 
 4             2             2             4             5             2             3             4 
 4             4             8             3             3             1             6             4 
 2             7             4             4             2             3             6             6 
 3             1             6             2             3             2             4             2 
 4             1             9             6             7             2             6             4 
 3             4             3             1             7             8             2             3 
 6             0             3             6             2             4             3             5 
 7             4             0             4             4             4             3             3 
 2             6             9             3             6             5             5             2 
 2             3             3             4             1             7             6             4 
 4             6             4             7             5             5             2             1 
 3             3             7             1             5             4             4             6 
 5             0             4             0             1             3             2             4 
 2             1             6             3             4             7             5             1 
 7             5             2             3             3             4             0             2 
 3             6             7             4             3             4             1             1 
 2             4             3             2             4             2             7             2 
 4             2             2             5             5             2             6             6 
 1             4             5             5             4             4             4             5 
 3             8             4             1             4             8             5             3 
 3             2             3             6             2             4             7             3 
 3             6             4             6             4             4             4             3 
 3             3             3             3             3             3             2             0 
 2             5             1             4             1             3             4             1 
 2             0             1             5             2             2             0             3 
 4             0             0             4             3             0             2             0 
 0             2             0             2             3             2             3             1 
 1             1             1             0             0             1             1             3 
