$SPEC_ID:
bMCA Spectrum
$DATE_MEA:
07-07-2022  14:22:07
$MEAS_TIM:
 58.325        60
$DEVICE_ID:
bMCA 06201013
$ACQ_SETTINGS:
 2             60            1000          4             4095 
$HRDW_PARAMS:
PHA
 800
 3             3276          5 
 7             0             1023 
 80            25            45 
 1             1 
$SPEC_CAL:
-7.930157      2.249046      0
$MCA_CAL:
3
-7.930157      2.249046      0
$ROI:
 553           618           16711935      1            60Co
 46            75            33023         1            57Co
$DATA:
 0             1023 
 5             5             16            18            37            74            91            94 
 151           144           182           185           182           214           200           209 
 257           256           257           281           295           285           325           291 
 289           258           280           276           281           282           307           281 
 362           346           367           410           482           475           498           495 
 502           530           528           602           580           632           758           903 
 1135          1396          1689          1914          2084          2215          2269          2399 
 2291          2139          2118          2063          2105          2284          2235          2288 
 2436          2174          2012          1799          1509          1332          997           808 
 705           613           427           397           373           329           295           288 
 280           283           278           277           260           268           245           291 
 256           264           287           257           258           297           273           276 
 312           288           276           322           309           316           321           330 
 306           286           311           336           299           327           312           312 
 307           314           347           330           299           283           285           284 
 305           287           273           279           261           282           300           247 
 255           268           279           261           257           271           269           261 
 223           224           232           233           257           253           219           262 
 261           232           249           231           223           223           187           219 
 212           232           227           194           192           192           207           233 
 208           228           195           211           213           187           202           202 
 181           212           191           190           182           202           197           200 
 178           187           194           184           170           176           204           195 
 178           183           181           182           201           165           184           194 
 176           168           167           181           181           166           178           158 
 182           180           177           153           184           165           157           175 
 178           177           182           196           167           172           182           167 
 172           181           178           166           150           167           172           168 
 167           156           149           168           172           153           154           169 
 176           146           162           184           151           169           159           175 
 190           190           159           193           178           162           160           141 
 177           183           143           166           178           157           167           181 
 164           175           175           163           156           155           163           167 
 178           156           162           165           185           160           155           147 
 178           157           178           184           189           183           168           151 
 174           175           172           181           152           161           186           148 
 167           186           178           164           166           170           152           180 
 159           171           171           186           181           189           169           170 
 182           168           170           175           178           178           167           186 
 169           157           181           164           172           189           171           175 
 183           154           161           180           172           181           201           164 
 180           178           169           171           179           198           167           175 
 177           156           192           157           184           156           180           185 
 176           186           171           182           184           196           219           211 
 175           160           216           189           199           172           190           179 
 176           193           201           197           219           171           175           188 
 172           201           190           191           202           192           191           190 
 198           205           199           201           192           222           198           212 
 232           191           209           208           230           235           194           212 
 215           206           194           227           192           194           226           201 
 212           202           215           227           204           205           208           199 
 223           208           199           198           173           196           197           200 
 200           169           177           181           157           169           190           175 
 156           145           140           160           153           156           138           143 
 149           140           170           132           141           149           124           150 
 154           129           126           155           146           133           121           128 
 155           117           135           126           133           142           137           120 
 121           134           138           123           128           110           119           151 
 138           123           136           132           130           115           126           151 
 133           147           130           100           116           129           118           140 
 128           146           127           136           117           130           125           152 
 137           160           172           169           197           182           225           236 
 260           231           248           295           252           294           272           297 
 287           314           332           307           352           343           363           352 
 343           349           348           351           350           385           328           323 
 378           339           321           304           312           324           306           297 
 277           265           271           248           220           232           235           223 
 162           218           202           168           171           157           161           139 
 132           125           139           129           121           135           128           126 
 130           100           128           128           136           115           138           156 
 148           153           154           189           178           185           208           211 
 196           216           214           260           250           249           249           250 
 272           238           237           292           292           303           316           273 
 276           268           264           275           260           262           280           219 
 223           264           233           223           200           207           224           192 
 188           157           168           147           148           143           162           144 
 110           113           122           94            102           87            89            73 
 69            69            78            59            56            52            51            47 
 52            44            49            43            39            37            32            32 
 30            23            30            21            27            15            20            32 
 29            18            21            17            19            17            14            20 
 14            16            14            13            11            9             13            11 
 13            14            16            10            11            8             11            9 
 14            14            4             9             7             9             7             7 
 8             9             6             17            6             9             8             12 
 7             6             6             6             5             5             11            4 
 8             5             9             6             10            10            9             6 
 6             7             6             10            9             6             6             9 
 7             7             6             7             8             3             9             7 
 14            8             6             5             7             4             6             7 
 6             6             6             5             8             8             5             8 
 12            5             3             6             5             7             7             9 
 4             2             6             3             15            7             6             12 
 7             5             3             8             7             3             8             7 
 1             10            6             4             6             5             6             8 
 6             12            10            1             8             4             6             4 
 7             7             5             3             9             6             7             7 
 4             8             5             5             7             7             11            5 
 8             5             5             3             5             6             8             7 
 9             1             9             10            6             7             6             3 
 3             1             2             5             7             6             6             5 
 5             2             5             5             6             3             3             3 
 7             6             7             5             7             3             0             9 
 7             8             2             6             5             2             6             3 
 3             4             3             5             3             6             5             7 
 5             1             5             5             4             5             2             8 
 6             1             0             3             4             3             6             3 
 2             10            3             2             6             3             8             6 
 5             2             2             4             4             5             3             8 
 3             4             4             2             1             4             3             4 
 9             5             5             5             4             1             4             9 
 3             4             5             6             9             8             6             3 
 5             2             6             2             3             6             3             6 
 6             7             3             1             5             3             11            6 
 5             3             3             4             1             2             8             2 
 4             2             4             2             7             3             4             3 
 3             3             4             4             2             4             5             8 
 6             2             4             4             6             5             4             6 
 2             7             4             3             3             10            3             4 
 6             5             2             4             5             5             2             7 
 7             5             3             5             4             3             1             6 
 3             2             7             4             4             9             5             4 
 8             4             6             7             6             5             4             5 
 3             7             6             1             3             8             6             7 
 2             3             1             8             4             3             2             6 
 5             2             3             1             2             6             5             1 
 2             2             3             1             4             1             3             1 
 3             0             0             1             5             2             2             1 
