$SPEC_ID:
bMCA Spectrum
$DATE_MEA:
07-05-2022  09:38:29
$MEAS_TIM:
 53.01         60
$DEVICE_ID:
bMCA 06201013
$ACQ_SETTINGS:
 2             60            1000          4             4095 
$HRDW_PARAMS:
PHA
 800
 3             3276          5 
 7             0             1023 
 80            25            45 
 1             1 
$SPEC_CAL:
-2.996172      2.07587       2.903056E-04
$MCA_CAL:
3
-2.996172      2.07587       2.903056E-04
$ROI:
 265           335           32768         1            137Cs
 46            75            33023         1            57Co
 15            45            255           1            241Am
$DATA:
 0             1023 
 138           195           345           740           1503          2525          4135          5810 
 7589          8513          8669          8142          7407          6642          6279          6580 
 7414          9092          11193         14353         18054         22229         25728         28599 
 29735         29297         27127         24087         21432         19302         18754         19794 
 22026         24645         26846         28118         26811         23622         18287         13073 
 8136          4734          2639          1477          1006          865           854           995 
 1140          1236          1418          1590          1709          1811          1833          1804 
 1794          1682          1649          1658          1676          1669          1754          1767 
 1733          1653          1480          1283          1109          954           725           605 
 474           362           341           306           258           270           255           265 
 229           216           236           260           206           229           226           265 
 243           252           253           228           264           233           248           248 
 219           255           237           216           219           211           217           196 
 176           187           209           209           199           199           192           192 
 189           169           196           192           170           174           152           165 
 168           163           154           159           178           147           155           130 
 139           137           159           146           148           163           168           122 
 120           141           126           137           128           141           135           119 
 112           122           126           123           123           115           150           128 
 131           119           111           120           115           126           135           122 
 129           132           115           129           130           110           130           117 
 103           108           102           98            140           105           118           134 
 148           124           118           142           97            124           98            106 
 115           116           116           128           118           129           126           114 
 124           130           139           118           121           107           108           110 
 108           105           113           98            111           105           94            102 
 92            74            74            80            85            69            80            83 
 74            52            60            59            61            51            62            44 
 47            34            51            49            29            48            37            31 
 38            33            36            30            16            32            20            22 
 21            30            27            29            23            26            18            21 
 21            29            28            23            22            23            21            24 
 27            21            28            14            22            24            25            41 
 32            30            43            39            47            59            56            70 
 87            80            122           111           141           176           163           186 
 204           253           250           309           315           305           356           376 
 401           440           462           476           459           488           486           545 
 521           525           506           531           537           491           476           472 
 473           446           440           379           349           343           311           281 
 269           239           251           230           183           189           159           143 
 124           123           116           98            89            72            67            66 
 44            55            39            38            39            22            26            22 
 20            18            13            12            12            17            13            11 
 12            9             11            11            3             8             9             4 
 7             0             7             7             10            4             4             4 
 6             5             10            3             8             5             6             6 
 6             1             7             3             5             2             8             1 
 2             1             3             4             3             3             2             7 
 5             4             5             4             6             5             4             2 
 0             6             2             6             6             3             2             1 
 6             6             4             4             2             1             4             6 
 4             4             4             3             3             4             4             4 
 2             3             2             1             4             1             6             4 
 4             3             4             1             4             1             2             2 
 1             2             7             1             3             1             3             3 
 6             4             4             1             1             4             3             5 
 1             5             2             2             5             0             5             3 
 4             4             5             6             2             0             5             5 
 2             5             2             3             3             2             2             5 
 2             2             3             2             5             4             3             2 
 2             3             3             1             0             4             3             3 
 3             1             3             1             2             1             3             0 
 1             4             1             5             4             6             1             3 
 3             0             5             2             5             6             5             1 
 4             4             2             5             5             3             4             4 
 4             4             1             1             4             3             4             4 
 2             4             4             1             3             2             1             2 
 4             1             3             5             2             6             4             2 
 4             3             1             2             3             4             1             2 
 3             1             0             2             4             1             0             2 
 3             4             4             6             0             2             2             0 
 2             3             0             1             1             2             1             3 
 2             5             2             0             1             2             4             2 
 4             2             4             3             5             2             2             1 
 1             2             3             1             1             3             3             5 
 2             2             4             3             1             1             0             0 
 3             0             4             1             2             0             1             2 
 3             2             6             1             0             1             2             2 
 2             3             2             3             2             2             2             3 
 3             1             5             0             3             2             0             1 
 5             1             3             1             2             4             1             1 
 5             3             2             3             3             0             2             1 
 1             2             2             1             1             2             1             0 
 1             2             3             2             3             2             0             2 
 2             2             0             0             1             1             0             1 
 1             1             1             0             1             2             3             0 
 0             0             0             0             1             0             0             2 
 1             1             0             0             0             0             0             0 
 0             0             0             0             0             0             1             0 
 0             1             2             0             0             1             0             0 
 2             0             0             2             0             0             0             0 
 0             1             2             1             0             0             0             0 
 1             0             2             2             0             0             0             0 
 0             2             0             1             0             0             0             1 
 0             1             0             0             0             0             0             1 
 0             2             0             0             0             0             0             0 
 0             0             0             1             1             0             0             0 
 1             2             0             0             0             0             0             0 
 0             0             1             0             0             0             0             0 
 0             0             1             1             0             1             1             0 
 0             0             0             1             0             0             0             0 
 0             0             0             0             2             0             0             1 
 1             1             0             0             0             1             0             0 
 0             0             0             1             1             0             0             0 
 0             0             0             1             0             0             0             0 
 1             0             0             0             0             0             0             0 
 0             1             0             0             0             1             0             0 
 0             0             0             1             0             0             0             0 
 0             1             0             0             0             0             0             0 
 1             0             0             0             0             0             0             0 
 0             0             1             0             0             0             0             0 
 0             0             0             0             0             0             0             0 
 0             0             0             0             0             0             0             0 
 0             0             1             0             0             1             0             0 
 0             1             0             0             0             0             0             0 
 1             0             0             0             0             0             0             0 
 0             0             0             0             0             0             0             0 
 0             0             0             1             1             0             0             1 
 0             0             1             0             1             0             0             0 
 0             0             0             1             0             0             0             1 
 0             0             0             1             0             0             0             0 
 0             1             0             0             0             0             0             1 
 0             0             0             0             0             0             0             1 
 0             0             0             0             0             0             0             0 
 0             0             0             0             0             1             0             0 
 1             0             0             0             0             1             0             0 
 0             0             0             0             0             0             0             0 
 0             0             0             0             0             0             1             0 
