$SPEC_ID:
bMCA Spectrum
$DATE_MEA:
07-08-2022  08:31:41
$MEAS_TIM:
 53.58         60
$DEVICE_ID:
bMCA 06201013
$ACQ_SETTINGS:
 2             60            1000          4             4095 
$HRDW_PARAMS:
PHA
 800
 3             3276          5 
 7             0             1023 
 80            25            45 
 1             1 
$SPEC_CAL:
-7.930157      2.249046      0
$MCA_CAL:
3
-7.930157      2.249046      0
$ROI:
 267           333           32768         1            137Cs
 46            75            33023         1            57Co
 15            45            255           1            241Am
$DATA:
 0             1023 
 97            170           313           629           1150          2105          3506          5104 
 6476          7679          7944          7459          6749          5926          5566          5932 
 6628          7916          9981          12728         15482         19249         22539         25504 
 27308         27423         25399         22665         20241         18348         17529         18269 
 20503         23453         25403         26086         24724         21163         16434         11533 
 7136          3994          2295          1316          908           808           841           908 
 1088          1323          1566          1766          2047          2182          2198          2335 
 2311          2134          1980          2029          2095          2135          2226          2220 
 2225          2081          1943          1618          1410          1156          893           739 
 554           514           398           302           321           249           228           225 
 247           228           222           201           203           210           250           217 
 211           224           248           211           206           217           206           228 
 215           227           209           190           213           198           197           206 
 180           173           190           171           189           162           151           188 
 178           147           143           165           164           166           139           114 
 169           151           146           138           157           123           140           136 
 114           129           146           123           133           140           129           140 
 126           113           108           113           124           126           100           121 
 133           124           109           113           110           114           120           126 
 122           114           103           109           121           97            91            117 
 111           90            128           120           111           104           111           105 
 98            120           107           113           110           96            113           92 
 102           109           96            87            106           98            106           114 
 92            98            126           97            112           99            95            113 
 94            120           102           105           91            111           96            86 
 90            103           115           104           107           98            94            90 
 74            79            67            66            64            56            77            68 
 60            57            58            55            45            40            47            35 
 45            36            43            42            36            34            35            26 
 34            33            28            30            15            22            23            20 
 26            19            30            24            28            18            24            20 
 23            20            15            19            17            17            20            19 
 18            19            24            22            27            24            18            20 
 27            28            37            31            39            50            45            41 
 70            60            89            97            106           121           135           142 
 155           181           199           223           245           243           266           335 
 335           329           332           359           380           384           383           412 
 412           435           399           442           423           428           428           383 
 367           358           384           314           307           305           290           270 
 209           243           172           176           164           171           129           133 
 113           103           95            75            75            78            53            54 
 38            30            35            19            21            32            22            32 
 17            19            19            5             4             10            11            7 
 14            9             9             10            10            7             12            3 
 4             2             5             8             4             7             3             4 
 6             4             7             3             3             2             3             5 
 5             1             4             5             2             5             2             2 
 2             8             3             2             1             5             1             6 
 1             6             4             5             5             4             3             2 
 6             6             3             4             5             1             2             3 
 5             4             3             5             3             3             3             4 
 1             3             5             6             4             0             3             5 
 2             0             0             2             2             6             4             8 
 2             4             1             0             3             0             2             2 
 2             2             6             6             4             4             3             2 
 5             3             1             4             1             2             1             7 
 0             3             0             2             2             3             3             2 
 3             0             4             2             1             4             1             1 
 2             7             3             5             4             6             1             2 
 1             4             3             4             5             3             2             4 
 8             1             2             2             2             7             3             0 
 1             2             3             3             3             4             1             4 
 2             1             0             1             3             2             3             3 
 3             3             0             4             1             1             4             5 
 4             2             2             6             0             2             6             1 
 1             5             3             3             5             4             1             3 
 3             2             4             2             0             6             1             7 
 9             6             4             2             1             3             0             2 
 2             2             4             2             2             5             1             5 
 3             0             0             1             0             0             1             3 
 0             2             2             1             2             1             2             3 
 3             0             2             3             3             2             5             0 
 4             2             2             1             2             3             5             1 
 4             4             3             0             1             3             0             7 
 3             0             2             4             1             0             0             1 
 1             3             4             5             2             2             2             1 
 4             0             0             2             2             0             4             2 
 0             1             1             3             2             1             3             1 
 3             1             2             6             0             1             2             2 
 0             2             2             0             2             0             1             3 
 2             2             1             2             2             3             2             1 
 1             1             3             0             1             0             4             0 
 0             2             0             0             0             1             4             1 
 1             1             2             2             0             0             0             0 
 1             0             1             2             0             1             2             3 
 0             0             2             1             0             1             0             1 
 0             2             1             1             1             1             1             1 
 0             1             0             1             0             0             1             0 
 0             0             0             0             1             1             0             0 
 1             0             0             0             0             0             1             1 
 1             0             0             1             0             0             0             0 
 0             1             0             0             0             1             0             1 
 1             0             1             0             0             1             1             0 
 0             1             0             0             0             0             1             0 
 0             2             0             0             1             0             0             0 
 0             0             0             0             0             1             1             0 
 0             0             0             0             0             0             0             0 
 0             0             0             1             0             0             0             1 
 0             0             0             1             0             1             0             0 
 0             0             0             0             0             0             0             0 
 0             2             2             0             0             0             2             0 
 0             0             0             0             0             1             0             0 
 0             0             0             0             0             2             0             0 
 0             0             1             1             0             0             1             1 
 1             0             0             0             0             0             1             0 
 1             0             0             0             1             0             0             0 
 1             0             0             2             0             0             0             1 
 0             0             0             0             0             0             0             0 
 0             1             0             0             1             0             0             0 
 0             0             0             0             0             1             0             0 
 0             0             0             0             0             0             0             1 
 0             0             0             0             0             0             0             0 
 0             2             0             0             0             0             0             0 
 0             0             0             0             0             0             0             0 
 0             0             0             0             0             0             0             0 
 0             0             0             0             0             0             0             1 
 1             0             0             0             0             0             0             0 
 0             0             0             0             1             0             2             1 
 0             0             0             0             1             0             1             0 
 0             1             0             0             1             1             0             0 
 0             1             0             0             0             0             0             0 
 0             0             1             0             0             1             0             0 
 0             0             0             0             0             0             0             0 
 2             1             1             0             0             0             0             0 
 0             1             1             0             0             0             0             0 
 0             0             0             0             0             0             0             0 
 0             0             0             0             0             1             0             0 
 1             1             0             0             0             0             0             0 
