$SPEC_ID:
bMCA Spectrum
$DATE_MEA:
07-05-2022  09:41:33
$MEAS_TIM:
 52.99         60
$DEVICE_ID:
bMCA 06201013
$ACQ_SETTINGS:
 2             60            1000          4             4095 
$HRDW_PARAMS:
PHA
 800
 3             3276          5 
 7             0             1023 
 80            25            45 
 1             1 
$SPEC_CAL:
-2.996172      2.07587       2.903056E-04
$MCA_CAL:
3
-2.996172      2.07587       2.903056E-04
$ROI:
 265           335           32768         1            137Cs
 46            75            33023         1            57Co
 15            45            255           1            241Am
$DATA:
 0             1023 
 107           215           400           730           1438          2567          3949          5955 
 7294          8343          8524          8039          7356          6647          6260          6609 
 7610          9045          11264         14443         18180         22045         25748         28606 
 30007         29324         27590         24370         21404         19611         19185         19655 
 21972         24627         27296         28013         26817         23633         18308         12915 
 8216          4729          2651          1521          1028          880           901           927 
 1097          1338          1403          1603          1763          1865          1876          1780 
 1762          1683          1683          1561          1610          1634          1766          1757 
 1749          1703          1504          1275          1080          912           737           596 
 495           406           315           330           309           256           235           254 
 251           231           252           235           259           240           239           234 
 227           257           259           249           276           243           251           263 
 205           235           220           226           211           207           225           225 
 203           207           182           207           207           201           205           180 
 188           171           177           177           153           169           145           180 
 140           152           139           153           159           151           151           147 
 154           143           154           139           153           114           118           147 
 135           138           146           138           156           145           140           140 
 126           143           112           140           128           139           111           117 
 150           138           131           132           124           113           114           141 
 107           126           129           123           136           124           130           119 
 111           111           131           124           131           132           108           126 
 127           128           132           101           114           104           132           109 
 121           118           119           110           128           120           121           117 
 125           122           123           123           128           133           122           107 
 126           113           106           92            112           101           98            92 
 97            94            86            71            65            83            79            71 
 71            74            61            50            68            54            54            62 
 54            37            41            39            38            44            32            36 
 37            26            37            38            35            39            33            32 
 26            27            29            13            30            28            28            37 
 26            20            18            18            22            30            21            16 
 16            25            22            27            25            27            33            22 
 44            39            43            48            48            78            54            70 
 85            102           117           112           141           171           137           189 
 211           251           248           267           313           331           353           404 
 392           443           482           498           436           523           510           499 
 564           536           526           553           561           521           498           490 
 417           439           434           413           345           367           320           301 
 279           247           261           221           210           177           150           132 
 134           112           111           79            76            80            69            49 
 56            39            39            41            28            29            22            19 
 12            17            22            13            16            16            6             14 
 12            11            16            11            6             6             9             6 
 1             4             3             10            7             11            5             7 
 4             4             3             4             6             4             7             3 
 3             2             5             4             3             3             5             5 
 6             5             5             8             7             2             2             2 
 3             5             1             2             3             3             4             4 
 6             6             9             3             3             11            1             3 
 5             6             5             5             3             4             3             7 
 6             7             3             3             6             8             4             3 
 3             6             8             4             7             0             3             3 
 1             2             0             4             1             1             3             2 
 1             2             4             4             2             3             5             2 
 3             2             3             3             2             2             5             5 
 5             2             3             2             0             4             3             5 
 5             3             0             2             3             5             3             4 
 0             5             6             4             4             3             2             3 
 3             0             4             2             5             1             3             3 
 3             2             4             4             2             2             2             5 
 4             2             1             1             4             4             3             5 
 2             6             5             3             5             4             3             8 
 2             3             9             4             2             6             2             2 
 3             0             2             3             2             5             5             3 
 4             2             1             5             2             5             2             4 
 2             4             3             1             6             3             2             5 
 3             4             0             6             2             4             3             2 
 3             1             1             3             3             4             2             1 
 3             4             2             2             0             0             1             1 
 1             5             1             1             1             1             2             3 
 1             1             0             2             3             1             0             1 
 2             1             0             2             2             1             3             6 
 3             2             1             2             3             3             4             1 
 2             4             6             5             2             1             2             1 
 2             1             2             0             2             1             5             0 
 1             0             2             1             0             3             3             4 
 1             2             1             2             1             4             1             4 
 2             4             2             1             2             1             2             2 
 0             1             3             0             1             1             4             1 
 1             4             2             2             4             1             1             1 
 3             2             1             2             0             0             2             0 
 5             1             0             0             1             1             1             3 
 0             1             5             0             1             2             0             0 
 0             2             0             1             4             2             2             1 
 1             0             2             1             0             1             2             1 
 0             0             0             1             1             1             1             1 
 0             0             0             0             0             0             0             0 
 0             0             0             1             0             0             0             0 
 1             1             0             0             0             0             0             0 
 0             1             1             1             0             0             0             0 
 0             0             0             0             1             0             2             1 
 0             0             0             0             0             0             0             0 
 0             0             0             1             0             1             0             0 
 0             0             0             0             0             0             1             3 
 0             0             1             0             0             1             0             1 
 0             0             0             0             0             0             0             0 
 1             1             1             1             0             0             1             0 
 1             0             0             0             1             0             0             0 
 0             0             1             0             1             1             0             0 
 0             1             0             2             0             0             0             1 
 0             0             0             0             0             0             1             0 
 1             0             0             0             0             0             0             0 
 0             1             1             0             1             0             0             0 
 0             0             0             0             0             1             0             1 
 1             0             0             0             0             0             0             0 
 0             0             0             0             0             0             1             1 
 0             0             0             0             0             0             0             0 
 0             1             0             0             0             0             0             1 
 0             0             1             0             0             0             0             0 
 0             0             0             0             0             0             1             0 
 1             0             0             0             0             0             0             0 
 0             0             0             0             0             0             0             0 
 0             0             0             0             0             0             0             0 
 0             0             0             0             0             0             0             0 
 0             0             1             1             0             0             0             0 
 0             1             0             0             0             0             0             0 
 0             0             0             0             1             0             1             0 
 0             0             0             0             0             0             1             0 
 0             0             0             0             1             0             0             0 
 0             1             0             0             0             0             0             0 
 0             0             1             0             0             0             0             0 
 0             0             1             0             0             0             0             0 
 0             0             0             0             1             0             0             0 
 0             0             0             1             0             0             0             1 
 0             0             0             0             0             0             1             0 
 0             0             0             0             1             1             0             0 
 1             0             0             0             0             0             0             1 
