$SPEC_ID:
bMCA Spectrum
$DATE_MEA:
07-05-2022  12:25:24
$MEAS_TIM:
 211.47        240
$DEVICE_ID:
bMCA 06201013
$ACQ_SETTINGS:
 2             240           1000          4             4095 
$HRDW_PARAMS:
PHA
 800
 3             3276          5 
 7             0             1023 
 80            25            45 
 1             1 
$SPEC_CAL:
-2.996172      2.07587       2.903056E-04
$MCA_CAL:
3
-2.996172      2.07587       2.903056E-04
$ROI:
 267           333           32768         1            137Cs
 553           618           16711935      1            60Co
 15            45            255           1            241Am
$DATA:
 0             1023 
 417           687           1282          2513          4777          8493          13443         19365 
 25049         28456         29457         27952         25829         23201         22033         22630 
 25444         30631         38026         48504         61252         75744         89515         99635 
 104698        102836        96664         86688         76786         69630         66833         68408 
 75058         83924         92774         97498         95567         84842         69197         50434 
 33115         19929         11240         6483          4049          2868          2539          2471 
 2352          2339          2296          2403          2389          2312          2314          2349 
 2280          2067          2119          1991          1988          1889          1869          1995 
 1927          1904          1850          1905          1810          1749          1760          1688 
 1644          1616          1505          1577          1577          1540          1597          1595 
 1561          1574          1607          1646          1626          1600          1657          1624 
 1658          1723          1712          1741          1765          1728          1920          1871 
 1850          1860          1944          1838          1958          2026          1931          1933 
 2002          1923          1970          1955          2038          1892          1972          1938 
 1933          1894          1938          1834          1858          1708          1761          1717 
 1649          1702          1709          1653          1622          1688          1575          1525 
 1513          1568          1504          1485          1467          1563          1498          1501 
 1492          1424          1441          1432          1442          1373          1411          1371 
 1393          1356          1336          1404          1345          1290          1258          1255 
 1255          1272          1278          1259          1215          1256          1255          1290 
 1258          1284          1216          1190          1206          1148          1251          1298 
 1173          1266          1259          1235          1163          1233          1209          1206 
 1188          1212          1192          1179          1123          1167          1160          1223 
 1128          1115          1094          1140          1179          1089          1170          1107 
 1128          1191          1166          1116          1095          1127          1162          1084 
 1128          1156          1104          1102          1102          1085          1064          1062 
 1031          939           1007          959           993           1019          979           902 
 933           960           950           912           879           928           890           865 
 891           810           850           879           874           897           765           820 
 851           794           866           839           828           799           856           792 
 772           825           772           792           795           769           769           758 
 779           800           775           788           744           780           838           806 
 823           775           812           790           844           792           789           792 
 839           851           884           855           857           875           867           977 
 963           1004          1039          1035          1152          1203          1248          1224 
 1357          1489          1476          1570          1609          1699          1749          1753 
 1921          1999          2038          2032          2170          2189          2229          2297 
 2346          2231          2387          2339          2327          2297          2280          2227 
 2161          2054          2054          1995          2086          1872          1790          1807 
 1603          1580          1606          1421          1406          1322          1261          1252 
 1179          1177          1103          1099          1054          1029          980           939 
 999           896           892           885           934           871           873           863 
 851           882           841           842           847           868           842           870 
 821           911           826           837           853           851           812           823 
 868           852           841           822           880           830           868           821 
 856           857           922           856           880           918           869           875 
 832           899           872           886           905           941           902           865 
 923           902           891           940           912           917           956           949 
 933           964           946           983           935           936           945           942 
 903           986           960           948           953           921           941           971 
 996           986           964           974           912           887           944           881 
 890           855           920           919           849           898           813           832 
 886           843           798           841           830           810           799           785 
 747           752           733           729           749           671           703           689 
 676           746           671           671           658           663           683           676 
 689           597           643           667           648           639           664           608 
 637           609           650           585           627           591           644           563 
 621           622           591           595           572           607           576           603 
 589           564           569           586           546           599           573           572 
 531           583           546           610           603           571           562           603 
 603           577           581           584           593           614           663           699 
 674           734           787           766           813           908           912           883 
 958           1049          1070          1025          1144          1175          1245          1250 
 1281          1335          1395          1436          1482          1444          1583          1615 
 1722          1650          1650          1692          1640          1675          1688          1661 
 1703          1579          1599          1617          1507          1494          1446          1398 
 1367          1290          1293          1229          1229          1150          1119          994 
 1116          951           924           861           838           749           725           736 
 709           668           616           639           598           562           627           566 
 578           557           598           600           622           647           607           642 
 635           718           747           767           753           809           886           903 
 914           894           980           1057          1089          1094          1165          1123 
 1132          1125          1204          1161          1166          1237          1252          1262 
 1177          1204          1304          1213          1263          1211          1281          1212 
 1194          1148          1177          1077          1083          1096          1000          982 
 888           881           859           848           818           674           686           681 
 617           671           576           524           504           507           477           454 
 407           361           379           379           327           291           294           260 
 256           234           223           231           172           198           174           189 
 163           153           142           144           131           114           132           102 
 106           111           99            96            83            81            79            84 
 66            81            68            98            88            59            66            61 
 78            52            60            57            57            55            48            47 
 53            52            41            52            43            62            43            43 
 38            61            48            48            55            32            55            47 
 51            51            53            52            41            32            45            51 
 41            35            43            44            42            50            50            36 
 41            37            37            38            42            40            39            44 
 36            47            43            44            35            46            37            47 
 44            40            44            36            37            31            45            47 
 41            43            33            33            35            39            49            34 
 40            29            46            30            35            35            39            29 
 30            38            33            41            42            46            41            44 
 46            38            35            31            42            30            33            24 
 28            26            36            30            37            35            30            30 
 35            34            49            34            26            29            33            30 
 28            39            30            36            33            33            30            40 
 35            33            29            31            29            37            16            33 
 27            27            43            33            25            36            40            31 
 32            24            22            30            32            32            32            36 
 37            29            22            26            36            27            27            31 
 26            32            24            31            36            31            24            32 
 38            18            29            38            37            26            28            27 
 36            16            30            33            29            42            31            18 
 38            42            31            41            24            40            30            27 
 17            30            26            27            30            32            33            25 
 27            18            26            34            23            26            27            36 
 30            23            29            19            20            34            22            19 
 19            31            32            24            32            16            26            26 
 35            18            23            19            18            30            27            29 
 23            28            23            18            24            25            31            27 
 24            20            25            23            19            25            22            31 
 21            35            24            28            21            26            23            17 
 22            19            35            17            29            31            24            28 
 29            26            25            17            27            22            29            18 
 30            20            37            19            29            17            27            25 
 25            24            23            27            29            26            25            26 
 26            27            29            30            25            23            31            16 
 23            22            28            34            20            18            25            33 
 26            33            24            23            25            23            24            25 
 21            25            27            27            25            26            30            27 
 18            30            27            30            33            23            32            24 
 29            26            24            19            17            18            24            26 
 18            27            40            22            23            14            18            33 
 20            24            19            21            20            15            23            18 
 25            20            14            26            12            15            17            14 
 19            20            13            18            19            7             11            18 
 17            13            13            10            11            8             10            11 
