$SPEC_ID:
bMCA Spectrum
$DATE_MEA:
07-05-2022  08:33:01
$MEAS_TIM:
 59.08         60
$DEVICE_ID:
bMCA 06201013
$ACQ_SETTINGS:
 2             60            1000          4             4095 
$HRDW_PARAMS:
PHA
 800
 3             3276          5 
 7             0             1023 
 80            25            45 
 1             1 
$SPEC_CAL:
-2.996172      2.07587       2.903056E-04
$MCA_CAL:
3
-2.996172      2.07587       2.903056E-04
$ROI:
 270           340           32768         1            137Cs
 46            75            33023         1            57Co
$DATA:
 0             1023 
 1             1             6             10            39            58            78            135 
 219           285           360           406           397           374           340           307 
 293           298           380           380           469           528           480           463 
 403           332           274           270           213           205           219           263 
 241           273           289           290           318           329           364           403 
 380           430           421           403           424           530           475           609 
 661           840           1037          1285          1467          1597          1796          1730 
 1817          1733          1694          1663          1652          1741          1791          1818 
 1766          1766          1628          1491          1315          1080          905           707 
 530           467           397           335           307           271           234           254 
 275           254           223           218           213           222           226           246 
 247           245           218           250           254           249           242           256 
 240           235           247           275           238           254           203           239 
 236           224           201           209           219           233           188           200 
 207           200           195           206           186           196           187           176 
 180           181           181           160           167           162           169           189 
 169           143           138           177           174           150           153           158 
 156           147           160           153           149           147           149           128 
 136           151           147           138           131           126           133           144 
 128           163           119           153           134           127           136           141 
 136           135           124           137           143           113           121           117 
 100           142           130           128           124           130           138           126 
 129           106           129           149           114           112           120           162 
 117           151           132           139           141           102           132           116 
 132           99            144           122           130           128           136           141 
 129           116           133           119           102           98            115           116 
 106           99            119           91            94            89            92            87 
 71            74            79            89            57            75            65            62 
 52            65            53            38            42            41            40            37 
 28            38            32            36            35            36            29            20 
 22            30            26            30            31            20            29            15 
 23            26            24            24            28            21            21            12 
 16            22            21            23            24            22            30            35 
 33            20            23            39            40            39            31            42 
 41            64            62            78            81            121           93            117 
 116           161           156           194           229           252           230           232 
 331           359           360           382           405           408           477           524 
 545           536           541           575           529           574           601           564 
 611           551           512           536           481           509           483           450 
 428           388           374           341           339           299           246           245 
 217           214           201           148           148           134           111           126 
 92            84            78            49            57            42            30            35 
 24            25            16            26            17            14            9             14 
 17            13            14            8             5             3             12            6 
 8             9             7             5             6             5             10            7 
 5             4             9             8             8             3             3             6 
 2             9             3             1             4             9             9             2 
 8             1             6             6             3             4             4             1 
 4             5             6             0             3             4             4             6 
 2             2             8             5             4             4             5             0 
 4             3             8             3             0             6             4             3 
 4             7             7             4             3             6             7             1 
 5             4             4             3             5             1             4             6 
 5             3             3             2             7             6             3             3 
 1             5             3             4             2             3             3             1 
 5             4             3             3             2             3             1             5 
 2             4             2             1             2             0             4             4 
 4             1             4             2             5             3             5             6 
 2             4             2             1             2             0             4             5 
 4             5             2             4             2             5             3             3 
 2             2             3             3             3             1             2             4 
 0             2             5             1             3             3             5             3 
 4             4             3             3             0             2             1             4 
 1             4             3             5             4             1             2             1 
 3             4             1             5             1             4             7             5 
 4             6             4             3             6             0             4             2 
 1             1             3             7             2             5             2             9 
 2             1             2             5             6             3             3             2 
 2             5             3             2             2             6             3             5 
 1             1             2             1             2             2             2             4 
 3             2             3             1             3             1             0             0 
 3             2             2             2             1             4             2             3 
 4             3             2             2             1             2             3             1 
 3             3             3             0             1             1             4             1 
 1             1             2             2             2             2             1             2 
 1             3             4             2             0             2             2             3 
 3             4             0             3             1             0             0             1 
 3             0             1             3             0             2             4             3 
 4             1             5             0             3             3             3             0 
 2             0             0             2             3             2             2             2 
 0             3             0             3             1             3             0             0 
 3             1             3             4             3             2             5             2 
 4             2             3             1             2             3             2             3 
 2             1             2             2             2             2             2             2 
 0             2             2             3             2             1             0             0 
 3             0             1             2             2             4             2             0 
 1             1             2             0             0             0             0             1 
 0             2             2             0             0             2             0             1 
 0             4             0             0             1             0             3             1 
 0             1             1             0             0             0             1             1 
 3             0             0             0             0             0             0             0 
 0             0             0             2             0             0             1             0 
 0             1             1             1             0             0             0             1 
 2             0             1             0             1             2             0             0 
 1             1             0             2             1             1             1             1 
 0             0             2             1             0             1             1             1 
 1             1             0             0             0             1             0             0 
 1             1             0             0             0             0             0             0 
 1             0             1             0             0             0             0             0 
 0             1             0             0             2             0             0             0 
 0             0             0             0             1             1             1             0 
 0             0             1             1             0             1             0             0 
 0             0             0             0             1             0             0             0 
 1             0             0             0             0             0             0             1 
 1             1             1             0             1             0             0             0 
 0             0             0             0             0             0             0             0 
 0             0             0             0             0             0             1             1 
 0             0             0             0             0             0             1             0 
 0             0             0             0             0             0             0             0 
 0             0             0             0             0             0             0             0 
 0             0             0             0             0             0             0             0 
 0             0             0             0             0             0             0             0 
 0             0             0             1             0             0             0             0 
 0             0             1             1             1             0             0             0 
 0             0             0             0             0             0             0             0 
 0             0             1             0             0             0             0             1 
 0             0             0             0             1             0             0             0 
 0             0             0             0             0             0             1             1 
 0             0             0             2             0             0             0             0 
 1             1             0             0             0             0             0             0 
 1             0             0             0             0             2             2             0 
 0             0             0             0             2             1             1             0 
 0             0             0             0             1             0             0             0 
 0             0             0             0             0             1             0             0 
 1             0             0             0             0             0             1             0 
 0             1             0             0             0             0             0             0 
 0             0             0             0             0             0             0             0 
 1             0             0             0             0             0             0             0 
