$SPEC_ID:
bMCA Spectrum
$DATE_MEA:
07-05-2022  12:21:23
$MEAS_TIM:
 211.465       240
$DEVICE_ID:
bMCA 06201013
$ACQ_SETTINGS:
 2             240           1000          4             4095 
$HRDW_PARAMS:
PHA
 800
 3             3276          5 
 7             0             1023 
 80            25            45 
 1             1 
$SPEC_CAL:
-2.996172      2.07587       2.903056E-04
$MCA_CAL:
3
-2.996172      2.07587       2.903056E-04
$ROI:
 267           333           32768         1            137Cs
 553           618           16711935      1            60Co
 15            45            255           1            241Am
$DATA:
 0             1023 
 428           663           1275          2632          4829          8580          13349         19522 
 24597         28437         29211         27990         25497         23026         21868         22413 
 25252         30571         38288         48501         61245         75603         89245         98592 
 104867        103521        96298         87092         77460         69560         66828         68975 
 74920         83810         93362         97383         95563         85110         69159         50507 
 33487         19925         11143         6538          4078          2927          2531          2418 
 2364          2307          2372          2344          2358          2335          2421          2339 
 2211          2114          2167          1990          2002          1970          1856          1889 
 1982          1880          1876          1924          1871          1692          1783          1611 
 1642          1598          1614          1558          1589          1555          1533          1584 
 1544          1594          1618          1567          1595          1622          1602          1671 
 1723          1744          1706          1734          1798          1830          1771          1769 
 1814          1894          1816          1986          1885          1950          1987          1935 
 1954          1940          1930          1925          1943          1919          1975          1954 
 1835          1823          1885          1863          1789          1764          1731          1746 
 1696          1668          1690          1619          1585          1538          1617          1584 
 1608          1530          1576          1475          1509          1539          1442          1463 
 1467          1451          1445          1362          1470          1398          1330          1375 
 1363          1360          1332          1362          1279          1330          1281          1339 
 1288          1292          1343          1203          1311          1307          1274          1286 
 1257          1210          1190          1205          1230          1198          1280          1211 
 1201          1184          1168          1209          1179          1154          1151          1179 
 1171          1175          1108          1134          1168          1179          1180          1097 
 1158          1141          1123          1140          1128          1169          1171          1182 
 1136          1168          1135          1114          1151          1102          1107          1134 
 1096          1098          1086          1116          1080          1074          1015          1059 
 1035          1007          980           1025          986           937           952           944 
 932           931           902           911           913           873           898           889 
 889           880           866           830           819           809           817           783 
 829           828           806           827           824           743           759           788 
 787           833           777           766           840           804           748           723 
 739           767           751           845           745           780           799           818 
 793           791           784           809           810           846           822           810 
 838           816           837           875           789           876           979           937 
 1008          968           1004          1103          1132          1160          1219          1236 
 1265          1359          1478          1522          1636          1665          1713          1811 
 1916          1981          2035          2161          2280          2212          2249          2324 
 2348          2329          2320          2338          2345          2262          2180          2234 
 2205          2096          2064          2062          1860          1812          1814          1785 
 1646          1555          1535          1491          1469          1343          1303          1200 
 1198          1177          1166          1101          1042          1035          991           973 
 955           902           868           939           918           879           855           847 
 816           872           852           844           815           829           791           850 
 825           856           874           829           847           839           791           883 
 903           867           834           849           818           840           888           850 
 861           825           882           876           884           851           846           908 
 888           935           889           890           877           899           882           925 
 950           867           905           909           933           937           934           921 
 925           946           980           906           972           901           972           978 
 886           958           1017          997           981           923           974           983 
 982           951           966           930           987           940           908           939 
 883           932           854           904           889           844           879           876 
 852           828           822           764           769           788           799           771 
 755           743           731           723           701           762           742           666 
 755           703           677           663           655           646           648           667 
 654           695           631           604           662           621           637           636 
 648           640           607           615           599           635           611           574 
 600           618           569           656           562           573           606           559 
 579           592           561           596           552           538           566           575 
 538           550           557           607           548           548           542           590 
 622           593           609           601           622           633           625           693 
 712           708           764           737           819           818           873           911 
 987           940           1086          1051          1171          1186          1266          1301 
 1352          1349          1418          1455          1468          1568          1578          1630 
 1636          1664          1633          1662          1757          1668          1645          1726 
 1698          1593          1573          1597          1543          1470          1462          1375 
 1345          1354          1268          1274          1149          1121          1141          1040 
 1026          905           865           857           877           799           766           757 
 707           653           638           661           617           629           608           617 
 577           536           569           598           602           600           610           653 
 674           692           711           770           776           799           834           861 
 946           952           1004          970           1002          1031          1140          1209 
 1161          1205          1152          1257          1240          1245          1273          1224 
 1339          1319          1323          1258          1315          1241          1205          1226 
 1214          1089          1172          1143          1054          1037          980           1011 
 926           897           869           838           764           761           679           698 
 646           626           579           527           573           504           415           406 
 399           384           401           373           305           324           300           258 
 286           234           197           231           211           184           192           170 
 172           189           179           157           150           136           122           104 
 105           115           127           111           84            77            82            76 
 63            68            71            72            61            52            61            66 
 54            57            62            58            52            63            72            64 
 48            51            57            43            42            46            50            39 
 44            62            51            62            46            48            36            39 
 45            37            45            42            50            37            45            49 
 44            44            62            40            44            47            42            34 
 40            35            51            46            46            54            37            37 
 42            47            47            33            35            44            38            29 
 39            36            29            40            34            33            48            47 
 25            51            35            30            25            38            38            44 
 26            46            30            41            43            33            30            30 
 39            37            36            36            38            30            46            32 
 39            32            43            27            45            32            33            33 
 36            40            35            41            36            35            27            39 
 38            32            34            35            40            46            37            48 
 34            35            32            37            31            28            44            29 
 39            37            27            30            30            34            26            29 
 32            29            34            36            28            31            29            26 
 35            26            34            39            48            28            32            29 
 24            36            31            31            32            46            29            20 
 36            25            23            33            36            34            28            33 
 31            28            31            27            41            32            19            32 
 26            23            28            33            41            30            24            15 
 37            37            30            24            30            27            33            23 
 28            29            30            37            35            34            27            20 
 28            38            27            30            26            23            21            22 
 30            28            20            25            30            29            31            22 
 19            31            21            28            33            27            25            29 
 18            27            24            26            25            25            21            25 
 17            14            27            28            31            18            30            28 
 20            23            27            31            31            25            30            32 
 17            25            25            20            25            24            32            28 
 20            28            22            30            31            26            22            25 
 23            34            24            35            20            26            30            28 
 28            20            22            26            29            26            24            18 
 31            31            31            23            17            28            27            29 
 26            27            24            25            35            29            27            27 
 26            21            29            23            31            27            29            29 
 26            25            23            29            20            21            20            31 
 30            22            23            24            21            22            23            19 
 30            35            32            21            34            19            18            19 
 24            26            23            32            15            19            19            30 
 17            17            27            17            22            25            24            17 
 19            24            19            24            18            16            9             21 
 15            16            16            13            26            21            14            17 
 13            12            17            11            15            15            15            9 
 12            10            13            9             15            9             11            11 
