$SPEC_ID:
bMCA Spectrum
$DATE_MEA:
07-05-2022  12:06:00
$MEAS_TIM:
 158.57        180
$DEVICE_ID:
bMCA 06201013
$ACQ_SETTINGS:
 2             180           1000          4             4095 
$HRDW_PARAMS:
PHA
 800
 3             3276          5 
 7             0             1023 
 80            25            45 
 1             1 
$SPEC_CAL:
-2.996172      2.07587       2.903056E-04
$MCA_CAL:
3
-2.996172      2.07587       2.903056E-04
$ROI:
 267           333           32768         1            137Cs
 553           618           16711935      1            60Co
 15            45            255           1            241Am
$DATA:
 0             1023 
 308           531           996           1974          3651          6196          10138         14688 
 18940         21237         22026         20954         19209         17571         16318         16759 
 18978         22777         28671         36124         46417         56537         67050         75173 
 78134         77501         72630         65785         58081         52207         50000         50848 
 56267         63330         69794         73479         71688         64216         51676         37949 
 24993         15022         8357          4942          3016          2263          1825          1748 
 1712          1707          1790          1781          1795          1802          1669          1660 
 1750          1631          1517          1555          1486          1443          1393          1422 
 1445          1437          1443          1422          1299          1372          1194          1290 
 1232          1219          1171          1213          1221          1212          1219          1166 
 1163          1189          1210          1225          1182          1275          1209          1213 
 1200          1288          1277          1267          1328          1344          1319          1395 
 1394          1428          1359          1451          1496          1500          1469          1376 
 1439          1443          1451          1436          1477          1424          1484          1435 
 1417          1349          1389          1410          1405          1382          1274          1327 
 1320          1249          1252          1249          1297          1246          1140          1184 
 1172          1137          1163          1197          1131          1098          1156          1127 
 1126          1107          1119          1068          1035          932           1067          1096 
 1048          1053          979           960           1006          1047          995           981 
 985           911           978           1007          972           985           920           927 
 920           913           941           930           933           937           913           890 
 886           974           940           915           877           920           873           921 
 875           835           788           882           869           859           837           884 
 866           880           913           871           883           838           853           837 
 888           836           889           853           854           811           874           797 
 825           859           841           835           764           809           773           847 
 757           761           715           805           720           716           738           723 
 677           709           683           690           705           660           638           654 
 683           629           649           644           661           652           628           682 
 626           667           644           596           632           640           595           576 
 591           606           554           570           591           593           621           590 
 589           602           604           603           596           629           627           621 
 632           556           591           623           629           624           584           612 
 596           597           661           602           697           691           676           697 
 717           727           731           780           845           889           976           929 
 1019          1087          1033          1184          1192          1308          1362          1381 
 1441          1500          1467          1581          1544          1657          1740          1706 
 1764          1758          1811          1752          1732          1630          1736          1711 
 1621          1627          1580          1525          1493          1453          1356          1308 
 1278          1176          1112          1153          962           983           951           849 
 923           857           794           781           814           736           717           747 
 706           672           701           639           671           641           672           668 
 636           646           652           631           630           633           675           615 
 660           612           576           653           642           619           611           617 
 656           603           613           592           645           646           647           646 
 644           594           631           623           600           674           658           705 
 648           634           656           728           694           701           680           680 
 661           654           698           709           707           651           674           673 
 679           744           716           708           732           725           709           742 
 706           728           679           709           700           694           689           713 
 716           711           721           704           717           656           710           699 
 756           651           691           673           630           645           618           656 
 691           634           654           588           573           618           581           599 
 561           531           567           557           512           556           504           514 
 532           516           515           497           468           484           489           519 
 475           457           451           465           475           494           432           472 
 444           477           456           474           464           447           432           451 
 407           439           469           469           432           444           447           412 
 424           451           418           433           390           428           427           417 
 437           451           431           426           432           422           433           470 
 436           420           452           458           449           460           508           509 
 529           568           545           591           536           611           674           748 
 639           755           798           798           876           855           907           1001 
 1017          1050          1039          1108          1101          1180          1232          1160 
 1213          1236          1302          1213          1219          1355          1199          1240 
 1196          1226          1198          1188          1080          1090          1104          1030 
 1015          1053          983           993           899           825           780           756 
 729           721           697           674           636           623           582           550 
 557           547           499           461           439           424           458           412 
 442           414           423           412           455           459           458           495 
 511           503           532           539           556           607           624           640 
 650           766           700           802           739           792           861           858 
 908           849           916           881           932           1019          940           929 
 993           1035          952           951           957           947           928           865 
 855           802           883           851           800           818           766           757 
 672           688           647           617           602           586           535           524 
 447           463           389           425           362           389           373           320 
 303           282           300           276           230           224           222           172 
 175           162           185           197           140           174           136           145 
 113           108           110           113           75            109           96            74 
 62            81            80            89            71            71            65            61 
 56            62            54            57            53            47            54            53 
 44            50            49            37            40            34            39            40 
 52            38            52            38            22            34            37            44 
 41            44            31            43            31            39            30            35 
 30            35            31            31            25            35            37            36 
 30            40            39            37            27            29            36            36 
 26            37            22            24            35            35            27            31 
 34            25            30            34            27            28            28            44 
 28            30            26            41            21            30            31            24 
 37            24            28            38            29            24            24            34 
 40            27            29            28            25            28            33            22 
 29            33            15            27            30            39            29            29 
 21            27            22            29            29            30            36            25 
 17            37            23            33            25            27            31            20 
 23            29            19            29            26            32            25            38 
 27            27            21            24            24            22            27            35 
 23            26            22            30            29            21            24            20 
 24            29            17            32            28            23            29            32 
 21            28            26            21            30            30            29            12 
 29            27            22            22            21            20            24            28 
 29            19            25            21            26            12            18            26 
 29            18            20            17            18            17            28            25 
 21            17            13            24            24            25            21            23 
 21            19            29            22            23            20            19            22 
 17            22            25            26            23            25            15            16 
 18            21            21            21            23            22            24            25 
 22            25            15            19            16            26            14            22 
 16            19            17            21            8             25            10            22 
 22            16            10            19            29            18            20            18 
 22            16            11            18            15            17            17            20 
 26            12            19            18            18            21            20            21 
 18            19            22            20            12            19            19            21 
 20            27            14            28            19            24            21            27 
 15            20            15            16            22            25            20            18 
 10            12            17            20            23            17            22            27 
 17            18            21            15            17            22            13            16 
 20            21            16            27            18            15            20            16 
 17            22            16            23            10            19            22            17 
 21            20            24            22            12            18            23            15 
 11            27            24            19            18            17            15            14 
 22            14            19            24            22            23            13            21 
 16            20            21            16            15            21            25            16 
 20            18            14            15            22            16            12            18 
 17            7             9             12            13            13            17            20 
 13            15            14            13            18            10            7             9 
 14            8             17            21            13            7             14            8 
 8             16            8             10            16            4             6             11 
