$SPEC_ID:
bMCA Spectrum
$DATE_MEA:
07-08-2022  08:41:25
$MEAS_TIM:
 107.185       120
$DEVICE_ID:
bMCA 06201013
$ACQ_SETTINGS:
 2             120           1000          4             4095 
$HRDW_PARAMS:
PHA
 800
 3             3276          5 
 7             0             1023 
 80            25            45 
 1             1 
$SPEC_CAL:
-7.930157      2.249046      0
$MCA_CAL:
3
-7.930157      2.249046      0
$ROI:
 267           333           32768         1            137Cs
 46            75            33023         1            57Co
 15            45            255           1            241Am
$DATA:
 0             1023 
 191           329           611           1260          2440          4422          7012          10403 
 13470         15396         15865         14917         13158         11922         11354         11662 
 13366         16254         20396         25921         32327         40259         47210         52696 
 55249         53683         50383         44111         39258         35779         34845         37040 
 41789         46852         51447         52373         48932         41421         31237         21231 
 12690         7199          3878          2266          1745          1563          1816          2006 
 2366          2805          3318          3829          4237          4381          4465          4587 
 4300          4240          4027          3997          4075          4315          4276          4409 
 4383          4123          3697          3084          2577          2026          1612          1325 
 1071          849           725           622           535           528           482           487 
 493           469           445           441           426           467           425           433 
 443           478           476           425           418           450           452           459 
 422           467           410           380           431           375           389           378 
 371           358           392           334           329           360           333           323 
 326           315           308           358           308           304           314           281 
 293           284           308           282           300           312           252           283 
 272           278           261           277           285           253           256           246 
 259           238           231           244           241           241           218           258 
 236           238           237           253           213           230           240           217 
 227           274           222           227           220           217           200           250 
 239           222           216           215           227           231           208           211 
 219           199           215           220           195           215           199           211 
 208           217           196           209           233           209           197           211 
 205           221           186           225           221           220           231           223 
 203           222           212           212           203           223           200           213 
 187           187           175           192           163           175           160           155 
 140           138           149           122           143           129           122           107 
 122           91            105           92            97            101           85            87 
 81            76            70            63            78            56            67            61 
 52            52            56            53            52            48            44            50 
 58            59            52            48            50            54            32            35 
 49            45            33            50            29            29            43            36 
 29            35            43            49            57            55            50            75 
 75            75            71            92            88            116           120           116 
 151           185           200           208           244           284           327           399 
 353           401           482           502           563           581           630           707 
 712           792           771           820           800           840           878           858 
 879           821           836           782           811           784           764           752 
 709           667           656           568           573           506           533           451 
 417           386           339           303           278           258           218           196 
 182           172           132           145           121           122           112           71 
 77            67            69            62            51            46            38            34 
 29            31            24            22            22            16            21            17 
 12            18            13            12            22            11            8             11 
 14            12            8             11            11            8             14            11 
 5             11            8             7             11            11            12            7 
 10            4             14            9             10            6             9             6 
 7             5             2             5             9             7             7             8 
 12            13            10            6             5             6             10            13 
 10            10            10            3             10            6             10            9 
 10            6             3             6             9             7             5             8 
 6             5             5             8             8             3             4             3 
 13            11            6             8             9             9             12            7 
 10            4             6             4             10            6             3             13 
 4             6             10            5             10            7             4             8 
 6             6             7             5             7             7             11            7 
 7             3             7             4             1             6             7             4 
 3             7             6             6             3             4             7             5 
 6             5             11            5             5             3             2             5 
 6             5             10            8             1             7             3             1 
 7             7             5             7             7             6             5             5 
 8             5             5             5             2             4             4             10 
 5             9             5             7             10            6             4             10 
 3             10            6             7             3             9             10            9 
 6             6             9             9             6             13            10            6 
 2             8             6             5             4             5             4             1 
 9             4             9             2             3             3             7             4 
 2             4             0             2             5             3             2             8 
 6             7             2             1             2             5             3             3 
 1             2             3             3             4             5             4             3 
 3             5             1             2             2             3             4             1 
 4             2             2             0             4             1             4             1 
 5             5             4             1             7             4             6             2 
 2             4             5             3             4             3             3             2 
 3             1             7             3             3             3             1             3 
 2             1             4             5             2             6             6             7 
 5             1             4             5             5             5             5             2 
 4             4             3             5             2             2             2             3 
 4             6             5             8             2             8             8             4 
 7             6             3             0             5             2             3             2 
 5             1             3             2             4             4             7             5 
 2             3             1             5             3             4             5             6 
 3             1             6             5             3             4             2             2 
 1             3             1             1             1             1             2             0 
 1             1             3             2             6             3             3             0 
 4             1             1             0             1             1             3             3 
 2             0             1             1             0             2             0             1 
 1             0             0             4             1             1             2             1 
 0             3             0             0             1             0             0             0 
 2             0             2             1             2             1             3             3 
 3             1             0             0             0             0             0             0 
 1             1             3             1             1             0             1             1 
 0             2             2             1             0             0             2             1 
 1             1             2             2             2             1             0             1 
 0             0             0             1             0             1             1             0 
 0             1             0             1             0             1             2             1 
 0             1             0             1             0             1             0             1 
 0             1             2             1             0             1             1             2 
 0             1             2             1             0             1             1             1 
 1             0             0             0             0             0             1             1 
 1             0             2             3             0             1             0             0 
 0             0             1             1             0             2             0             1 
 0             0             0             0             0             0             0             0 
 1             0             1             0             0             1             0             0 
 1             2             0             0             1             0             0             0 
 0             2             0             1             1             0             1             0 
 0             1             0             0             0             0             1             0 
 0             1             1             0             0             0             0             2 
 0             0             0             1             1             0             1             0 
 0             1             0             0             0             0             0             0 
 0             0             0             0             0             0             0             0 
 2             0             0             0             1             0             0             0 
 0             0             0             0             1             0             0             0 
 1             2             0             1             0             0             0             0 
 0             2             0             0             0             1             1             0 
 2             0             0             0             1             0             1             0 
 1             0             0             1             0             0             0             0 
 0             1             0             2             0             0             1             0 
 0             0             0             0             0             1             2             0 
 0             3             0             0             1             0             0             0 
 0             0             0             1             0             1             1             1 
 1             0             0             0             0             1             1             0 
 2             0             0             0             0             1             0             0 
 0             0             0             0             0             1             0             0 
 0             0             0             0             0             0             0             0 
 0             0             0             0             0             0             1             1 
 0             0             0             0             2             0             0             0 
 0             0             1             1             0             0             0             1 
