$SPEC_ID:
bMCA Spectrum
$DATE_MEA:
07-05-2022  10:31:14
$MEAS_TIM:
 212.005       240
$DEVICE_ID:
bMCA 06201013
$ACQ_SETTINGS:
 2             240           1000          4             4095 
$HRDW_PARAMS:
PHA
 800
 3             3276          5 
 7             0             1023 
 80            25            45 
 1             1 
$SPEC_CAL:
-2.996172      2.07587       2.903056E-04
$MCA_CAL:
3
-2.996172      2.07587       2.903056E-04
$ROI:
 265           335           32768         1            137Cs
 46            75            33023         1            57Co
 15            45            255           1            241Am
$DATA:
 0             1023 
 522           813           1604          3088          5925          10615         16773         23929 
 30303         33569         34627         32372         29105         26242         24544         26049 
 29775         36418         45847         57561         72925         89377         105096        116543 
 120202        116921        107882        96249         84278         77246         74819         78972 
 87523         98336         108178        112993        107516        93944         72987         51388 
 32128         18434         10049         5917          4042          3463          3518          3962 
 4420          5000          5817          6478          7113          7351          7465          7292 
 7049          6908          6489          6593          6600          6724          6950          7000 
 6880          6517          5901          5178          4291          3582          2874          2320 
 1910          1509          1363          1199          1139          1019          990           956 
 973           991           889           983           973           963           899           988 
 897           1031          965           1003          1023          973           993           999 
 956           931           884           952           862           933           880           921 
 832           776           822           785           807           786           769           758 
 718           730           709           767           709           707           680           693 
 635           643           601           591           624           627           640           634 
 636           611           562           561           616           566           533           579 
 586           550           535           521           558           504           504           541 
 561           458           529           525           532           543           537           476 
 494           484           527           543           519           531           476           488 
 533           504           526           488           511           459           483           494 
 475           499           478           495           450           466           468           482 
 505           491           491           481           490           493           471           486 
 479           469           470           520           509           519           483           555 
 479           480           457           529           484           468           480           465 
 460           464           482           448           412           425           388           369 
 382           371           345           324           301           280           288           264 
 266           273           240           244           214           216           174           193 
 191           161           172           165           173           150           139           135 
 142           131           116           118           135           101           113           87 
 86            94            88            93            111           101           88            91 
 88            96            92            92            89            85            74            107 
 88            98            95            106           117           102           113           113 
 140           187           169           202           197           256           273           281 
 353           390           435           532           557           628           742           791 
 882           1052          1092          1199          1358          1389          1411          1517 
 1678          1743          1821          1897          2037          2045          2076          2111 
 2050          2007          2057          2042          2067          1905          1927          1893 
 1864          1772          1611          1604          1360          1293          1267          1194 
 1063          941           885           850           727           661           617           521 
 478           416           367           323           303           250           241           194 
 195           174           174           151           122           132           104           87 
 78            72            59            65            59            50            53            46 
 32            25            37            31            23            31            32            32 
 21            20            21            27            25            24            26            17 
 22            15            11            16            21            6             23            17 
 22            18            20            13            17            20            11            20 
 12            19            17            15            21            19            22            17 
 16            19            19            19            15            13            23            6 
 13            17            12            16            19            16            24            16 
 15            18            17            25            22            15            20            14 
 17            16            17            12            17            11            15            18 
 22            16            17            11            12            11            16            16 
 20            16            14            13            7             12            21            11 
 7             13            13            15            14            6             11            10 
 6             17            14            16            11            11            11            9 
 15            13            9             10            14            15            8             10 
 10            13            9             13            7             10            8             9 
 9             12            13            9             10            11            15            15 
 8             10            12            11            12            12            16            13 
 15            6             12            15            20            8             18            10 
 14            14            12            16            13            8             11            7 
 9             10            12            15            11            13            16            10 
 11            17            15            10            7             11            15            12 
 12            12            14            14            15            17            10            19 
 9             12            13            13            12            7             11            17 
 19            11            16            7             8             15            14            9 
 10            8             12            10            14            7             7             7 
 11            7             8             6             8             4             8             9 
 12            7             14            5             8             10            13            10 
 11            11            4             6             8             11            6             9 
 7             8             10            13            9             9             5             12 
 11            6             15            5             10            5             8             6 
 6             8             9             8             8             9             10            14 
 10            12            12            9             8             5             11            9 
 9             13            6             16            7             8             6             7 
 5             12            8             4             6             7             5             6 
 6             5             12            5             9             7             5             4 
 8             5             8             3             5             11            7             10 
 12            5             7             3             6             9             6             9 
 9             12            5             11            13            6             8             6 
 8             5             5             8             5             10            4             9 
 9             5             5             5             6             6             8             6 
 3             8             9             4             2             0             5             2 
 5             4             3             5             0             1             3             2 
 5             4             4             1             5             3             4             2 
 1             2             3             2             2             1             0             1 
 5             4             1             0             0             2             0             3 
 2             3             6             1             0             0             3             1 
 4             3             0             1             1             1             1             1 
 0             2             1             2             2             2             1             0 
 1             0             3             3             1             0             0             1 
 2             0             2             2             3             0             1             0 
 2             2             4             0             1             0             1             1 
 0             0             0             3             2             2             1             2 
 1             2             0             1             2             1             4             1 
 1             1             0             4             1             1             0             1 
 2             2             4             0             1             2             2             1 
 6             0             1             1             1             1             1             2 
 0             0             1             2             2             1             1             0 
 0             0             2             0             1             1             2             2 
 1             1             1             0             1             2             0             1 
 0             1             1             0             0             0             0             2 
 1             2             0             2             1             2             0             0 
 1             3             1             1             1             1             0             1 
 1             1             1             0             0             0             0             0 
 0             0             0             0             0             0             2             1 
 0             1             1             2             1             0             0             0 
 0             0             0             0             1             2             0             0 
 0             1             1             2             0             0             2             0 
 2             1             0             0             0             1             2             0 
 0             1             0             0             0             0             1             0 
 2             0             0             1             1             0             0             0 
 2             1             0             0             3             0             2             1 
 1             0             2             1             0             0             0             1 
 1             1             0             2             1             1             0             1 
 1             1             1             0             1             1             3             0 
 2             1             0             0             1             3             0             1 
 2             0             0             0             0             2             1             0 
 0             1             0             0             0             2             0             2 
 0             0             0             0             1             0             1             0 
 1             1             1             1             1             1             1             1 
 0             1             2             1             1             0             1             1 
 0             0             0             0             3             0             0             0 
 1             1             0             2             0             0             0             0 
 1             1             1             0             1             0             0             0 
 1             0             0             2             0             2             0             0 
 0             0             0             0             2             2             0             1 
