$SPEC_ID:
bMCA Spectrum
$DATE_MEA:
07-07-2022  14:18:03
$MEAS_TIM:
 58.33         60
$DEVICE_ID:
bMCA 06201013
$ACQ_SETTINGS:
 2             60            1000          4             4095 
$HRDW_PARAMS:
PHA
 800
 3             3276          5 
 7             0             1023 
 80            25            45 
 1             1 
$SPEC_CAL:
-7.930157      2.249046      0
$MCA_CAL:
3
-7.930157      2.249046      0
$ROI:
 553           618           16711935      1            60Co
 46            75            33023         1            57Co
$DATA:
 0             1023 
 0             5             15            22            42            55            80            109 
 129           137           170           165           191           179           219           240 
 213           239           263           280           301           304           278           314 
 252           261           284           259           257           293           285           317 
 355           383           396           441           445           470           486           501 
 533           518           557           526           590           643           775           949 
 1084          1339          1605          1892          2092          2122          2250          2246 
 2170          2184          2121          2098          2215          2217          2272          2263 
 2354          2313          2051          1853          1528          1302          991           820 
 700           596           459           423           400           336           286           321 
 269           270           271           258           270           290           265           283 
 263           265           279           287           282           264           306           288 
 283           305           281           314           315           306           331           307 
 303           324           277           311           311           348           323           315 
 301           299           332           288           290           285           304           296 
 301           306           313           304           272           270           296           270 
 287           264           276           254           261           240           257           232 
 265           270           239           250           242           241           214           226 
 232           232           231           245           237           217           219           230 
 237           246           211           193           235           217           206           190 
 216           203           221           232           208           211           190           207 
 199           203           181           186           197           200           176           182 
 181           169           185           173           189           176           184           189 
 148           171           178           186           164           193           200           213 
 189           173           177           187           171           176           190           169 
 158           187           193           152           175           172           157           182 
 174           173           179           171           172           190           169           179 
 178           161           185           193           185           158           156           160 
 181           155           172           165           187           165           151           170 
 174           136           154           165           178           178           175           144 
 163           172           171           168           164           174           182           180 
 175           178           179           156           183           145           171           158 
 163           155           162           161           159           161           152           159 
 157           159           141           146           153           155           164           186 
 170           146           166           160           169           195           154           161 
 183           188           173           155           194           178           177           211 
 140           156           169           184           165           178           160           159 
 180           159           163           162           166           171           173           163 
 179           165           196           148           168           170           188           163 
 172           166           191           136           172           188           176           173 
 165           175           157           183           152           163           159           162 
 175           141           184           165           185           182           179           179 
 176           196           170           187           175           171           192           150 
 184           164           178           167           205           199           199           210 
 200           179           169           174           224           196           196           198 
 157           215           173           196           196           199           185           176 
 206           199           177           199           198           173           210           197 
 212           186           213           175           210           193           191           209 
 204           199           213           183           198           228           204           196 
 193           208           203           214           213           206           207           185 
 193           216           178           222           197           219           179           203 
 181           186           223           183           216           198           175           192 
 191           155           161           181           179           135           173           152 
 159           148           162           171           163           161           144           163 
 162           146           134           163           139           138           157           146 
 141           139           128           140           137           137           127           150 
 112           137           145           132           108           119           121           136 
 132           135           114           126           123           151           137           116 
 128           135           117           133           135           145           125           134 
 126           102           138           117           124           120           119           127 
 125           124           145           133           140           159           137           175 
 156           160           174           184           213           202           205           224 
 211           230           251           277           290           282           301           340 
 313           293           320           353           328           330           362           357 
 343           370           355           330           378           370           373           375 
 334           351           338           308           345           325           302           288 
 298           264           299           225           227           214           234           215 
 198           193           195           166           169           153           174           144 
 143           139           140           136           134           118           126           126 
 115           131           137           134           129           119           136           152 
 148           134           161           194           201           179           209           214 
 202           205           225           245           245           247           260           227 
 279           274           280           310           254           268           274           266 
 307           248           293           270           250           267           287           246 
 213           229           236           225           215           202           213           195 
 188           160           165           171           151           126           143           127 
 125           117           110           105           84            87            82            87 
 64            75            69            77            69            53            61            56 
 44            50            52            24            39            30            25            31 
 29            27            21            28            19            25            19            24 
 24            22            22            28            26            16            21            13 
 6             11            16            15            10            12            9             9 
 16            6             13            7             7             14            7             9 
 7             17            10            11            6             5             9             9 
 8             11            9             7             10            11            8             6 
 8             10            12            2             10            6             9             5 
 10            5             5             13            5             10            12            1 
 7             10            7             8             8             7             7             7 
 10            9             5             4             4             7             6             7 
 6             7             10            5             9             7             9             10 
 3             5             7             10            12            8             6             2 
 9             6             5             4             9             9             4             6 
 7             9             5             3             10            9             9             7 
 7             2             11            4             6             6             6             6 
 9             7             10            5             10            3             6             8 
 7             6             14            1             8             4             6             14 
 2             7             9             5             9             6             6             3 
 7             7             11            8             5             6             6             6 
 3             4             5             1             6             7             2             4 
 9             7             10            2             0             1             3             7 
 3             4             5             5             2             3             3             2 
 8             4             4             1             4             7             8             5 
 2             7             4             8             5             4             8             14 
 4             6             4             1             9             4             5             4 
 6             2             4             2             4             5             1             7 
 3             3             4             7             7             8             7             6 
 3             3             9             6             2             12            7             5 
 5             3             3             5             6             2             7             4 
 3             4             8             5             3             7             1             6 
 5             4             2             2             1             5             3             1 
 1             8             3             9             7             7             5             8 
 4             5             2             6             3             4             1             7 
 6             6             3             5             5             2             4             5 
 4             3             6             4             4             4             4             7 
 8             5             5             3             5             1             7             2 
 5             4             2             1             6             4             2             2 
 4             4             8             2             5             8             6             7 
 2             6             5             5             2             6             5             7 
 3             8             5             6             5             4             5             3 
 4             5             6             5             6             3             3             5 
 5             4             3             2             2             3             4             6 
 3             4             2             3             4             10            2             4 
 6             3             4             6             8             0             3             2 
 6             5             4             3             3             1             1             2 
 5             8             3             6             5             4             4             2 
 2             4             6             2             3             4             4             3 
 0             1             2             2             4             5             4             5 
 5             4             0             0             4             0             2             1 
