$SPEC_ID:
bMCA Spectrum
$DATE_MEA:
07-05-2022  13:20:25
$MEAS_TIM:
 233.09        240
$DEVICE_ID:
bMCA 06201013
$ACQ_SETTINGS:
 2             240           1000          4             4095 
$HRDW_PARAMS:
PHA
 800
 3             3276          5 
 7             0             1023 
 80            25            45 
 1             1 
$SPEC_CAL:
-2.996172      2.07587       2.903056E-04
$MCA_CAL:
3
-2.996172      2.07587       2.903056E-04
$ROI:
 553           618           16711935      1            60Co
 46            75            33023         1            57Co
$DATA:
 0             1023 
 14            19            54            110           155           211           320           403 
 481           556           669           710           698           739           769           862 
 950           1025          1060          1168          1217          1248          1229          1139 
 1109          1142          1106          1165          1083          1195          1288          1273 
 1325          1451          1509          1543          1643          1658          1785          1890 
 1923          1896          2017          2072          2208          2444          2705          3109 
 3780          4515          5308          6074          6754          7067          7351          7309 
 7085          6818          6898          6805          6880          7170          7215          7347 
 7222          6897          6292          5554          4865          3990          3305          2790 
 2297          2000          1738          1580          1481          1373          1266          1212 
 1175          1164          1123          1130          1156          1218          1152          1147 
 1131          1251          1295          1230          1242          1257          1289          1318 
 1313          1325          1328          1377          1339          1386          1389          1449 
 1428          1470          1347          1468          1408          1418          1394          1386 
 1420          1396          1437          1413          1393          1391          1367          1325 
 1293          1308          1306          1290          1255          1209          1230          1182 
 1210          1137          1208          1175          1198          1137          1142          1077 
 1130          1114          1077          1046          1091          1046          1057          1106 
 1071          1014          1040          996           1037          1014          960           1007 
 954           987           969           955           906           932           918           921 
 936           971           930           896           844           925           893           902 
 891           862           814           885           853           824           865           887 
 866           860           870           816           836           823           879           758 
 800           801           818           777           845           834           759           777 
 807           759           818           806           828           802           781           808 
 791           777           802           794           783           791           799           764 
 752           702           745           747           794           766           754           775 
 760           779           733           728           777           764           728           771 
 796           758           701           726           714           829           721           768 
 776           794           795           736           760           754           797           715 
 699           768           767           798           801           743           756           709 
 733           804           734           772           695           763           757           761 
 724           728           691           741           759           766           748           761 
 710           799           743           739           786           709           747           720 
 778           731           724           771           779           735           754           736 
 753           793           780           778           794           757           756           815 
 774           836           749           816           795           794           765           763 
 809           775           814           758           776           787           736           790 
 797           831           851           775           770           820           793           787 
 791           799           799           771           770           756           766           790 
 820           843           745           817           782           784           800           823 
 802           800           800           805           778           828           836           786 
 838           824           898           783           809           870           777           828 
 789           838           806           830           847           820           879           861 
 883           852           840           849           894           879           861           875 
 903           887           876           884           896           912           895           910 
 913           949           906           877           901           884           932           915 
 922           903           948           927           924           944           876           921 
 931           965           919           975           980           962           987           973 
 928           1034          979           892           1000          984           977           976 
 977           1007          992           947           990           911           941           918 
 911           950           885           864           841           829           858           810 
 827           807           815           825           818           814           751           755 
 712           727           748           759           711           707           710           693 
 696           676           696           655           635           647           644           608 
 676           638           631           626           616           625           618           636 
 633           596           607           591           602           604           595           615 
 631           648           624           593           609           630           567           611 
 570           555           609           587           589           547           580           620 
 533           534           569           522           527           560           612           565 
 624           618           574           666           704           658           688           705 
 698           740           818           793           869           957           946           1064 
 1045          1071          1171          1227          1270          1222          1360          1371 
 1417          1429          1503          1545          1512          1592          1636          1672 
 1692          1680          1641          1668          1750          1739          1729          1611 
 1595          1628          1565          1547          1486          1519          1374          1282 
 1312          1253          1196          1211          1106          1053          1029          957 
 964           873           841           740           736           709           689           629 
 623           590           613           578           575           552           566           591 
 560           578           609           577           578           632           652           662 
 699           717           769           781           813           891           879           981 
 976           1009          998           1062          1107          1165          1189          1227 
 1251          1240          1254          1287          1245          1253          1301          1257 
 1285          1309          1252          1283          1266          1261          1212          1150 
 1143          1158          1081          992           1075          999           971           888 
 831           823           826           743           710           664           624           614 
 546           541           525           466           432           443           388           336 
 344           292           286           307           277           255           226           243 
 197           198           195           187           198           158           144           141 
 139           136           121           114           114           114           132           109 
 84            91            88            91            73            79            77            75 
 66            68            57            74            49            70            62            52 
 59            46            54            52            55            41            41            52 
 59            40            49            36            45            53            48            43 
 45            48            49            57            47            45            48            42 
 43            43            41            59            45            28            38            43 
 36            41            52            48            43            38            41            35 
 30            44            31            39            37            39            46            39 
 41            35            41            30            29            36            43            37 
 35            42            31            34            44            48            33            40 
 33            43            37            43            40            37            38            32 
 29            41            32            45            24            40            37            36 
 39            24            35            30            38            33            24            33 
 39            31            43            27            34            37            25            27 
 29            32            32            23            33            23            28            32 
 31            33            31            41            33            39            38            22 
 32            29            28            30            30            36            28            32 
 25            29            36            27            25            31            29            32 
 50            17            21            26            38            27            27            33 
 24            21            38            39            28            32            25            31 
 25            20            26            31            32            31            30            26 
 27            26            30            17            29            21            25            26 
 35            30            26            30            23            20            35            26 
 28            29            27            29            21            19            22            22 
 33            31            24            23            33            28            37            30 
 24            22            32            24            23            30            16            33 
 23            41            30            19            35            24            26            19 
 24            32            26            28            22            25            24            27 
 25            23            29            28            25            30            22            30 
 23            16            25            23            21            27            23            20 
 26            25            28            21            32            27            26            28 
 28            29            20            23            19            24            23            23 
 18            25            17            20            22            26            15            23 
 34            32            28            15            34            30            27            24 
 26            19            16            33            15            16            39            20 
 21            18            24            21            32            23            28            19 
 20            22            19            25            24            25            29            30 
 25            22            26            23            26            24            34            16 
 30            36            18            25            20            30            19            26 
 28            28            22            23            32            12            29            30 
 21            27            28            29            26            24            18            31 
 33            29            27            39            35            17            26            33 
 17            27            21            28            20            18            19            20 
 17            12            22            21            19            19            16            18 
 19            14            18            20            12            23            20            19 
 14            15            14            21            12            14            15            8 
 18            20            8             18            9             14            9             8 
 5             11            3             8             13            5             9             11 
