$SPEC_ID:
bMCA Spectrum
$DATE_MEA:
07-05-2022  12:09:01
$MEAS_TIM:
 158.625       180
$DEVICE_ID:
bMCA 06201013
$ACQ_SETTINGS:
 2             180           1000          4             4095 
$HRDW_PARAMS:
PHA
 800
 3             3276          5 
 7             0             1023 
 80            25            45 
 1             1 
$SPEC_CAL:
-2.996172      2.07587       2.903056E-04
$MCA_CAL:
3
-2.996172      2.07587       2.903056E-04
$ROI:
 267           333           32768         1            137Cs
 553           618           16711935      1            60Co
 15            45            255           1            241Am
$DATA:
 0             1023 
 334           493           915           1885          3617          6392          10131         14624 
 18848         21398         22177         21036         19007         17135         16462         16949 
 19021         22679         28488         36350         45808         56327         66711         74975 
 77987         77449         72548         65346         58028         52491         49760         51391 
 56525         63049         69304         73034         71809         63894         51878         37873 
 24828         15122         8455          4795          2881          2185          1907          1831 
 1778          1820          1767          1772          1810          1817          1802          1703 
 1667          1615          1536          1592          1439          1504          1458          1414 
 1474          1422          1440          1404          1313          1316          1347          1248 
 1271          1216          1111          1137          1133          1172          1152          1053 
 1178          1213          1216          1231          1158          1161          1223          1229 
 1239          1284          1297          1347          1321          1385          1366          1309 
 1313          1384          1464          1486          1442          1430          1474          1460 
 1464          1547          1414          1509          1453          1439          1421          1449 
 1479          1406          1382          1367          1424          1398          1343          1257 
 1296          1253          1319          1264          1245          1291          1184          1220 
 1167          1156          1096          1140          1102          1071          1093          1088 
 1156          1084          1056          1036          1081          1068          1033          1050 
 1000          962           1023          962           1019          949           1057          943 
 950           921           1024          1024          980           946           894           926 
 891           917           935           843           928           868           934           848 
 922           852           890           943           890           856           850           870 
 879           887           859           842           904           897           911           845 
 803           865           887           859           920           854           850           817 
 823           889           836           838           925           843           857           804 
 772           842           815           841           860           798           870           765 
 776           749           789           773           760           728           757           721 
 739           663           660           680           664           665           662           631 
 661           712           621           632           645           611           622           616 
 619           666           588           640           597           592           609           601 
 602           572           598           613           591           609           602           577 
 591           584           597           565           610           634           610           607 
 607           603           619           595           567           591           604           633 
 647           608           651           651           609           637           697           715 
 715           766           750           768           844           895           916           955 
 986           1049          1039          1127          1174          1221          1343          1334 
 1423          1511          1535          1612          1616          1635          1639          1748 
 1799          1752          1723          1725          1674          1639          1692          1606 
 1686          1640          1582          1571          1489          1461          1317          1267 
 1289          1222          1156          1051          1091          989           1002          902 
 884           840           856           802           826           734           731           700 
 696           669           697           711           687           662           663           661 
 600           644           636           603           628           569           602           623 
 631           652           621           645           633           644           654           600 
 641           626           618           673           588           622           628           647 
 628           600           605           610           656           659           672           616 
 657           660           651           724           656           635           640           630 
 704           662           693           644           672           724           710           722 
 676           676           679           672           727           722           683           703 
 763           694           699           695           723           701           722           733 
 699           720           731           706           716           712           736           674 
 662           645           647           652           664           637           661           645 
 633           624           613           601           594           573           559           549 
 571           577           547           558           549           537           513           512 
 487           493           481           479           491           475           482           459 
 494           512           468           497           463           477           455           453 
 421           476           469           460           455           465           445           467 
 446           444           432           457           457           396           475           446 
 423           436           427           437           426           408           403           446 
 408           408           397           411           401           412           444           395 
 456           423           433           441           462           488           476           470 
 544           540           574           578           580           654           583           648 
 714           723           795           836           772           865           961           959 
 975           1033          1001          1067          1139          1139          1126          1157 
 1178          1223          1206          1222          1270          1246          1225          1257 
 1247          1186          1311          1192          1169          1136          1101          1089 
 1047          1017          923           947           907           858           868           784 
 754           751           689           687           609           600           601           557 
 489           487           491           457           435           434           459           461 
 427           461           452           444           431           457           412           476 
 544           497           537           570           583           616           585           640 
 672           719           678           716           752           788           777           856 
 880           905           891           958           924           894           936           1014 
 962           928           923           903           997           859           946           896 
 996           924           914           767           768           786           739           715 
 678           689           654           643           602           560           507           486 
 503           446           443           398           350           364           371           348 
 306           297           280           254           262           249           227           202 
 183           166           174           173           152           133           135           115 
 124           97            131           119           83            91            83            96 
 88            54            70            53            64            65            67            58 
 52            54            56            65            49            54            49            42 
 38            42            50            40            39            39            49            34 
 42            39            37            36            49            33            38            39 
 45            40            21            37            35            36            41            23 
 28            36            39            31            34            25            28            38 
 36            33            31            38            23            27            29            25 
 44            42            26            36            32            43            28            26 
 36            32            26            26            29            39            23            33 
 28            31            25            31            39            35            27            33 
 33            31            26            31            29            28            30            34 
 25            29            25            34            27            30            27            41 
 18            32            24            29            18            23            25            27 
 32            24            28            22            38            27            28            28 
 22            17            22            15            36            23            19            27 
 25            26            28            21            16            22            27            24 
 24            23            21            41            20            17            22            25 
 20            32            21            31            18            29            16            30 
 16            19            20            15            28            28            22            24 
 17            32            26            25            32            25            34            17 
 13            21            32            19            20            19            26            22 
 14            15            25            26            18            20            25            27 
 30            20            24            20            28            27            14            23 
 25            21            18            20            24            26            25            30 
 24            20            31            17            23            12            25            21 
 24            28            18            26            21            29            23            17 
 16            13            25            17            21            24            22            15 
 29            26            19            28            16            20            15            17 
 15            19            17            20            22            25            18            25 
 24            27            20            25            22            25            15            19 
 16            19            24            24            13            20            20            15 
 22            17            24            17            20            22            23            7 
 20            23            15            17            15            21            21            27 
 19            22            17            21            16            25            25            13 
 22            14            24            17            24            13            19            22 
 22            16            10            15            15            18            17            8 
 18            17            15            21            15            17            21            13 
 15            21            18            16            24            17            21            16 
 24            11            32            15            18            26            24            17 
 17            21            14            19            16            18            25            21 
 15            18            25            22            17            24            22            22 
 11            16            20            19            26            18            19            16 
 16            15            16            17            14            14            16            12 
 18            17            11            23            16            16            27            15 
 13            13            19            18            4             15            17            17 
 9             19            11            13            12            16            11            13 
 11            16            10            14            6             11            9             13 
 9             15            11            9             8             14            5             7 
