$SPEC_ID:
bMCA Spectrum
$DATE_MEA:
07-05-2022  11:56:57
$MEAS_TIM:
 158.59        180
$DEVICE_ID:
bMCA 06201013
$ACQ_SETTINGS:
 2             180           1000          4             4095 
$HRDW_PARAMS:
PHA
 800
 3             3276          5 
 7             0             1023 
 80            25            45 
 1             1 
$SPEC_CAL:
-2.996172      2.07587       2.903056E-04
$MCA_CAL:
3
-2.996172      2.07587       2.903056E-04
$ROI:
 267           333           32768         1            137Cs
 553           618           16711935      1            60Co
 15            45            255           1            241Am
$DATA:
 0             1023 
 319           543           971           1841          3595          6266          10043         14733 
 18554         21267         22047         20909         19323         17344         16444         16858 
 18884         22755         28415         36511         45938         56734         67147         75713 
 78296         77530         72083         65852         57723         52180         49503         51501 
 56115         63564         69341         73168         71759         64088         51694         37540 
 24805         14896         8491          4758          3005          2211          1989          1783 
 1705          1782          1675          1828          1820          1806          1695          1705 
 1628          1617          1532          1613          1462          1457          1452          1492 
 1495          1474          1422          1343          1367          1312          1283          1297 
 1161          1139          1164          1124          1126          1147          1173          1152 
 1146          1143          1226          1187          1204          1303          1281          1243 
 1279          1262          1305          1311          1313          1344          1375          1379 
 1414          1399          1465          1403          1417          1423          1489          1498 
 1422          1478          1435          1456          1480          1509          1491          1442 
 1418          1383          1346          1434          1388          1296          1298          1279 
 1344          1266          1303          1216          1204          1228          1191          1115 
 1174          1133          1170          1054          1216          1117          1104          1058 
 1159          1097          1043          1033          1090          1021          1104          1024 
 1040          947           1028          967           971           943           952           1001 
 970           948           941           931           903           936           899           960 
 940           933           914           886           904           899           928           937 
 893           888           920           920           928           892           898           900 
 852           900           870           892           919           894           856           867 
 880           854           842           869           863           817           862           859 
 894           832           856           837           791           789           795           846 
 816           817           802           795           758           802           810           766 
 815           743           808           747           747           745           734           706 
 746           692           719           695           663           686           674           641 
 676           628           626           625           637           603           642           640 
 679           598           599           590           593           598           608           581 
 655           580           606           639           587           562           589           623 
 533           552           591           605           607           573           614           551 
 576           569           592           631           594           600           578           586 
 631           643           659           634           635           663           663           701 
 708           744           791           764           855           870           944           969 
 994           1026          1152          1142          1266          1320          1334          1405 
 1371          1381          1547          1551          1663          1721          1656          1709 
 1785          1714          1807          1695          1734          1686          1730          1682 
 1729          1626          1542          1556          1448          1380          1366          1314 
 1201          1171          1152          1067          1089          945           923           945 
 926           814           764           748           784           756           761           752 
 709           735           672           687           671           698           652           640 
 663           657           650           617           643           669           601           643 
 627           626           598           634           591           615           601           640 
 616           605           620           599           658           618           689           642 
 691           688           668           634           662           664           677           666 
 652           613           698           645           667           706           638           668 
 721           676           732           667           722           707           714           737 
 693           675           724           734           710           697           727           711 
 708           678           762           681           738           742           654           730 
 724           750           711           671           680           721           712           686 
 638           649           670           663           672           628           625           646 
 659           649           595           544           632           564           598           591 
 562           598           541           558           513           555           499           572 
 527           509           519           498           514           485           485           509 
 476           510           524           479           494           464           493           441 
 452           454           485           440           453           473           476           459 
 425           446           450           410           461           483           428           456 
 444           423           464           442           434           476           465           412 
 430           435           446           417           440           406           415           396 
 416           432           427           456           437           501           507           518 
 502           516           579           581           638           663           627           693 
 728           719           821           786           866           941           939           1035 
 967           1095          1067          1090          1137          1096          1174          1226 
 1243          1279          1202          1194          1272          1276          1258          1246 
 1257          1158          1223          1135          1175          1070          1123          1134 
 1065          1005          925           974           902           851           820           830 
 789           692           697           671           607           607           610           557 
 546           521           529           476           450           472           415           448 
 470           438           411           448           436           464           457           517 
 490           564           563           541           598           628           657           671 
 688           653           741           723           785           855           784           870 
 850           905           897           870           911           958           864           903 
 1017          935           986           953           948           950           930           935 
 826           904           824           842           837           802           763           785 
 759           703           653           594           596           575           557           500 
 483           499           400           445           400           329           345           330 
 312           323           284           251           242           208           218           180 
 189           188           159           161           173           157           140           112 
 138           111           98            109           108           96            81            89 
 78            85            87            74            57            66            69            64 
 60            59            52            52            47            45            54            55 
 52            33            52            45            45            36            28            34 
 32            23            42            44            39            30            31            49 
 36            46            23            29            43            39            32            37 
 36            28            28            32            30            34            38            35 
 41            39            40            37            34            22            27            29 
 40            35            36            31            41            36            31            34 
 25            33            29            34            26            31            23            23 
 32            30            43            29            27            33            25            30 
 27            29            32            22            32            31            32            35 
 29            44            23            36            29            27            36            32 
 25            32            32            38            27            22            27            22 
 25            35            24            21            31            29            23            20 
 29            20            26            20            30            24            24            31 
 30            22            26            22            40            22            36            26 
 20            25            27            28            20            32            19            19 
 25            29            27            27            23            24            25            31 
 26            31            23            28            20            26            21            35 
 18            25            24            31            24            20            22            18 
 16            27            17            15            20            21            37            25 
 23            17            18            19            24            24            23            22 
 24            23            22            28            20            23            21            23 
 20            24            17            21            18            16            22            17 
 22            14            22            12            23            23            26            18 
 23            30            34            17            28            17            22            18 
 22            21            17            25            19            12            17            24 
 18            21            20            16            20            32            25            23 
 17            18            25            24            24            23            21            20 
 23            30            18            19            20            14            12            14 
 19            16            17            19            23            19            20            15 
 19            20            11            19            12            13            26            20 
 24            14            16            19            16            17            21            21 
 22            22            20            27            28            19            13            16 
 9             21            17            25            24            16            22            15 
 16            21            16            21            12            17            24            23 
 22            20            18            19            14            27            19            22 
 20            20            21            16            19            24            19            18 
 26            19            29            17            13            23            23            16 
 19            20            26            16            22            12            17            14 
 11            17            18            18            21            25            23            25 
 25            29            22            18            19            18            22            23 
 22            23            17            20            19            16            12            21 
 18            20            20            18            11            7             12            15 
 8             12            9             13            18            7             12            20 
 20            15            10            17            13            17            11            7 
 11            16            9             13            8             10            13            9 
 6             6             14            8             6             15            7             6 
