$SPEC_ID:
bMCA Spectrum
$DATE_MEA:
07-05-2022  11:52:27
$MEAS_TIM:
 105.745       120
$DEVICE_ID:
bMCA 06201013
$ACQ_SETTINGS:
 2             120           1000          4             4095 
$HRDW_PARAMS:
PHA
 800
 3             3276          5 
 7             0             1023 
 80            25            45 
 1             1 
$SPEC_CAL:
-2.996172      2.07587       2.903056E-04
$MCA_CAL:
3
-2.996172      2.07587       2.903056E-04
$ROI:
 267           333           32768         1            137Cs
 553           618           16711935      1            60Co
 15            45            255           1            241Am
$DATA:
 0             1023 
 180           347           658           1221          2452          4231          6741          9782 
 12334         14268         14767         14158         12728         11504         10801         11358 
 12686         15138         19308         24312         30536         37853         44519         49833 
 51800         51220         48750         43117         38371         34800         33672         34084 
 37812         42155         46514         48809         48034         42478         34225         24940 
 16556         9843          5808          3148          2033          1519          1298          1216 
 1157          1202          1178          1186          1218          1208          1219          1145 
 1105          1080          1044          1033          1024          965           910           944 
 921           965           890           939           804           874           857           812 
 801           820           788           777           748           812           830           781 
 761           850           795           800           808           823           828           809 
 768           833           820           881           909           852           941           926 
 891           932           929           973           981           986           976           983 
 951           977           997           950           942           995           947           962 
 898           971           885           951           930           917           906           871 
 862           805           836           778           788           820           781           780 
 742           813           743           771           751           758           772           720 
 743           778           706           735           703           769           714           672 
 657           677           692           687           682           631           679           627 
 667           624           631           584           657           651           639           665 
 595           655           605           594           677           611           607           571 
 565           594           578           590           550           574           554           589 
 588           625           579           583           579           556           595           568 
 582           558           560           579           589           587           538           576 
 571           564           573           583           575           572           560           580 
 531           545           549           539           543           523           533           575 
 501           540           535           505           479           480           505           483 
 484           431           442           436           484           475           435           395 
 445           464           460           450           417           394           384           440 
 400           435           422           433           409           368           396           410 
 405           406           383           404           336           414           411           370 
 366           429           398           380           421           366           377           389 
 377           407           390           411           409           430           392           431 
 406           416           403           406           405           434           454           431 
 476           522           485           543           566           582           582           656 
 637           707           762           763           778           841           928           903 
 1013          1015          991           1045          1138          1108          1164          1128 
 1189          1103          1154          1189          1121          1129          1215          1144 
 1049          1102          1025          1025          978           936           932           887 
 865           770           734           707           711           682           621           585 
 601           580           599           516           497           486           496           500 
 458           483           451           437           419           438           438           375 
 416           423           412           460           402           416           397           453 
 414           430           419           418           394           391           450           432 
 431           393           422           424           437           428           423           426 
 409           419           426           414           461           437           422           429 
 450           466           449           462           471           497           439           498 
 432           458           459           449           443           501           432           457 
 476           465           472           449           500           466           452           465 
 439           430           473           464           527           483           532           466 
 476           455           458           451           493           466           482           500 
 466           473           414           454           376           438           441           419 
 421           417           355           433           397           407           347           386 
 371           379           401           386           321           374           341           344 
 336           328           326           312           332           331           346           331 
 317           334           277           336           301           301           315           304 
 303           299           340           309           322           317           290           307 
 315           288           306           286           283           278           281           288 
 256           273           315           288           289           269           288           285 
 282           290           292           283           242           268           284           263 
 310           280           278           325           291           299           358           332 
 351           371           383           408           405           426           459           437 
 474           503           482           507           576           630           661           652 
 602           716           690           735           744           746           839           796 
 796           775           836           835           836           817           779           846 
 838           765           788           750           755           738           717           666 
 645           673           597           635           633           552           576           511 
 467           477           468           452           429           402           372           363 
 340           356           316           327           315           308           305           276 
 271           307           304           301           289           304           312           342 
 349           372           352           366           384           427           451           444 
 450           502           505           508           527           521           634           598 
 592           615           626           646           624           624           668           604 
 674           594           629           681           612           605           635           628 
 639           614           529           527           531           547           498           484 
 474           476           459           409           431           378           321           315 
 294           320           273           277           264           244           212           200 
 227           207           167           164           157           184           130           143 
 121           125           114           112           90            90            101           89 
 83            74            77            60            94            57            57            44 
 55            57            56            62            50            31            49            43 
 36            49            35            41            36            25            34            43 
 23            22            34            34            24            27            22            15 
 26            24            36            19            17            34            21            33 
 24            27            37            30            22            26            22            27 
 27            20            24            22            20            22            24            20 
 20            34            19            20            28            15            29            21 
 23            19            27            25            25            23            21            24 
 18            32            22            18            18            20            18            21 
 24            16            18            20            25            17            16            28 
 21            22            22            30            23            14            19            19 
 11            18            24            21            23            17            13            20 
 19            25            13            21            26            14            17            15 
 17            14            9             16            12            16            19            17 
 18            16            17            15            12            15            15            14 
 15            14            17            16            11            10            14            16 
 18            12            15            13            17            21            17            23 
 10            16            13            18            17            18            13            17 
 28            21            13            17            16            12            22            19 
 22            16            13            11            17            21            12            11 
 16            16            19            11            10            18            10            9 
 15            13            21            7             14            22            19            19 
 16            15            15            13            16            14            18            20 
 14            11            16            14            19            18            9             10 
 19            7             8             10            13            12            17            12 
 21            12            12            17            14            13            15            18 
 10            18            14            9             15            10            13            11 
 11            9             15            11            14            12            10            16 
 21            10            13            10            16            17            13            11 
 15            15            14            23            18            15            13            18 
 12            9             19            13            16            15            11            7 
 17            13            6             10            15            12            9             15 
 7             15            7             13            18            17            12            13 
 6             8             11            9             12            16            9             10 
 9             14            11            14            20            8             14            17 
 14            12            10            10            10            10            9             10 
 15            11            6             12            9             25            15            10 
 19            15            11            8             8             23            14            13 
 16            8             14            16            10            12            15            10 
 13            10            19            12            8             8             12            14 
 7             17            14            12            21            4             13            13 
 14            13            7             8             9             11            18            10 
 6             17            14            8             11            16            12            7 
 11            14            14            12            11            10            10            13 
 13            9             10            7             11            11            10            14 
 7             8             7             9             5             10            8             9 
 10            5             5             9             3             6             3             6 
 5             6             5             6             7             4             5             3 
