$SPEC_ID:
bMCA Spectrum
$DATE_MEA:
07-07-2022  14:19:04
$MEAS_TIM:
 58.32         60
$DEVICE_ID:
bMCA 06201013
$ACQ_SETTINGS:
 2             60            1000          4             4095 
$HRDW_PARAMS:
PHA
 800
 3             3276          5 
 7             0             1023 
 80            25            45 
 1             1 
$SPEC_CAL:
-7.930157      2.249046      0
$MCA_CAL:
3
-7.930157      2.249046      0
$ROI:
 553           618           16711935      1            60Co
 46            75            33023         1            57Co
$DATA:
 0             1023 
 2             12            10            14            30            58            90            115 
 145           153           141           155           203           189           189           220 
 224           260           253           277           306           308           288           288 
 262           285           281           284           273           273           311           327 
 358           360           365           402           468           471           495           543 
 531           520           485           592           585           624           775           963 
 1116          1302          1663          1913          2113          2216          2376          2322 
 2293          2178          2129          2153          2214          2283          2359          2378 
 2279          2237          2126          1856          1534          1262          977           818 
 660           567           498           424           401           341           354           284 
 285           280           297           302           288           258           263           286 
 247           251           285           279           269           314           282           289 
 320           308           302           340           294           286           303           327 
 311           309           372           309           327           327           289           346 
 289           323           317           296           304           274           321           299 
 287           299           264           252           291           292           287           282 
 261           272           285           257           240           265           235           281 
 242           256           244           248           257           234           254           246 
 245           195           228           237           233           244           205           221 
 235           240           210           215           208           187           189           205 
 214           211           193           210           214           186           214           217 
 212           189           214           174           212           202           185           212 
 190           209           200           185           181           204           183           184 
 187           179           192           189           169           207           188           189 
 193           196           216           178           189           159           185           150 
 161           180           156           189           183           152           185           179 
 179           167           190           159           170           187           169           185 
 172           172           165           182           180           198           162           148 
 153           166           184           173           164           185           167           173 
 158           156           172           149           151           146           208           186 
 164           157           172           157           152           158           174           170 
 147           179           151           168           165           167           155           170 
 161           147           154           139           176           149           136           174 
 147           156           179           137           159           138           186           161 
 179           168           164           167           148           154           181           181 
 202           163           156           172           174           172           166           169 
 186           171           155           157           161           166           162           167 
 175           159           168           173           192           190           172           189 
 152           150           158           160           157           157           164           169 
 168           179           149           156           176           180           173           147 
 162           186           160           164           187           178           205           186 
 193           185           178           178           155           177           183           180 
 183           188           168           179           174           157           163           199 
 187           171           170           179           171           188           171           166 
 180           191           200           177           190           167           172           206 
 179           186           175           188           222           211           192           200 
 175           207           182           183           212           197           198           174 
 226           197           192           219           210           199           204           174 
 221           211           211           198           210           220           214           189 
 198           204           210           203           200           219           215           196 
 202           224           220           191           189           200           201           214 
 205           212           181           191           186           176           199           195 
 161           193           183           186           169           167           160           170 
 196           169           131           149           155           161           153           141 
 140           136           149           136           150           154           139           140 
 131           143           134           133           148           131           154           136 
 138           130           105           132           147           117           136           140 
 124           142           126           130           112           119           136           135 
 129           131           123           134           121           114           112           134 
 127           125           117           116           118           114           108           121 
 141           127           131           149           123           124           171           160 
 153           191           154           167           168           181           203           210 
 201           225           252           254           266           274           286           277 
 311           316           312           317           365           329           376           356 
 362           335           374           353           349           354           333           373 
 363           349           349           312           308           314           301           289 
 266           262           255           248           249           245           201           218 
 192           188           169           189           141           163           154           141 
 158           154           109           120           123           131           118           122 
 120           146           148           133           126           133           136           148 
 141           154           193           174           193           184           185           200 
 223           224           196           232           250           252           262           275 
 267           277           305           238           249           296           285           313 
 312           283           274           274           256           243           268           257 
 265           239           239           214           213           185           199           189 
 158           175           178           164           154           147           152           128 
 146           115           121           107           73            84            93            86 
 86            57            82            64            63            64            54            66 
 48            45            40            42            38            43            26            29 
 27            28            26            25            27            16            19            19 
 12            24            18            27            16            15            16            14 
 13            12            15            15            14            11            10            12 
 10            7             11            11            10            8             21            10 
 8             6             9             11            8             7             4             7 
 11            8             13            7             8             10            5             2 
 7             8             6             12            12            5             11            10 
 8             8             3             6             8             4             13            6 
 10            13            11            8             6             5             8             6 
 7             4             8             15            9             6             12            8 
 12            12            11            4             7             4             4             6 
 7             7             9             9             6             8             9             9 
 5             12            7             10            4             4             5             5 
 5             9             5             4             6             5             8             8 
 6             5             9             8             5             5             4             8 
 5             5             3             8             6             8             7             7 
 8             4             9             6             4             7             3             4 
 1             3             5             8             5             7             7             7 
 2             7             5             5             13            9             1             6 
 5             7             5             7             5             5             8             0 
 1             5             7             9             7             4             5             6 
 9             5             10            7             5             4             10            8 
 9             7             6             4             7             4             6             5 
 9             11            6             9             1             6             3             5 
 5             4             4             4             3             4             7             6 
 4             8             4             3             1             2             6             7 
 5             7             7             2             3             8             5             3 
 5             6             2             5             6             7             4             3 
 4             6             5             3             4             2             3             9 
 6             6             8             6             4             2             4             4 
 7             7             3             2             0             3             3             5 
 4             3             1             3             5             5             2             2 
 5             7             2             3             3             4             6             5 
 3             5             1             6             4             3             2             3 
 4             6             5             4             4             5             3             6 
 3             2             2             5             6             6             8             0 
 4             4             5             3             4             4             7             4 
 5             2             5             3             3             2             6             5 
 3             5             3             5             3             5             3             3 
 6             5             6             2             3             6             4             5 
 2             7             2             3             3             7             2             6 
 5             5             5             8             4             3             5             5 
 6             7             2             7             4             0             3             4 
 4             3             4             3             5             6             5             3 
 3             2             2             6             5             1             3             2 
 6             5             3             3             4             6             2             5 
 2             2             5             3             2             3             1             1 
 3             0             1             1             0             2             2             1 
 0             1             2             2             2             0             2             3 
