$SPEC_ID:
bMCA Spectrum
$DATE_MEA:
07-05-2022  12:41:55
$MEAS_TIM:
 58.27         60
$DEVICE_ID:
bMCA 06201013
$ACQ_SETTINGS:
 2             60            1000          4             4095 
$HRDW_PARAMS:
PHA
 800
 3             3276          5 
 7             0             1023 
 80            25            45 
 1             1 
$SPEC_CAL:
-2.996172      2.07587       2.903056E-04
$MCA_CAL:
3
-2.996172      2.07587       2.903056E-04
$ROI:
 553           618           16711935      1            60Co
 46            75            33023         1            57Co
$DATA:
 0             1023 
 2             5             12            20            38            47            52            106 
 124           159           184           196           210           195           200           217 
 257           240           282           260           306           313           268           286 
 321           282           283           298           316           273           314           319 
 304           336           373           385           397           430           464           450 
 467           493           470           514           555           588           630           785 
 924           1043          1392          1596          1620          1818          1827          1853 
 1765          1699          1668          1641          1719          1730          1797          1814 
 1829          1715          1625          1473          1231          1074          839           691 
 547           521           428           423           375           378           313           321 
 311           305           314           289           268           291           306           283 
 291           282           307           311           305           305           279           331 
 307           342           364           314           353           356           357           363 
 367           348           390           356           335           359           365           387 
 327           348           354           385           314           339           347           354 
 291           349           307           348           299           334           290           321 
 344           312           269           274           275           271           299           257 
 334           256           281           261           238           253           248           260 
 270           255           242           258           228           252           240           225 
 250           241           232           238           225           233           243           223 
 246           191           234           207           223           225           202           226 
 226           215           206           200           217           248           210           200 
 206           214           189           211           190           167           216           186 
 182           214           201           212           173           211           194           197 
 192           213           191           170           173           212           185           224 
 223           194           184           194           203           171           161           221 
 183           199           183           189           212           198           194           179 
 175           185           205           179           199           209           177           196 
 203           182           205           184           171           193           172           186 
 210           189           223           181           191           175           182           193 
 189           192           194           179           210           208           187           204 
 175           208           184           186           200           186           188           185 
 195           157           200           172           185           174           198           200 
 189           196           207           198           171           171           189           202 
 207           198           199           184           183           194           190           183 
 196           203           192           174           185           179           195           197 
 199           201           202           193           216           205           210           193 
 174           202           223           199           200           204           221           226 
 189           203           175           220           197           184           184           199 
 196           191           219           189           198           197           186           199 
 211           192           194           192           215           200           216           200 
 190           170           188           194           187           199           182           192 
 203           216           194           205           212           199           209           213 
 219           216           190           196           200           204           222           194 
 240           213           200           225           218           248           216           249 
 224           207           212           234           241           238           215           218 
 204           229           238           208           232           222           215           232 
 235           249           223           204           242           244           221           222 
 281           228           237           235           239           211           225           252 
 256           251           237           212           235           243           245           248 
 254           255           235           249           245           222           216           255 
 204           231           245           233           198           203           211           205 
 226           210           192           188           197           201           191           206 
 193           193           171           187           186           192           180           171 
 163           179           174           156           167           146           159           152 
 163           157           175           144           144           164           159           158 
 164           158           170           131           143           141           159           162 
 154           154           165           161           156           162           156           141 
 132           143           156           117           143           133           130           153 
 156           131           159           137           147           124           152           149 
 133           158           135           156           159           148           160           174 
 176           198           211           240           202           229           241           226 
 231           250           311           315           292           296           349           369 
 339           365           348           362           426           400           387           429 
 418           404           418           401           400           428           416           400 
 382           405           404           403           379           382           377           350 
 335           323           322           287           301           279           237           240 
 273           234           197           213           165           187           158           150 
 166           146           135           156           165           139           164           152 
 136           146           150           128           168           142           173           173 
 185           201           182           182           207           209           200           253 
 233           248           249           264           255           306           290           316 
 328           305           338           318           318           339           343           340 
 336           361           331           333           316           284           299           325 
 302           304           241           286           235           248           258           228 
 241           217           190           189           177           162           163           174 
 155           122           132           121           98            114           101           95 
 73            94            80            66            73            61            61            59 
 62            51            51            58            47            46            40            35 
 34            32            32            29            33            25            25            28 
 28            26            21            25            18            20            13            28 
 29            17            15            8             19            14            12            12 
 9             16            11            7             7             10            13            6 
 16            12            10            11            12            9             12            6 
 13            12            15            16            5             13            8             11 
 18            11            4             8             11            6             9             9 
 9             11            10            8             14            6             7             12 
 8             11            9             10            10            12            8             16 
 10            13            11            14            8             6             13            14 
 6             9             11            5             13            13            12            14 
 6             6             7             5             7             7             13            11 
 9             6             8             10            4             13            9             3 
 7             8             6             9             6             11            10            9 
 7             10            12            13            5             14            7             10 
 8             10            6             5             8             11            9             12 
 6             6             7             12            8             5             6             4 
 7             5             9             4             8             10            8             8 
 4             12            10            7             12            4             10            8 
 8             8             11            6             8             3             9             7 
 11            11            12            5             6             9             2             11 
 6             13            5             7             8             5             12            6 
 9             9             10            7             8             11            6             9 
 13            5             9             9             8             13            9             11 
 9             6             7             11            6             3             8             10 
 4             5             10            5             11            9             10            7 
 8             5             4             8             10            7             5             3 
 7             10            6             8             7             7             9             6 
 9             3             2             4             8             7             4             6 
 11            8             3             5             5             4             8             5 
 2             3             8             8             11            7             8             5 
 2             4             3             5             7             11            3             4 
 2             8             6             2             4             7             3             6 
 1             7             10            6             6             3             3             7 
 3             2             6             9             7             5             5             6 
 6             2             7             8             4             6             1             3 
 7             3             3             7             1             3             6             8 
 9             9             4             4             3             6             6             5 
 7             11            8             6             5             7             5             5 
 6             12            5             10            8             10            3             6 
 8             6             3             10            4             6             3             5 
 8             3             8             4             8             3             3             14 
 6             3             5             7             6             6             5             7 
 8             6             2             8             5             7             4             10 
 5             4             5             11            12            4             6             7 
 4             8             5             6             4             3             5             4 
 2             3             3             6             2             7             2             1 
 3             4             1             2             3             4             5             2 
 1             4             1             1             2             5             1             2 
