$SPEC_ID:
bMCA Spectrum
$DATE_MEA:
07-08-2022  09:34:19
$MEAS_TIM:
 106.56        120
$DEVICE_ID:
bMCA 06201013
$ACQ_SETTINGS:
 2             120           1000          4             4095 
$HRDW_PARAMS:
PHA
 800
 3             3276          5 
 7             0             1023 
 80            25            45 
 1             1 
$SPEC_CAL:
-7.930157      2.249046      0
$MCA_CAL:
3
-7.930157      2.249046      0
$ROI:
 267           333           32768         1            137Cs
 553           618           16711935      1            60Co
 15            45            255           1            241Am
$DATA:
 0             1023 
 192           323           579           1157          2141          3947          6523          9463 
 12246         13944         14367         13524         12194         11013         10529         11086 
 12634         15563         19740         25025         31813         38959         45349         50065 
 51789         50040         46280         41338         36872         33699         33074         35036 
 38826         43762         47891         47741         45190         37598         28807         19766 
 12145         6836          3851          2271          1618          1263          1196          1104 
 1130          1127          1118          1190          1176          1125          1111          1085 
 1045          1016          976           981           986           890           912           938 
 947           971           927           891           895           921           771           818 
 799           717           759           798           762           778           776           763 
 837           782           841           797           833           830           841           799 
 891           802           850           876           869           852           865           909 
 942           886           874           954           898           903           930           944 
 918           915           882           897           895           844           897           876 
 908           822           811           840           751           847           787           808 
 787           774           764           771           763           756           733           768 
 703           702           772           773           634           677           700           665 
 675           671           648           683           637           618           668           657 
 647           665           617           619           636           614           586           621 
 602           571           634           579           592           552           593           621 
 566           545           547           597           620           553           577           572 
 540           553           571           568           572           591           565           539 
 546           561           551           524           575           533           529           512 
 617           573           534           515           534           557           531           559 
 527           504           551           568           523           561           549           584 
 526           505           517           517           527           503           444           470 
 475           467           453           458           462           415           444           405 
 423           399           390           392           387           373           354           382 
 321           359           399           338           364           382           348           347 
 333           328           319           337           330           326           327           345 
 344           335           325           315           326           348           365           338 
 341           318           325           318           347           353           316           351 
 336           350           368           337           360           361           366           399 
 385           413           373           417           414           419           480           475 
 500           543           586           619           668           673           724           802 
 800           848           961           931           1016          990           1080          1188 
 1167          1194          1299          1236          1320          1308          1292          1276 
 1287          1247          1266          1224          1203          1269          1140          1084 
 1052          962           962           903           920           836           809           765 
 745           669           663           597           513           550           525           513 
 478           410           443           400           445           434           342           376 
 375           359           344           359           345           368           354           333 
 333           325           354           355           315           321           326           325 
 354           376           336           319           344           314           346           352 
 350           329           298           340           354           344           309           363 
 331           346           357           360           342           341           371           327 
 352           353           357           402           360           328           334           336 
 375           358           386           414           386           347           365           375 
 354           368           385           401           380           369           379           394 
 388           367           393           420           335           409           389           362 
 348           371           324           363           357           382           380           369 
 368           309           337           348           326           321           321           322 
 339           286           323           302           295           302           264           302 
 273           270           246           244           256           265           269           271 
 234           236           283           263           241           277           238           260 
 266           271           231           248           271           244           263           244 
 282           256           228           236           242           228           221           229 
 221           238           273           274           271           277           234           246 
 220           238           200           227           192           224           225           245 
 244           220           223           219           222           232           236           225 
 255           243           273           270           291           304           299           299 
 331           320           345           353           387           426           454           440 
 484           501           500           490           550           529           604           557 
 622           566           646           639           643           632           622           712 
 662           627           608           629           616           619           598           535 
 577           538           544           510           524           457           460           424 
 425           398           384           392           354           348           316           300 
 289           267           302           256           257           232           268           227 
 234           226           191           233           230           256           237           226 
 239           261           299           279           288           297           314           350 
 334           359           339           374           390           384           391           426 
 430           454           484           416           456           450           421           484 
 516           508           492           499           481           482           526           446 
 445           468           488           429           439           395           411           383 
 358           349           360           311           342           297           282           280 
 245           243           250           227           200           205           223           159 
 177           168           129           161           156           132           111           138 
 96            81            90            85            71            82            67            69 
 64            45            61            51            53            52            41            41 
 31            30            27            41            31            36            27            26 
 30            29            23            24            23            28            18            27 
 19            21            18            19            21            18            20            14 
 17            18            12            20            15            14            16            19 
 15            12            16            10            14            19            15            20 
 24            13            19            15            17            12            8             14 
 13            20            21            12            13            13            18            9 
 11            18            17            15            9             14            11            12 
 12            9             9             16            14            14            20            7 
 14            10            10            17            14            21            8             15 
 13            11            8             13            17            14            18            12 
 12            13            10            13            9             11            16            16 
 12            9             6             8             13            8             15            9 
 9             9             6             3             16            13            13            12 
 17            12            10            13            8             7             9             10 
 4             4             13            9             10            10            6             5 
 9             15            10            15            8             14            4             7 
 10            12            10            8             10            8             6             14 
 7             6             9             8             7             7             12            5 
 9             4             8             7             9             6             10            7 
 14            12            15            5             9             14            12            14 
 10            10            13            10            5             11            13            8 
 11            10            12            3             11            6             15            8 
 13            7             13            15            9             5             5             13 
 9             11            9             15            11            14            9             9 
 10            7             11            10            13            9             6             9 
 4             7             8             4             8             6             6             7 
 10            15            5             6             7             5             9             6 
 4             13            8             6             10            11            5             5 
 12            11            9             11            8             1             11            1 
 12            10            8             16            6             7             7             6 
 12            13            12            8             10            5             12            9 
 10            9             6             9             10            7             5             5 
 8             12            9             8             11            2             7             10 
 8             11            7             11            4             5             9             4 
 8             7             7             10            9             14            8             6 
 8             6             8             6             5             9             11            8 
 8             10            7             7             13            8             8             16 
 10            3             12            9             6             9             6             4 
 8             7             12            10            10            7             12            6 
 9             4             7             5             10            2             4             6 
 10            7             8             3             2             9             4             6 
 6             4             7             6             6             6             10            8 
 7             9             8             5             7             7             4             3 
 4             6             9             8             9             3             9             7 
 10            8             2             8             5             4             7             8 
 4             6             1             1             5             2             6             8 
 3             6             4             1             3             3             1             3 
 4             4             1             3             1             6             3             6 
