$SPEC_ID:
bMCA Spectrum
$DATE_MEA:
07-05-2022  10:19:10
$MEAS_TIM:
 212.01        240
$DEVICE_ID:
bMCA 06201013
$ACQ_SETTINGS:
 2             240           1000          4             4095 
$HRDW_PARAMS:
PHA
 800
 3             3276          5 
 7             0             1023 
 80            25            45 
 1             1 
$SPEC_CAL:
-2.996172      2.07587       2.903056E-04
$MCA_CAL:
3
-2.996172      2.07587       2.903056E-04
$ROI:
 265           335           32768         1            137Cs
 46            75            33023         1            57Co
 15            45            255           1            241Am
$DATA:
 0             1023 
 517           830           1633          3150          6223          10509         16699         23384 
 29878         33570         34146         31929         29047         26256         24747         26017 
 29775         36090         45924         58198         73111         90121         105260        115905 
 120284        116440        107919        96274         84766         77172         74801         78780 
 88109         99054         108912        112733        107640        93315         73114         51152 
 32088         18474         10240         5872          4148          3649          3565          3877 
 4469          5152          5798          6513          7122          7413          7395          7285 
 7163          6869          6623          6447          6458          6775          6933          7084 
 6880          6492          5896          5060          4377          3618          2835          2286 
 1860          1665          1389          1254          1111          1039          973           952 
 1006          944           972           970           923           959           910           946 
 945           950           1009          977           1013          993           971           976 
 947           925           849           950           879           899           871           842 
 881           830           847           824           780           759           747           793 
 783           711           697           704           704           681           703           720 
 682           675           638           621           605           622           593           635 
 562           575           597           531           591           581           560           560 
 526           566           545           569           526           530           545           551 
 539           514           525           588           524           495           515           542 
 478           533           553           493           519           495           535           487 
 517           506           488           478           483           483           447           518 
 472           485           463           467           467           506           468           467 
 452           482           470           464           497           463           471           479 
 449           518           489           472           489           517           453           439 
 463           467           507           493           461           475           426           454 
 452           437           432           463           454           430           381           374 
 352           311           322           347           339           280           291           286 
 265           233           266           236           233           205           198           171 
 180           203           169           160           155           157           156           137 
 122           148           118           136           116           127           118           100 
 87            98            98            115           98            93            93            80 
 89            74            96            86            87            86            91            90 
 86            94            95            96            100           104           100           132 
 151           151           174           218           199           247           282           334 
 348           408           453           492           587           675           768           892 
 928           967           1086          1216          1283          1371          1491          1572 
 1603          1828          1843          1903          1965          1990          2034          2119 
 2052          2112          1990          2041          2018          1945          1947          1843 
 1759          1735          1652          1524          1427          1375          1250          1107 
 1067          956           896           795           697           658           605           520 
 474           412           401           361           274           312           277           230 
 198           188           160           136           110           107           124           97 
 88            72            73            68            52            49            33            48 
 53            36            27            28            41            23            33            32 
 32            15            27            20            16            27            13            13 
 19            17            21            15            21            18            17            16 
 16            16            22            14            17            19            17            21 
 15            16            18            15            16            10            24            14 
 16            11            20            16            14            18            20            18 
 15            17            10            13            18            13            8             21 
 15            18            16            24            22            18            15            12 
 11            15            13            10            13            19            14            20 
 18            13            12            25            18            11            12            15 
 13            19            12            16            15            17            11            16 
 12            9             16            18            13            15            11            16 
 14            4             12            8             12            16            9             11 
 10            10            10            12            14            10            10            6 
 10            12            11            15            7             13            9             14 
 8             10            8             12            7             12            10            14 
 14            9             9             9             14            7             13            7 
 13            11            11            10            19            11            10            12 
 15            10            15            14            12            15            15            6 
 12            19            16            17            13            14            11            12 
 14            14            11            14            11            15            13            14 
 12            10            14            19            14            12            9             20 
 9             16            13            12            15            15            9             11 
 15            11            20            14            10            9             9             16 
 15            10            10            14            15            9             8             6 
 6             8             7             9             10            7             4             8 
 14            3             11            8             10            7             9             11 
 9             6             7             8             10            6             6             12 
 8             10            4             5             9             9             10            13 
 9             8             5             6             8             6             13            4 
 12            12            6             6             16            9             14            11 
 2             9             11            11            11            9             7             7 
 6             7             6             8             7             11            6             5 
 8             10            5             7             9             12            19            4 
 7             8             8             6             5             5             6             6 
 5             8             11            7             7             1             5             4 
 12            9             7             12            11            14            6             9 
 9             8             12            9             9             14            3             4 
 6             7             8             8             4             5             15            5 
 7             6             12            2             6             3             2             4 
 2             6             3             6             3             7             4             9 
 2             3             5             6             6             2             5             0 
 6             0             0             2             3             2             4             3 
 1             2             0             2             3             3             3             5 
 2             4             1             4             3             1             3             4 
 1             0             0             3             4             2             1             2 
 4             2             0             3             0             3             0             2 
 2             0             1             1             2             1             0             0 
 1             2             1             1             5             0             1             0 
 0             0             1             1             1             2             1             1 
 3             0             3             0             2             0             1             4 
 2             2             0             2             1             0             1             2 
 2             0             1             1             0             3             2             1 
 1             1             2             3             1             4             1             2 
 0             1             1             2             0             0             2             1 
 2             1             3             0             1             4             0             2 
 1             2             2             1             0             3             1             2 
 0             2             2             2             4             0             1             0 
 0             1             0             0             0             1             0             3 
 1             1             0             0             1             1             2             1 
 1             0             0             0             0             1             1             2 
 1             0             1             0             0             2             0             0 
 1             0             1             2             0             1             1             0 
 0             2             0             2             1             0             0             2 
 3             1             1             1             1             1             0             3 
 2             1             1             1             2             2             0             0 
 1             1             0             1             0             2             1             0 
 0             1             0             1             1             0             1             0 
 0             2             0             0             0             2             0             1 
 1             2             2             2             1             1             0             3 
 2             0             0             1             0             2             1             0 
 1             1             0             0             2             1             1             0 
 0             0             1             2             0             1             1             1 
 1             2             3             1             0             1             1             0 
 0             1             3             1             1             0             0             1 
 1             2             2             1             2             0             0             0 
 1             0             0             2             1             1             0             1 
 0             1             0             1             1             1             0             1 
 0             0             0             1             3             2             0             2 
 0             0             0             0             0             1             2             2 
 0             0             0             1             0             0             1             1 
 1             1             0             0             1             0             1             0 
 0             1             1             0             0             1             0             1 
 1             0             0             1             1             1             0             1 
 1             0             0             0             0             0             0             1 
