$SPEC_ID:
bMCA Spectrum
$DATE_MEA:
07-05-2022  13:00:30
$MEAS_TIM:
 174.82        180
$DEVICE_ID:
bMCA 06201013
$ACQ_SETTINGS:
 2             180           1000          4             4095 
$HRDW_PARAMS:
PHA
 800
 3             3276          5 
 7             0             1023 
 80            25            45 
 1             1 
$SPEC_CAL:
-2.996172      2.07587       2.903056E-04
$MCA_CAL:
3
-2.996172      2.07587       2.903056E-04
$ROI:
 553           618           16711935      1            60Co
 46            75            33023         1            57Co
$DATA:
 0             1023 
 9             20            47            68            112           164           217           296 
 361           416           488           479           552           539           570           622 
 726           731           798           825           949           888           882           850 
 852           830           898           843           957           935           898           937 
 1018          1078          1097          1186          1243          1255          1394          1423 
 1410          1469          1434          1533          1697          1735          2045          2340 
 2889          3307          3904          4529          4961          5362          5423          5465 
 5380          5350          5070          5032          5232          5420          5346          5471 
 5493          5093          4700          4301          3643          3045          2491          2012 
 1686          1445          1289          1221          1084          1018          902           960 
 928           884           881           904           875           915           897           871 
 901           884           898           898           941           938           932           976 
 983           985           992           1033          1085          1048          1018          1009 
 1109          1049          1046          1063          1069          1054          1112          1098 
 1131          1117          1071          1063          1005          1045          1027          946 
 978           930           931           980           952           916           922           917 
 870           830           858           850           844           837           845           864 
 861           824           832           853           827           757           723           763 
 801           738           773           793           787           750           757           765 
 766           708           726           797           682           717           701           757 
 671           713           644           675           683           657           649           679 
 643           619           690           632           642           686           655           671 
 636           606           623           598           595           637           632           629 
 629           605           640           620           622           620           563           618 
 600           568           586           632           580           570           603           588 
 582           542           595           565           548           557           607           605 
 528           578           535           544           609           569           531           616 
 585           559           588           601           594           564           549           609 
 569           601           615           544           569           609           555           566 
 574           553           546           559           563           506           555           535 
 555           554           543           562           540           552           567           502 
 559           550           592           542           582           588           538           545 
 590           536           526           572           568           567           582           581 
 564           600           600           545           568           595           595           552 
 540           567           563           540           603           572           604           571 
 569           584           556           557           515           580           534           552 
 575           544           613           565           615           627           545           564 
 548           565           522           575           543           588           578           613 
 596           605           560           552           602           562           604           627 
 592           580           557           628           604           619           611           624 
 552           619           581           581           605           585           629           588 
 620           596           644           606           585           644           592           627 
 645           571           605           594           569           637           600           635 
 587           627           579           644           622           585           655           671 
 642           656           632           647           676           674           664           646 
 712           607           685           658           646           680           703           696 
 629           659           675           662           695           689           759           716 
 675           718           719           722           727           738           720           681 
 713           663           746           732           696           707           733           721 
 757           712           779           768           716           673           723           769 
 748           698           708           693           734           681           671           679 
 715           684           683           696           690           655           662           625 
 629           584           596           596           560           600           577           569 
 571           553           527           543           520           465           553           524 
 497           467           491           495           542           482           504           492 
 558           486           435           447           458           454           471           438 
 432           479           469           455           452           470           448           466 
 428           431           468           459           469           431           446           461 
 449           441           429           434           441           415           447           413 
 438           440           424           410           495           435           416           399 
 419           472           452           439           490           454           490           521 
 538           575           595           575           644           681           739           743 
 743           801           818           805           900           967           983           985 
 1048          1216          1109          1162          1211          1215          1209          1271 
 1255          1285          1361          1283          1330          1300          1272          1259 
 1232          1212          1159          1133          1133          1188          1013          1014 
 1000          951           973           854           830           795           744           790 
 666           624           630           576           557           554           514           471 
 492           459           466           441           452           446           407           421 
 420           438           388           442           443           462           515           472 
 534           520           557           546           632           686           648           709 
 751           756           777           799           787           815           882           882 
 858           914           979           902           959           984           937           948 
 1001          1050          1015          965           942           910           907           887 
 897           888           841           739           743           736           750           710 
 646           638           591           604           559           502           505           489 
 433           416           382           381           364           316           321           298 
 259           245           243           224           221           172           156           183 
 160           178           146           114           119           118           116           114 
 113           115           107           86            72            83            80            56 
 73            69            65            53            46            55            72            47 
 61            53            47            54            44            37            47            39 
 40            30            46            33            38            48            41            25 
 45            36            35            39            32            40            27            40 
 37            34            39            28            44            30            26            25 
 36            32            28            33            37            31            23            30 
 26            37            27            20            39            29            27            34 
 30            22            30            22            21            27            22            29 
 31            33            26            30            39            28            45            30 
 23            24            30            20            25            31            30            26 
 27            24            21            30            30            25            21            22 
 24            23            25            28            32            17            31            21 
 30            26            20            30            21            27            28            23 
 37            41            29            24            39            19            23            24 
 29            28            27            17            21            27            16            32 
 28            26            18            23            14            25            21            18 
 19            25            26            26            27            17            27            25 
 26            22            28            24            17            18            17            20 
 25            27            23            16            20            20            26            23 
 32            21            16            15            19            13            27            22 
 27            23            20            22            19            24            22            14 
 17            14            21            18            23            20            26            28 
 19            15            25            11            24            24            25            23 
 21            20            20            21            26            18            19            20 
 17            21            18            21            20            14            20            16 
 28            18            9             19            12            24            17            24 
 29            19            10            20            27            25            24            20 
 26            12            16            25            18            20            16            19 
 19            18            21            22            21            22            23            17 
 21            21            20            21            11            26            19            13 
 28            11            17            22            23            19            17            19 
 15            15            15            14            16            28            13            16 
 23            19            21            19            18            24            14            17 
 14            16            9             15            14            15            11            20 
 13            23            12            20            13            24            21            14 
 16            15            17            19            21            17            9             17 
 18            14            24            18            15            19            16            16 
 23            20            12            23            18            24            21            9 
 17            15            12            10            23            30            20            17 
 18            15            11            13            13            17            20            16 
 5             18            17            21            23            17            19            14 
 19            25            14            16            19            19            18            15 
 17            9             21            15            13            16            14            17 
 14            13            16            16            25            13            13            14 
 21            13            15            19            17            8             16            12 
 15            13            18            18            11            13            11            16 
 9             18            10            9             7             5             3             4 
 7             7             9             4             8             5             7             7 
