$SPEC_ID:
bMCA Spectrum
$DATE_MEA:
07-05-2022  09:54:01
$MEAS_TIM:
 106.025       120
$DEVICE_ID:
bMCA 06201013
$ACQ_SETTINGS:
 2             120           1000          4             4095 
$HRDW_PARAMS:
PHA
 800
 3             3276          5 
 7             0             1023 
 80            25            45 
 1             1 
$SPEC_CAL:
-2.996172      2.07587       2.903056E-04
$MCA_CAL:
3
-2.996172      2.07587       2.903056E-04
$ROI:
 265           335           32768         1            137Cs
 46            75            33023         1            57Co
 15            45            255           1            241Am
$DATA:
 0             1023 
 263           429           794           1534          2889          5191          8178          11974 
 14804         16813         17316         16192         14562         13089         12293         12859 
 14950         18179         23040         28808         36636         44237         52411         57681 
 59854         58523         54004         47937         42563         38703         37323         39395 
 43672         49474         54298         56300         53819         46605         36645         25200 
 15794         9058          5066          2930          2035          1750          1782          1940 
 2180          2563          2892          3203          3491          3601          3698          3669 
 3520          3533          3279          3324          3318          3406          3403          3564 
 3413          3291          3083          2559          2243          1780          1391          1109 
 959           765           680           614           558           542           494           458 
 489           459           490           492           480           488           470           472 
 502           480           461           504           505           470           483           462 
 461           475           475           441           520           456           420           445 
 450           431           411           404           369           380           374           344 
 401           371           364           359           329           352           341           326 
 323           345           319           315           312           303           303           286 
 321           281           320           300           286           273           278           260 
 284           285           311           282           263           251           266           259 
 245           252           267           263           278           271           249           257 
 258           244           272           270           273           250           222           267 
 242           244           240           260           252           243           233           247 
 243           241           250           243           232           262           221           237 
 242           250           251           258           206           258           262           227 
 232           237           246           247           262           215           246           241 
 263           224           242           239           240           242           206           231 
 209           222           223           185           220           204           178           198 
 212           183           157           171           164           131           134           135 
 121           148           118           116           113           98            85            84 
 94            83            93            82            87            73            55            59 
 62            59            62            52            64            70            61            50 
 49            55            45            57            61            48            50            53 
 47            46            35            35            51            52            51            52 
 54            60            49            48            59            63            49            67 
 70            79            85            87            98            116           121           159 
 163           190           231           265           283           323           369           464 
 450           512           509           588           614           671           741           781 
 831           896           906           905           997           991           1042          1057 
 1062          1024          1100          1036          989           993           985           920 
 885           864           799           763           742           681           630           578 
 540           471           434           359           370           307           287           274 
 246           227           218           171           147           143           124           111 
 100           101           70            81            48            53            60            35 
 45            39            30            24            40            20            28            18 
 16            22            23            11            14            11            15            20 
 12            13            13            14            12            13            8             11 
 9             9             11            6             12            9             6             9 
 5             7             10            12            7             8             9             6 
 8             11            6             8             12            8             11            11 
 4             10            10            9             8             14            7             5 
 8             7             8             7             10            3             10            10 
 8             3             5             10            9             8             4             6 
 9             9             8             6             4             6             2             8 
 12            7             6             11            5             8             11            8 
 6             6             15            11            7             8             13            9 
 9             15            6             5             3             6             9             9 
 8             5             6             8             4             9             3             8 
 7             7             5             12            7             6             9             6 
 5             4             6             10            7             9             6             5 
 6             1             3             4             7             9             5             6 
 8             5             2             7             7             2             5             2 
 1             11            5             6             6             7             6             8 
 8             4             8             1             9             5             5             5 
 4             6             4             12            12            4             4             7 
 10            9             5             3             8             2             5             4 
 5             4             6             3             4             7             8             6 
 2             5             11            5             5             8             8             3 
 10            5             3             7             8             4             4             6 
 3             6             5             6             3             2             1             4 
 2             5             5             3             4             6             6             7 
 9             1             5             3             2             3             8             7 
 5             9             6             6             3             3             4             4 
 3             4             2             4             3             6             4             2 
 8             2             4             5             3             6             5             5 
 9             3             2             6             5             5             4             3 
 8             5             5             6             9             1             11            3 
 6             7             7             8             5             5             5             4 
 4             1             5             1             6             4             3             3 
 1             4             5             6             4             5             6             4 
 4             1             5             5             2             3             8             3 
 3             3             6             2             5             3             4             6 
 3             5             3             7             3             1             4             1 
 3             3             9             3             5             4             0             3 
 3             1             5             1             1             1             2             1 
 3             1             2             1             1             2             2             0 
 3             5             2             4             1             1             1             4 
 0             4             2             3             1             3             0             1 
 1             0             1             0             1             2             0             2 
 1             2             0             0             0             0             2             0 
 0             0             0             1             0             2             3             2 
 1             1             1             2             1             0             0             0 
 0             0             1             0             0             1             1             0 
 2             0             0             0             0             0             0             1 
 0             1             0             0             2             2             1             0 
 0             1             0             0             0             1             0             0 
 2             1             2             2             1             1             0             1 
 1             1             0             0             0             1             1             2 
 0             0             0             1             1             2             1             1 
 0             1             0             0             2             0             1             2 
 1             1             1             1             0             0             0             0 
 2             0             0             0             1             0             1             0 
 1             1             0             0             0             0             0             2 
 0             1             0             0             0             1             0             2 
 0             1             1             1             1             0             0             0 
 0             0             0             1             1             1             0             0 
 1             0             2             2             0             0             0             1 
 0             0             0             0             0             1             1             1 
 0             1             0             0             0             0             0             0 
 0             1             0             0             1             0             1             0 
 0             0             1             0             0             0             0             0 
 1             0             0             0             1             0             1             0 
 0             0             0             0             0             1             1             1 
 0             0             0             2             0             0             1             1 
 1             0             0             0             0             0             0             0 
 1             0             0             0             0             1             0             0 
 1             0             1             0             1             0             1             0 
 0             1             1             0             1             0             0             1 
 0             0             0             1             0             0             0             0 
 1             2             0             1             1             1             0             0 
 1             0             0             0             1             0             1             0 
 1             0             1             1             1             0             1             1 
 1             0             0             0             0             0             1             0 
 0             0             0             0             1             1             0             0 
 1             0             1             1             0             0             1             0 
 0             2             0             1             0             0             0             1 
 0             0             1             1             0             0             0             0 
 1             0             0             0             0             0             1             0 
 1             0             0             0             0             1             0             1 
 1             0             0             0             0             0             0             1 
