$SPEC_ID:
bMCA Spectrum
$DATE_MEA:
07-05-2022  13:09:34
$MEAS_TIM:
 174.805       180
$DEVICE_ID:
bMCA 06201013
$ACQ_SETTINGS:
 2             180           1000          4             4095 
$HRDW_PARAMS:
PHA
 800
 3             3276          5 
 7             0             1023 
 80            25            45 
 1             1 
$SPEC_CAL:
-2.996172      2.07587       2.903056E-04
$MCA_CAL:
3
-2.996172      2.07587       2.903056E-04
$ROI:
 553           618           16711935      1            60Co
 46            75            33023         1            57Co
$DATA:
 0             1023 
 11            14            38            63            110           167           241           320 
 379           473           441           508           566           540           614           666 
 687           766           784           842           948           849           957           910 
 878           868           869           838           893           880           915           943 
 966           1054          1113          1226          1215          1316          1270          1366 
 1472          1528          1514          1536          1817          1845          2085          2386 
 2854          3359          4013          4514          5064          5396          5564          5551 
 5278          5082          5147          5014          5235          5267          5409          5547 
 5390          5209          4719          4103          3629          3022          2554          2122 
 1719          1468          1358          1215          1012          961           941           918 
 905           872           869           951           869           871           875           909 
 921           860           898           906           927           955           1003          921 
 971           998           974           1021          1008          1018          1064          1073 
 1105          1073          1102          1093          1083          1081          1089          1099 
 1050          1123          1013          1090          1050          977           964           960 
 1013          1004          948           988           933           932           909           899 
 854           925           912           904           821           876           829           838 
 828           811           806           779           767           820           758           798 
 777           755           783           742           720           744           731           736 
 699           742           707           708           715           738           673           664 
 695           684           693           673           650           662           661           681 
 680           654           680           683           623           664           640           615 
 632           624           599           658           610           619           615           630 
 613           599           642           619           608           637           582           582 
 572           618           599           587           576           551           582           614 
 604           605           561           551           574           587           548           574 
 572           606           566           604           566           533           586           549 
 546           593           518           559           581           589           574           579 
 583           558           548           573           593           546           592           564 
 482           638           552           548           559           571           629           550 
 560           564           568           526           583           563           531           551 
 601           552           549           537           563           543           545           506 
 579           594           559           525           569           572           552           541 
 577           577           567           541           587           591           554           556 
 607           535           578           607           565           586           560           543 
 596           568           607           558           559           565           566           564 
 589           615           586           562           568           597           587           589 
 590           562           622           591           574           646           612           611 
 574           615           603           597           644           599           592           616 
 618           589           578           628           615           586           579           623 
 590           572           631           618           615           593           576           580 
 630           614           613           612           623           590           621           601 
 604           595           618           629           617           585           588           617 
 601           627           639           683           610           659           604           641 
 677           623           706           618           613           617           658           697 
 632           651           689           656           683           655           671           661 
 672           646           692           670           666           672           672           697 
 668           692           723           712           727           713           724           713 
 708           668           728           712           680           723           703           719 
 704           719           749           735           729           746           725           762 
 718           718           703           734           705           709           691           658 
 689           643           660           657           692           640           622           597 
 604           595           566           616           613           594           543           553 
 552           558           572           516           554           531           514           559 
 538           507           503           511           555           467           508           441 
 481           505           471           501           461           427           461           499 
 434           493           447           440           509           441           446           495 
 469           480           482           465           436           462           459           466 
 446           474           413           436           411           376           425           411 
 442           416           440           439           460           465           443           462 
 450           465           452           453           479           455           522           572 
 563           586           606           618           621           682           712           738 
 752           786           894           833           906           990           972           1051 
 1057          1115          1152          1172          1210          1205          1186          1249 
 1207          1287          1265          1242          1276          1262          1212          1199 
 1231          1167          1196          1152          1098          1096          1123          1068 
 1019          945           969           856           880           775           749           730 
 723           685           624           579           562           528           544           512 
 492           490           452           424           427           437           416           414 
 423           424           419           459           477           477           498           505 
 515           541           562           569           591           638           648           713 
 761           728           806           754           836           850           872           879 
 881           964           934           980           979           964           974           1008 
 956           1025          1006          988           920           1006          941           938 
 858           920           827           826           760           739           708           708 
 696           582           654           588           549           466           486           435 
 450           403           390           392           339           315           276           293 
 266           240           226           256           191           212           183           162 
 162           156           155           131           152           118           117           117 
 106           105           90            86            87            95            78            81 
 68            62            62            63            67            69            47            44 
 44            42            44            47            43            44            34            42 
 46            50            41            47            38            45            41            44 
 41            24            31            31            33            35            48            26 
 36            33            37            37            31            45            23            36 
 41            35            19            33            19            31            45            38 
 26            38            37            21            35            30            27            27 
 25            31            22            35            35            34            26            34 
 20            32            24            37            23            22            37            24 
 23            30            28            19            23            31            38            29 
 21            16            27            27            17            23            23            23 
 22            17            36            25            26            21            25            23 
 28            25            20            18            25            24            26            21 
 34            15            22            19            29            34            26            16 
 24            27            20            22            23            26            20            30 
 21            30            22            25            21            22            18            18 
 29            29            22            25            28            13            24            17 
 27            23            23            31            21            20            18            28 
 21            37            27            26            22            20            20            11 
 26            23            20            22            19            21            25            20 
 21            28            35            19            23            23            21            29 
 18            23            21            22            27            29            19            17 
 20            28            27            26            25            25            22            18 
 16            24            16            19            17            20            17            13 
 15            23            28            18            19            27            11            24 
 14            16            20            22            23            26            17            21 
 18            16            22            24            21            7             14            20 
 18            21            14            18            23            20            17            21 
 17            26            17            19            21            18            34            19 
 23            21            17            22            19            20            16            12 
 21            21            13            24            20            20            20            13 
 21            18            20            16            13            14            9             21 
 17            19            10            17            17            20            15            13 
 18            21            12            15            26            16            25            17 
 9             25            20            17            18            13            19            13 
 17            23            24            20            18            26            17            17 
 19            19            23            27            18            17            22            19 
 22            20            19            22            17            18            11            17 
 14            18            20            13            19            19            10            17 
 18            17            24            19            13            18            20            30 
 21            14            19            14            23            21            12            21 
 24            14            22            26            18            15            13            18 
 15            19            26            23            20            20            11            11 
 14            19            9             23            11            17            18            11 
 8             10            13            16            17            13            14            10 
 14            8             6             8             10            15            7             13 
 8             13            13            7             10            6             6             7 
 10            9             10            5             6             7             5             10 
