$SPEC_ID:
bMCA Spectrum
$DATE_MEA:
07-05-2022  10:01:16
$MEAS_TIM:
 158.995       180
$DEVICE_ID:
bMCA 06201013
$ACQ_SETTINGS:
 2             180           1000          4             4095 
$HRDW_PARAMS:
PHA
 800
 3             3276          5 
 7             0             1023 
 80            25            45 
 1             1 
$SPEC_CAL:
-2.996172      2.07587       2.903056E-04
$MCA_CAL:
3
-2.996172      2.07587       2.903056E-04
$ROI:
 265           335           32768         1            137Cs
 46            75            33023         1            57Co
 15            45            255           1            241Am
$DATA:
 0             1023 
 413           630           1260          2467          4461          8005          12461         17675 
 22360         25293         25914         24384         21642         19624         18867         19462 
 22339         27165         34372         43401         55182         67236         79108         86953 
 90078         87995         80596         72476         63489         58016         56727         58817 
 65857         74812         81749         84228         80199         70047         54487         38036 
 23859         13775         7711          4465          3103          2644          2636          2943 
 3414          3772          4456          4810          5259          5617          5621          5559 
 5294          5072          4936          4875          5025          5093          5194          5253 
 5108          4924          4407          3815          3261          2604          2158          1686 
 1400          1199          1028          945           837           783           717           731 
 724           692           715           719           715           716           701           743 
 727           737           771           771           702           760           728           704 
 765           714           723           703           684           673           685           650 
 639           608           563           593           538           615           572           570 
 555           559           560           514           531           562           497           487 
 501           478           512           465           494           436           489           429 
 435           460           438           419           403           445           410           387 
 429           420           394           409           450           415           440           414 
 415           394           405           394           380           395           399           437 
 370           378           381           375           364           361           420           360 
 401           399           363           344           379           352           378           365 
 365           370           337           383           368           385           342           349 
 378           391           375           350           365           357           367           349 
 388           351           357           404           360           333           355           341 
 373           338           380           360           366           380           343           342 
 349           301           338           336           314           316           291           295 
 274           228           238           240           225           219           239           209 
 206           189           174           159           175           132           128           129 
 137           133           138           105           114           137           99            94 
 115           76            93            91            84            70            92            76 
 77            83            65            95            66            78            72            62 
 72            64            63            70            70            78            69            63 
 53            69            85            70            81            76            105           101 
 97            127           141           138           171           175           251           250 
 285           294           365           385           448           506           559           608 
 668           695           833           900           991           964           1131          1167 
 1235          1222          1331          1402          1426          1536          1559          1584 
 1538          1607          1555          1552          1501          1558          1465          1438 
 1345          1267          1149          1154          1104          998           905           867 
 757           741           674           580           531           498           474           416 
 319           318           292           258           224           192           168           171 
 137           129           128           115           97            95            80            78 
 60            49            46            46            39            35            30            41 
 26            27            33            24            27            20            26            28 
 18            13            18            19            21            24            16            11 
 18            11            17            15            14            11            13            18 
 12            12            11            13            10            13            11            11 
 16            10            15            12            11            12            14            12 
 10            9             11            11            13            11            11            13 
 14            13            8             11            5             7             7             7 
 9             13            8             10            12            13            12            7 
 9             11            16            20            16            9             8             12 
 11            9             11            3             9             9             11            14 
 4             5             21            10            17            18            5             9 
 12            12            15            8             10            9             11            4 
 8             15            9             10            11            7             7             15 
 7             7             4             7             7             7             8             14 
 13            11            13            9             8             6             9             11 
 11            9             4             11            9             6             9             8 
 5             7             5             10            6             8             6             9 
 16            7             10            7             7             9             11            6 
 9             5             7             5             12            9             8             9 
 8             15            8             10            6             10            13            4 
 10            12            9             8             10            9             13            13 
 11            11            7             12            8             12            15            10 
 11            12            8             11            12            6             7             12 
 12            11            9             8             11            7             5             8 
 1             4             9             8             6             5             5             6 
 7             7             7             6             9             3             4             10 
 10            4             4             9             6             9             8             5 
 7             9             1             4             6             3             14            10 
 8             2             7             5             10            2             6             3 
 9             6             2             10            8             3             5             8 
 5             5             2             8             7             9             4             3 
 2             4             10            8             7             7             7             7 
 7             4             6             5             10            3             7             5 
 9             5             5             2             2             11            3             4 
 4             6             8             6             5             7             8             7 
 6             2             8             4             6             2             7             7 
 2             2             6             12            4             2             6             7 
 4             5             6             6             6             2             6             6 
 6             3             6             5             4             4             4             5 
 3             0             8             3             2             3             5             3 
 5             5             6             8             3             2             3             3 
 3             4             0             2             5             2             3             4 
 4             1             3             2             4             4             2             4 
 1             0             0             1             0             2             1             4 
 2             0             4             0             0             3             1             0 
 3             1             0             0             2             0             0             2 
 1             0             1             1             1             0             1             1 
 0             2             3             2             3             2             0             0 
 5             0             2             4             2             0             0             0 
 1             0             2             2             1             3             0             2 
 1             2             1             2             0             0             0             0 
 0             1             0             2             3             0             2             1 
 0             3             2             3             4             3             0             3 
 0             1             0             1             2             1             0             0 
 1             0             0             0             3             1             1             2 
 1             2             1             0             0             3             0             1 
 1             0             0             2             0             2             1             1 
 2             1             0             0             1             0             0             0 
 0             0             1             0             0             0             0             0 
 2             0             0             0             0             1             0             1 
 1             1             1             0             1             0             0             1 
 2             0             0             0             1             0             2             0 
 0             2             1             0             1             0             1             0 
 0             0             1             0             5             0             1             0 
 0             0             0             1             0             0             1             1 
 0             0             0             1             1             1             0             0 
 0             2             2             0             0             1             0             0 
 0             0             0             1             1             5             1             1 
 0             0             0             0             0             0             1             1 
 0             2             1             0             2             0             2             0 
 1             0             2             0             0             1             1             0 
 0             0             0             1             2             0             0             0 
 0             0             0             0             0             1             0             0 
 2             0             1             0             0             1             0             0 
 1             0             1             0             0             1             1             1 
 2             2             0             0             1             1             0             0 
 0             2             0             2             0             0             0             1 
 2             0             0             0             1             1             2             0 
 0             0             1             0             1             1             1             1 
 0             1             1             0             1             0             0             2 
 0             0             4             1             0             1             0             0 
 0             1             1             2             1             3             0             0 
 0             0             0             0             0             0             0             0 
 1             0             1             0             0             0             0             0 
 0             0             0             1             0             0             1             0 
