$SPEC_ID:
bMCA Spectrum
$DATE_MEA:
07-08-2022  08:29:39
$MEAS_TIM:
 53.58         60
$DEVICE_ID:
bMCA 06201013
$ACQ_SETTINGS:
 2             60            1000          4             4095 
$HRDW_PARAMS:
PHA
 800
 3             3276          5 
 7             0             1023 
 80            25            45 
 1             1 
$SPEC_CAL:
-7.930157      2.249046      0
$MCA_CAL:
3
-7.930157      2.249046      0
$ROI:
 267           333           32768         1            137Cs
 46            75            33023         1            57Co
 15            45            255           1            241Am
$DATA:
 0             1023 
 89            168           329           616           1185          2125          3503          4939 
 6602          7579          7888          7582          6739          6057          5652          5789 
 6491          8027          9864          12144         15269         18797         22176         25259 
 26725         27362         25502         22909         20386         18250         17649         18197 
 20311         22663         25358         26342         25023         21523         16865         11632 
 7394          4329          2397          1326          914           848           809           951 
 1121          1232          1586          1775          1959          2143          2300          2255 
 2213          2080          2018          1989          2070          2058          2226          2262 
 2128          2186          1992          1682          1390          1239          939           737 
 579           458           381           313           309           271           221           205 
 243           206           214           216           257           239           205           232 
 226           181           200           218           236           221           221           225 
 210           220           218           205           176           196           196           186 
 177           204           180           179           198           190           170           181 
 174           171           165           170           188           155           164           141 
 157           168           143           155           137           122           140           156 
 150           137           138           161           132           153           131           137 
 98            104           123           139           107           137           115           118 
 96            97            105           126           115           117           109           101 
 127           108           94            103           112           128           100           111 
 119           113           102           113           119           99            117           104 
 111           108           101           92            115           101           95            81 
 120           100           105           100           124           103           93            99 
 115           106           93            88            109           104           101           108 
 93            102           114           128           115           103           125           98 
 80            80            96            93            94            80            84            83 
 93            80            68            73            70            62            86            53 
 57            52            48            40            39            43            37            40 
 42            42            49            42            35            31            38            25 
 38            24            25            26            25            25            37            29 
 23            24            24            24            21            15            28            28 
 22            21            27            12            24            16            19            16 
 11            27            19            20            23            30            18            34 
 36            25            33            29            40            50            48            57 
 75            74            69            72            109           113           119           145 
 152           172           181           237           182           265           255           283 
 310           333           358           357           415           395           406           394 
 456           420           422           441           386           453           382           371 
 371           392           380           344           337           298           293           275 
 255           197           214           207           181           178           141           138 
 137           129           125           94            69            80            51            59 
 52            50            40            25            32            26            25            25 
 21            21            27            9             14            17            17            7 
 11            6             9             8             8             10            5             6 
 4             5             6             6             4             10            3             4 
 5             2             4             5             3             3             5             5 
 3             3             8             1             3             2             4             3 
 7             1             7             1             3             5             2             3 
 4             3             7             3             0             7             2             4 
 6             1             2             5             3             8             4             3 
 6             6             2             5             7             3             2             6 
 2             5             3             5             0             5             2             4 
 3             5             4             2             3             7             2             1 
 3             8             1             5             3             4             1             1 
 4             2             4             1             3             4             5             1 
 2             3             1             1             2             3             1             1 
 2             3             3             1             0             3             0             2 
 1             0             4             1             3             2             2             4 
 5             2             3             4             1             1             2             2 
 4             4             1             3             3             1             2             4 
 5             3             2             4             1             1             10            3 
 3             3             0             6             5             2             3             2 
 1             1             3             6             2             2             3             4 
 5             3             1             0             6             5             6             1 
 4             1             4             3             2             5             5             5 
 0             4             4             3             4             3             4             1 
 0             2             3             6             3             3             1             2 
 3             6             2             5             3             1             1             4 
 1             0             3             1             2             0             0             2 
 3             0             2             1             2             0             0             2 
 0             1             3             1             4             1             1             0 
 1             2             1             2             1             3             2             4 
 3             1             2             1             1             1             0             1 
 0             2             4             1             5             5             2             2 
 0             1             3             2             2             4             2             1 
 2             1             2             0             1             2             2             1 
 0             1             1             3             1             0             0             3 
 4             1             1             2             1             0             0             5 
 2             2             3             3             2             2             1             2 
 3             4             0             1             3             3             2             1 
 1             1             1             2             2             3             4             0 
 2             3             1             0             0             4             1             2 
 0             0             2             1             1             2             3             2 
 0             2             2             1             1             1             1             0 
 0             2             1             0             2             2             0             1 
 1             1             0             0             0             1             1             2 
 1             0             0             1             0             1             0             1 
 1             0             1             0             0             0             1             0 
 0             0             1             1             0             1             0             0 
 0             1             0             0             0             0             0             0 
 0             0             0             0             0             1             0             0 
 0             1             1             0             1             0             0             2 
 0             2             0             1             1             0             0             1 
 0             1             0             1             1             0             0             0 
 1             1             1             0             0             0             0             0 
 0             0             2             1             0             1             1             0 
 1             0             1             0             1             0             0             0 
 0             0             0             1             0             1             0             0 
 0             0             0             0             0             1             0             0 
 0             0             0             0             0             0             0             1 
 0             0             0             0             2             0             0             1 
 0             0             1             1             1             0             0             0 
 0             0             0             0             0             0             0             0 
 0             2             0             0             0             0             0             0 
 0             1             0             1             0             0             0             0 
 0             0             0             0             0             0             0             0 
 0             0             0             0             0             0             0             0 
 0             1             0             0             0             1             0             1 
 0             0             0             0             0             0             0             0 
 0             1             0             0             0             0             1             0 
 0             0             0             0             0             0             0             0 
 0             0             0             0             0             0             0             0 
 0             0             0             0             1             0             0             1 
 1             2             0             1             0             0             0             0 
 0             1             0             0             1             0             1             1 
 0             0             0             0             0             0             0             0 
 0             0             1             1             0             0             1             0 
 0             0             0             1             0             1             1             0 
 0             0             0             1             0             0             0             0 
 0             0             0             0             0             0             0             0 
 0             0             0             0             0             0             0             0 
 0             0             0             0             0             1             0             0 
 0             0             0             0             0             0             0             0 
 0             0             0             0             0             0             0             0 
 0             1             0             0             0             0             0             0 
 0             0             0             0             0             0             0             0 
 0             0             0             0             0             0             0             0 
 0             0             0             0             0             0             0             0 
