$SPEC_ID:
bMCA Spectrum
$DATE_MEA:
07-05-2022  11:43:57
$MEAS_TIM:
 52.86         60
$DEVICE_ID:
bMCA 06201013
$ACQ_SETTINGS:
 2             60            1000          4             4095 
$HRDW_PARAMS:
PHA
 800
 3             3276          5 
 7             0             1023 
 80            25            45 
 1             1 
$SPEC_CAL:
-2.996172      2.07587       2.903056E-04
$MCA_CAL:
3
-2.996172      2.07587       2.903056E-04
$ROI:
 267           333           32768         1            137Cs
 553           618           16711935      1            60Co
 15            45            255           1            241Am
$DATA:
 0             1023 
 101           160           297           634           1210          2121          3361          4833 
 6257          6996          7260          7000          6355          5817          5469          5665 
 6455          7733          9653          12222         15401         18884         22273         25037 
 26421         25633         24175         21876         19444         17728         16722         17307 
 18900         21334         23130         24504         23773         21022         17025         12278 
 8260          4790          2759          1544          990           661           682           594 
 596           562           612           589           571           619           560           619 
 560           509           526           493           489           470           459           460 
 485           453           443           472           458           459           415           429 
 427           377           378           402           391           371           368           368 
 347           401           400           409           407           408           383           412 
 445           415           431           432           468           459           411           445 
 466           467           462           423           500           532           495           498 
 503           494           470           499           488           477           515           463 
 454           472           482           446           463           436           431           444 
 402           449           441           417           413           425           413           434 
 382           403           384           361           377           389           408           381 
 368           336           336           371           358           346           387           320 
 340           361           332           384           298           339           331           330 
 344           319           298           313           324           283           294           320 
 301           290           292           301           317           316           301           293 
 307           288           321           297           286           283           297           266 
 310           312           276           271           266           316           308           290 
 286           282           295           292           328           284           291           308 
 279           281           275           278           303           324           284           317 
 267           272           307           298           249           261           243           262 
 251           254           246           253           257           279           260           263 
 220           236           211           245           246           212           203           225 
 235           227           206           220           214           215           188           203 
 212           225           206           195           217           211           208           194 
 188           208           201           188           221           197           202           195 
 211           199           195           196           219           191           183           189 
 200           207           187           209           178           182           209           152 
 214           207           189           212           238           209           259           203 
 219           260           259           286           238           290           293           335 
 346           338           340           394           389           480           429           469 
 529           532           530           531           553           544           597           571 
 578           586           556           554           569           568           567           543 
 535           545           486           485           479           505           426           453 
 398           390           388           364           362           339           336           290 
 262           273           287           270           273           254           259           245 
 260           223           230           241           216           248           238           171 
 218           203           223           205           170           233           186           205 
 220           212           211           222           190           196           210           210 
 210           200           214           234           189           238           236           199 
 219           233           179           205           194           192           233           227 
 229           252           254           238           220           217           219           251 
 205           206           214           243           207           225           204           230 
 235           247           219           226           227           259           230           230 
 240           229           232           239           242           208           245           254 
 223           242           240           230           206           252           226           193 
 212           218           236           252           242           216           218           227 
 214           208           196           188           219           188           201           223 
 209           193           187           188           185           160           175           187 
 186           186           170           188           171           133           172           142 
 166           162           166           160           164           152           170           182 
 183           163           141           153           150           130           170           167 
 144           160           152           155           149           181           141           153 
 140           148           138           142           139           152           157           136 
 144           145           136           163           121           143           161           168 
 151           164           156           132           157           174           152           149 
 200           175           168           189           209           205           232           238 
 237           299           259           277           280           313           308           331 
 357           339           337           359           435           397           410           417 
 400           414           400           397           412           446           418           387 
 375           416           409           377           383           351           342           364 
 340           339           317           274           277           289           275           246 
 240           241           208           198           179           208           187           169 
 199           186           170           143           138           165           142           149 
 160           132           154           159           137           157           165           169 
 184           175           203           219           192           211           231           208 
 229           251           258           226           270           276           290           299 
 279           290           312           324           324           323           296           324 
 294           318           334           308           326           345           314           304 
 310           311           292           290           246           244           262           204 
 240           245           202           190           195           174           154           156 
 157           167           138           142           134           116           114           104 
 104           101           94            72            71            62            70            78 
 76            59            55            48            43            52            43            43 
 34            46            48            35            34            30            23            24 
 20            22            12            26            22            28            21            18 
 19            19            24            18            14            18            16            19 
 13            17            13            10            12            13            15            11 
 12            14            13            14            15            20            14            15 
 15            7             9             5             12            11            7             14 
 16            9             15            17            9             7             12            10 
 16            15            7             7             11            14            6             7 
 12            5             9             13            10            17            6             12 
 11            16            15            10            13            8             5             5 
 12            6             10            9             11            6             8             7 
 13            14            8             10            10            7             8             13 
 14            9             14            7             13            14            6             8 
 6             11            8             9             9             9             9             11 
 8             9             11            8             8             7             11            8 
 12            7             10            5             2             5             7             14 
 12            6             6             10            8             13            5             8 
 8             8             7             3             9             11            8             11 
 9             7             7             7             6             10            9             5 
 11            4             7             5             13            7             9             9 
 7             8             8             13            5             2             9             9 
 9             8             5             7             12            4             6             12 
 8             9             12            10            7             6             11            12 
 10            8             9             6             8             10            3             9 
 12            8             4             6             6             12            7             2 
 7             9             4             5             8             12            5             12 
 6             4             7             7             13            4             6             6 
 6             3             5             8             8             6             6             5 
 7             3             10            10            10            7             7             8 
 6             5             9             3             6             10            8             9 
 10            13            9             8             6             5             10            7 
 5             10            7             6             8             7             3             3 
 3             13            7             7             9             4             1             8 
 8             9             6             9             3             5             6             10 
 2             5             8             5             9             4             7             5 
 11            3             9             7             3             5             6             7 
 11            5             5             3             4             6             4             4 
 11            5             5             5             8             10            8             12 
 4             9             6             11            9             4             8             9 
 8             8             7             6             10            10            2             6 
 6             6             8             4             12            7             8             9 
 3             6             3             11            6             9             8             5 
 11            1             10            5             9             6             6             6 
 4             9             8             6             8             6             5             4 
 5             6             4             7             3             5             8             7 
 10            8             2             5             3             4             3             2 
 3             6             5             4             1             6             9             3 
 0             3             4             2             4             0             1             5 
 2             1             1             2             1             2             2             2 
