$SPEC_ID:
bMCA Spectrum
$DATE_MEA:
07-05-2022  10:15:09
$MEAS_TIM:
 212           240
$DEVICE_ID:
bMCA 06201013
$ACQ_SETTINGS:
 2             240           1000          4             4095 
$HRDW_PARAMS:
PHA
 800
 3             3276          5 
 7             0             1023 
 80            25            45 
 1             1 
$SPEC_CAL:
-2.996172      2.07587       2.903056E-04
$MCA_CAL:
3
-2.996172      2.07587       2.903056E-04
$ROI:
 265           335           32768         1            137Cs
 46            75            33023         1            57Co
 15            45            255           1            241Am
$DATA:
 0             1023 
 512           839           1542          3149          6043          10504         16723         23836 
 30238         34021         34229         32350         28995         26150         24814         25994 
 29901         36314         45882         58046         72820         89659         105045        116355 
 120445        116902        108314        96502         84975         77313         75187         78676 
 87282         99565         108051        111576        107526        93705         72759         50646 
 31941         18257         10251         5836          4178          3466          3594          3927 
 4398          4969          5796          6499          7168          7288          7592          7309 
 7097          6953          6666          6520          6642          6741          6871          6933 
 6746          6612          5864          5088          4366          3478          2835          2337 
 1865          1619          1386          1246          1135          1038          1025          988 
 1007          981           1009          934           945           894           980           955 
 982           934           1014          964           1011          999           1005          989 
 903           926           922           920           894           890           853           878 
 826           840           811           797           799           740           732           770 
 736           767           733           705           706           720           710           681 
 669           665           643           653           619           669           611           630 
 692           591           598           623           574           604           590           593 
 555           566           567           551           576           549           510           526 
 524           485           521           516           518           544           499           509 
 508           507           569           486           537           473           491           506 
 528           446           499           494           491           523           479           479 
 464           485           490           464           503           468           471           444 
 486           489           504           453           506           420           469           504 
 476           488           495           461           506           521           461           516 
 464           504           453           476           498           434           496           468 
 443           418           428           421           429           433           400           419 
 377           392           359           321           291           277           295           292 
 260           247           242           212           224           204           216           191 
 212           170           158           155           151           151           141           125 
 132           124           121           123           115           108           120           101 
 121           94            119           96            103           99            95            113 
 90            101           97            90            100           100           87            95 
 102           98            93            113           101           108           98            124 
 158           132           196           183           200           254           290           305 
 355           411           493           518           614           634           749           794 
 917           1021          1061          1166          1290          1382          1455          1591 
 1667          1809          1861          1854          1943          1965          2046          2005 
 2146          2132          2079          2063          1998          2093          1919          1865 
 1780          1695          1627          1581          1432          1386          1187          1169 
 1050          944           871           798           755           652           600           506 
 469           408           393           337           316           268           232           235 
 184           182           156           129           141           127           112           81 
 74            61            68            59            52            62            49            58 
 32            32            31            28            43            26            30            16 
 34            20            14            26            16            23            22            21 
 20            25            18            21            16            14            17            17 
 12            17            15            22            11            22            19            19 
 13            19            18            15            12            18            17            28 
 21            25            15            19            9             17            14            14 
 19            17            23            17            13            18            22            15 
 12            11            19            11            18            15            11            21 
 17            13            12            11            17            14            10            10 
 13            16            13            14            13            12            14            15 
 8             22            13            14            18            17            10            14 
 14            14            12            15            7             15            10            13 
 17            10            11            14            17            18            16            6 
 12            10            10            10            7             7             16            10 
 14            9             7             15            12            14            13            10 
 12            12            12            16            7             13            11            9 
 11            4             14            9             8             11            19            10 
 10            10            13            15            11            6             9             9 
 14            11            7             14            10            15            12            9 
 10            17            12            17            15            14            13            5 
 8             14            13            19            15            9             17            16 
 10            20            18            12            7             11            10            15 
 7             10            11            14            10            8             16            17 
 12            12            14            14            10            7             10            9 
 8             8             15            13            12            12            10            8 
 11            8             9             6             4             2             7             6 
 7             7             13            8             13            3             8             11 
 7             9             4             8             5             9             6             9 
 8             14            5             9             7             12            9             10 
 8             8             7             9             11            15            11            5 
 13            8             14            5             8             6             6             10 
 9             10            4             15            18            13            9             12 
 6             8             10            7             10            11            11            9 
 11            5             8             10            9             10            9             8 
 5             13            8             8             12            9             9             8 
 13            6             9             9             5             11            6             7 
 8             4             8             8             7             3             7             9 
 7             12            15            10            11            9             3             6 
 6             9             8             5             9             11            7             4 
 10            6             7             6             5             4             9             1 
 5             3             6             2             7             2             6             2 
 4             2             5             2             5             5             2             4 
 4             4             1             5             2             1             5             1 
 6             5             1             0             1             6             0             1 
 1             0             2             2             2             1             0             2 
 2             1             2             3             0             4             1             7 
 3             2             1             1             1             2             1             1 
 2             0             2             0             0             5             0             1 
 1             4             1             4             2             0             1             1 
 1             1             1             0             0             3             1             0 
 2             3             1             1             1             1             0             1 
 0             1             2             3             1             1             1             1 
 1             1             3             1             1             0             1             1 
 0             0             0             1             1             4             0             2 
 0             3             0             1             1             2             0             0 
 1             2             3             3             1             0             2             1 
 0             0             1             0             0             0             2             3 
 2             1             0             2             1             2             1             3 
 1             0             0             2             0             1             0             1 
 0             0             0             1             2             0             1             0 
 0             0             0             2             2             0             0             1 
 0             1             0             0             0             0             0             1 
 1             1             0             1             2             0             0             2 
 1             0             0             0             0             0             0             0 
 0             0             0             1             1             0             2             1 
 0             1             0             0             0             0             2             1 
 1             0             0             0             1             1             0             2 
 2             1             1             0             1             1             0             1 
 0             0             0             0             0             0             0             0 
 0             1             1             0             1             1             1             2 
 1             1             1             0             0             0             0             1 
 0             2             0             2             0             2             0             0 
 1             1             1             0             1             1             1             1 
 1             0             0             0             0             0             1             2 
 1             0             0             0             1             0             3             1 
 0             1             1             1             1             1             0             1 
 2             1             0             0             1             0             1             0 
 0             0             1             0             0             0             0             1 
 0             0             2             0             1             1             1             0 
 2             1             2             1             1             1             0             0 
 0             2             0             1             0             1             0             3 
 3             2             1             1             1             1             1             0 
 0             0             0             0             0             1             2             0 
 0             0             1             1             2             0             0             1 
 0             0             0             0             2             1             0             2 
