$SPEC_ID:
bMCA Spectrum
$DATE_MEA:
07-05-2022  11:44:58
$MEAS_TIM:
 52.86         60
$DEVICE_ID:
bMCA 06201013
$ACQ_SETTINGS:
 2             60            1000          4             4095 
$HRDW_PARAMS:
PHA
 800
 3             3276          5 
 7             0             1023 
 80            25            45 
 1             1 
$SPEC_CAL:
-2.996172      2.07587       2.903056E-04
$MCA_CAL:
3
-2.996172      2.07587       2.903056E-04
$ROI:
 267           333           32768         1            137Cs
 553           618           16711935      1            60Co
 15            45            255           1            241Am
$DATA:
 0             1023 
 107           167           315           641           1197          2129          3392          4956 
 6116          7211          7311          6982          6417          5818          5551          5725 
 6354          7543          9500          12239         15585         18876         22490         25068 
 26053         25513         24011         21365         19289         17490         16729         17160 
 19033         21279         23544         24476         23995         20893         17137         12360 
 8284          4920          2726          1535          1000          755           676           557 
 600           553           586           577           586           604           590           554 
 606           511           549           521           469           482           494           475 
 496           488           488           451           476           460           417           422 
 388           387           372           381           421           360           400           382 
 391           385           419           432           411           413           376           433 
 442           424           415           454           395           450           442           475 
 468           487           501           467           498           471           470           489 
 503           488           513           484           454           506           449           506 
 471           467           430           472           449           462           444           411 
 393           436           433           424           417           398           362           398 
 411           400           380           384           384           376           368           366 
 382           398           364           366           334           341           364           321 
 368           342           339           346           319           339           333           343 
 325           357           327           307           300           322           321           320 
 295           315           321           315           325           311           269           290 
 278           297           286           310           286           287           301           288 
 330           302           302           277           271           289           287           270 
 291           312           280           278           305           304           274           254 
 281           281           256           223           263           288           290           275 
 254           268           295           275           288           261           261           269 
 235           251           286           224           264           262           221           226 
 239           235           250           230           223           207           240           218 
 216           210           218           236           217           208           224           225 
 212           194           218           197           215           204           189           224 
 185           188           204           208           200           205           196           226 
 211           194           184           207           224           197           163           179 
 194           183           186           222           177           195           214           210 
 226           190           205           217           240           224           235           262 
 254           239           240           279           265           295           307           325 
 333           356           369           373           401           416           447           483 
 464           534           502           544           530           589           569           597 
 577           580           591           575           563           601           566           559 
 522           546           507           477           499           430           436           410 
 425           408           365           374           322           350           334           337 
 297           293           268           289           261           230           231           232 
 238           219           210           211           201           204           210           211 
 210           207           200           213           248           215           226           206 
 222           187           199           192           211           194           217           210 
 228           194           217           259           202           229           203           229 
 238           190           221           207           192           223           244           220 
 246           190           245           205           225           232           220           230 
 240           232           215           246           239           246           216           252 
 240           254           228           204           230           245           252           217 
 204           226           232           245           249           241           255           243 
 216           225           243           231           249           223           216           225 
 234           226           260           239           220           219           196           199 
 225           202           208           193           201           202           182           205 
 213           192           189           183           177           169           171           179 
 189           166           156           166           171           148           176           155 
 175           165           168           151           141           181           170           152 
 163           140           180           149           176           150           174           157 
 160           154           150           133           142           162           136           155 
 165           138           128           136           165           142           146           144 
 142           138           143           126           148           149           155           149 
 125           134           169           151           155           151           161           177 
 162           160           209           234           210           219           223           200 
 253           257           291           263           315           298           328           340 
 317           331           377           323           378           390           402           390 
 387           440           408           414           408           412           414           409 
 391           413           442           407           387           391           392           346 
 320           344           325           276           306           275           286           246 
 242           248           225           215           208           218           159           182 
 193           170           160           148           140           132           148           154 
 151           138           149           151           158           150           179           159 
 192           163           211           200           215           192           219           216 
 246           257           250           256           276           260           277           285 
 274           303           324           281           310           334           320           310 
 325           333           326           317           306           327           332           279 
 267           298           298           273           252           261           254           234 
 233           240           234           184           220           178           172           186 
 134           152           149           146           132           137           116           108 
 113           96            86            91            93            78            52            80 
 63            65            61            60            49            52            44            39 
 32            39            31            36            30            21            32            29 
 30            21            30            20            29            20            19            15 
 20            22            14            18            15            11            16            13 
 16            14            23            14            19            18            12            16 
 9             12            11            11            17            15            16            10 
 11            8             11            6             11            7             7             18 
 13            17            15            5             9             9             13            7 
 9             9             14            11            8             9             9             6 
 11            11            7             12            5             12            5             9 
 3             5             7             17            9             11            17            7 
 8             11            9             5             7             9             16            10 
 5             10            11            6             3             5             10            14 
 9             13            9             9             14            4             9             9 
 13            10            13            12            5             11            11            9 
 8             7             12            8             6             7             5             8 
 7             5             5             5             9             10            7             9 
 7             9             7             9             10            10            9             10 
 7             7             5             14            12            9             10            7 
 9             5             11            7             9             5             10            7 
 8             10            4             10            6             4             11            8 
 14            7             13            11            5             9             14            8 
 5             8             3             5             10            9             4             7 
 10            8             5             5             7             6             4             9 
 5             8             6             7             5             5             9             8 
 8             12            11            8             6             6             9             9 
 6             11            5             7             8             12            10            6 
 10            8             7             5             10            6             9             13 
 2             4             7             7             5             6             17            9 
 7             5             7             6             5             4             6             8 
 6             4             6             4             8             2             6             3 
 11            5             4             5             4             3             3             6 
 7             3             7             6             11            3             9             6 
 8             5             11            9             6             6             7             6 
 5             5             5             8             5             7             7             7 
 8             7             3             7             4             6             8             3 
 3             8             13            4             7             8             7             7 
 5             4             2             4             9             5             3             6 
 6             8             7             6             7             6             4             7 
 7             5             11            8             13            10            4             4 
 2             5             4             9             7             4             5             9 
 5             5             6             8             6             5             8             2 
 13            3             6             5             6             5             8             7 
 3             7             4             13            5             5             5             6 
 3             8             5             7             2             2             6             4 
 5             5             8             6             6             6             4             6 
 9             1             9             2             1             6             5             7 
 3             4             3             4             4             3             6             4 
 4             5             2             7             7             7             4             2 
 5             3             5             2             3             1             6             2 
