$SPEC_ID:
bMCA Spectrum
$DATE_MEA:
07-05-2022  12:46:57
$MEAS_TIM:
 116.535       120
$DEVICE_ID:
bMCA 06201013
$ACQ_SETTINGS:
 2             120           1000          4             4095 
$HRDW_PARAMS:
PHA
 800
 3             3276          5 
 7             0             1023 
 80            25            45 
 1             1 
$SPEC_CAL:
-2.996172      2.07587       2.903056E-04
$MCA_CAL:
3
-2.996172      2.07587       2.903056E-04
$ROI:
 553           618           16711935      1            60Co
 46            75            33023         1            57Co
$DATA:
 0             1023 
 6             12            21            45            75            98            189           208 
 294           295           299           330           394           357           398           433 
 488           512           550           535           624           595           620           641 
 564           595           536           583           602           591           632           582 
 632           683           748           759           835           844           889           902 
 982           987           1044          1050          1082          1249          1341          1679 
 1921          2267          2699          2982          3258          3535          3620          3566 
 3614          3601          3467          3367          3372          3394          3555          3673 
 3678          3528          3204          2799          2515          1988          1762          1419 
 1143          1004          809           776           730           662           683           581 
 611           584           571           564           606           542           607           640 
 571           582           634           630           592           670           655           601 
 582           682           682           699           712           736           667           734 
 701           727           766           756           693           739           720           748 
 692           654           696           696           676           691           682           676 
 644           661           659           645           595           594           688           580 
 634           597           571           597           567           599           579           579 
 587           526           567           528           528           486           501           518 
 536           516           503           508           480           496           483           480 
 483           492           485           516           473           464           460           464 
 446           466           429           461           449           445           444           418 
 432           438           464           411           439           469           437           426 
 410           442           405           416           385           411           400           376 
 405           399           407           438           429           374           366           412 
 383           382           408           407           393           376           354           417 
 396           400           391           421           374           415           382           386 
 404           388           357           388           345           424           365           382 
 415           377           380           375           377           326           385           405 
 369           362           355           352           371           399           391           381 
 413           353           385           363           409           361           361           403 
 396           405           356           417           354           356           338           383 
 405           381           385           386           380           398           417           398 
 384           400           371           384           376           376           369           338 
 393           365           351           333           353           393           366           365 
 389           377           385           350           383           349           381           355 
 385           385           375           354           403           410           391           394 
 430           389           406           360           395           408           405           383 
 382           407           433           381           418           374           372           404 
 380           397           374           419           402           375           406           412 
 406           396           377           354           391           406           404           391 
 413           396           396           405           446           401           386           390 
 387           412           394           445           410           391           378           427 
 401           389           411           404           382           411           433           398 
 423           402           435           372           425           436           383           414 
 425           440           433           443           409           390           442           436 
 416           393           457           439           433           435           454           449 
 457           463           444           420           453           458           476           470 
 516           478           457           449           434           464           500           471 
 484           505           502           491           455           472           487           510 
 496           489           490           505           477           487           470           505 
 474           517           459           470           471           471           476           476 
 430           460           437           444           448           384           407           425 
 414           431           393           443           422           369           400           384 
 376           360           339           388           359           371           342           390 
 340           329           368           335           318           339           340           331 
 310           340           284           318           305           301           338           284 
 325           293           287           311           320           282           291           322 
 304           303           321           282           324           293           333           293 
 267           296           329           309           281           306           312           296 
 296           281           271           297           269           259           294           291 
 298           281           301           286           304           304           340           356 
 374           397           406           410           477           447           486           504 
 479           529           559           574           612           601           600           677 
 722           683           749           738           762           802           853           873 
 793           860           870           830           874           857           806           809 
 810           778           750           788           814           770           777           653 
 679           624           608           568           577           567           522           508 
 459           460           436           423           398           372           359           335 
 316           326           321           301           289           248           277           261 
 288           276           290           247           281           323           313           338 
 390           354           385           380           423           400           449           462 
 501           473           494           526           536           545           609           595 
 562           647           609           650           611           633           662           646 
 659           657           650           674           625           606           604           593 
 551           596           557           544           516           534           477           461 
 460           445           423           382           354           324           355           276 
 306           310           259           243           220           240           236           197 
 141           178           168           160           156           149           110           118 
 113           116           107           112           102           91            63            90 
 80            65            64            58            59            64            60            52 
 50            50            41            44            52            41            41            23 
 33            44            31            39            28            29            33            27 
 28            22            30            29            30            28            20            33 
 14            26            20            24            19            19            23            17 
 18            19            24            19            24            22            24            22 
 27            17            21            27            24            27            22            15 
 14            18            13            18            19            22            21            14 
 17            18            15            16            29            15            24            19 
 19            17            22            20            12            18            15            21 
 17            17            11            19            15            25            14            17 
 22            15            15            24            12            22            24            20 
 12            26            28            17            20            14            13            20 
 15            10            22            14            19            20            18            29 
 16            18            14            17            27            10            11            16 
 14            19            15            23            23            18            14            12 
 19            20            16            16            14            13            11            17 
 10            14            12            14            18            13            21            21 
 19            15            11            20            17            13            20            13 
 12            22            18            19            13            12            24            16 
 13            11            13            24            15            16            10            14 
 14            9             18            17            12            11            14            15 
 15            25            12            17            13            8             13            9 
 13            8             18            13            14            13            11            12 
 16            11            14            13            11            15            17            12 
 12            12            10            9             17            14            17            14 
 11            15            9             8             14            19            16            6 
 13            13            19            9             9             10            12            17 
 13            10            14            16            13            3             6             11 
 12            15            13            11            11            7             9             8 
 8             18            14            8             13            17            14            13 
 7             13            12            12            14            16            9             12 
 8             17            13            20            9             13            9             12 
 5             14            11            18            5             14            8             7 
 10            14            9             4             17            12            14            11 
 12            12            9             12            13            15            10            10 
 17            7             7             14            7             8             11            10 
 15            11            18            16            13            11            10            9 
 12            6             9             9             10            15            12            13 
 9             16            10            10            11            15            12            10 
 15            12            14            19            12            9             15            15 
 5             12            11            14            11            12            11            18 
 14            13            16            16            14            16            13            14 
 13            10            12            14            11            15            14            20 
 8             14            13            10            11            4             7             7 
 6             10            11            11            14            8             9             8 
 9             8             5             11            6             8             6             7 
 6             5             10            5             7             7             4             6 
 8             9             4             2             3             3             5             4 
