$SPEC_ID:
bMCA Spectrum
$DATE_MEA:
07-05-2022  10:04:17
$MEAS_TIM:
 159.005       180
$DEVICE_ID:
bMCA 06201013
$ACQ_SETTINGS:
 2             180           1000          4             4095 
$HRDW_PARAMS:
PHA
 800
 3             3276          5 
 7             0             1023 
 80            25            45 
 1             1 
$SPEC_CAL:
-2.996172      2.07587       2.903056E-04
$MCA_CAL:
3
-2.996172      2.07587       2.903056E-04
$ROI:
 265           335           32768         1            137Cs
 46            75            33023         1            57Co
 15            45            255           1            241Am
$DATA:
 0             1023 
 407           644           1199          2329          4452          7790          12573         17714 
 22571         25003         25679         24230         21650         19752         19044         19836 
 22647         27177         34205         43335         54671         67222         78848         86942 
 90453         87686         80798         72036         63706         57976         56235         59556 
 65653         74212         81351         84164         80262         69812         54660         37801 
 23726         13729         7668          4454          2994          2682          2589          2982 
 3416          3784          4444          4898          5415          5479          5723          5485 
 5359          5045          4955          4805          4959          5059          5177          5217 
 5228          4821          4395          3903          3356          2609          2235          1732 
 1453          1204          1031          909           813           781           706           732 
 703           689           797           677           722           729           672           767 
 712           748           720           717           739           724           775           699 
 705           699           667           693           687           685           653           663 
 625           631           566           641           584           642           552           569 
 539           547           554           565           522           506           471           514 
 520           481           481           471           464           495           487           452 
 473           457           464           459           441           447           411           423 
 452           398           414           407           415           416           422           394 
 351           420           402           390           426           413           354           379 
 368           376           375           370           388           378           420           413 
 369           376           338           377           363           379           373           352 
 364           384           383           354           381           342           356           366 
 356           366           371           336           371           360           374           347 
 334           344           331           384           382           347           339           377 
 364           379           379           388           406           338           355           337 
 346           354           354           338           294           304           302           273 
 264           268           243           242           226           220           202           206 
 179           171           194           150           168           167           133           144 
 122           127           106           110           108           120           110           102 
 114           94            86            89            69            77            76            90 
 70            57            69            86            70            85            65            66 
 71            74            58            67            73            63            65            66 
 72            78            75            82            82            79            97            108 
 88            120           128           160           189           196           229           201 
 287           318           352           373           465           508           563           610 
 646           741           839           865           985           1060          1087          1210 
 1257          1304          1472          1490          1474          1516          1548          1555 
 1551          1557          1584          1516          1508          1456          1453          1427 
 1327          1351          1271          1151          1119          1027          966           848 
 829           733           629           620           576           539           440           430 
 300           291           299           237           242           215           188           178 
 139           129           109           93            98            95            65            67 
 53            46            51            55            44            29            30            39 
 34            26            33            25            21            23            26            21 
 16            20            14            14            15            25            17            16 
 17            15            10            23            13            17            14            16 
 14            19            16            20            14            14            19            6 
 15            16            12            15            9             9             13            10 
 12            7             15            10            14            6             9             14 
 13            14            11            11            15            10            11            19 
 16            15            13            17            9             17            17            13 
 11            15            9             7             7             18            10            12 
 17            14            8             13            7             7             8             9 
 6             11            13            10            11            12            10            12 
 7             6             12            7             10            11            13            8 
 6             8             9             14            10            8             9             10 
 8             7             6             8             4             6             12            7 
 13            12            4             10            10            11            9             10 
 3             5             6             5             11            12            6             12 
 5             10            9             10            11            6             6             9 
 7             4             7             11            7             3             7             6 
 12            12            11            4             8             6             13            10 
 10            11            12            5             12            12            4             10 
 9             18            8             21            11            6             12            8 
 12            13            8             12            9             12            8             7 
 8             10            13            9             11            11            5             15 
 9             6             9             14            9             12            3             8 
 11            11            7             10            6             8             9             3 
 6             5             8             10            5             10            7             3 
 5             3             11            4             5             10            5             4 
 4             8             6             9             8             2             6             9 
 3             3             5             6             9             5             5             8 
 10            9             9             9             2             8             7             3 
 9             7             8             11            12            4             9             6 
 5             9             7             5             6             10            10            4 
 9             7             5             7             9             7             5             5 
 4             5             7             7             6             2             7             5 
 3             4             4             2             6             7             7             4 
 4             7             11            4             3             5             7             7 
 9             6             6             4             5             10            13            5 
 8             6             7             6             5             10            8             4 
 3             4             4             4             2             6             4             4 
 4             4             1             4             5             5             7             3 
 6             2             4             3             0             3             3             3 
 4             4             4             6             5             2             2             3 
 1             3             1             4             3             0             4             2 
 1             2             1             1             5             0             3             0 
 3             1             3             1             2             0             2             1 
 1             0             2             1             1             0             5             3 
 2             0             4             1             1             3             2             1 
 1             1             0             1             0             1             1             1 
 0             0             0             0             2             2             1             1 
 1             0             0             3             2             1             6             1 
 0             1             0             1             1             0             3             0 
 0             1             3             2             1             0             1             4 
 0             3             0             1             1             2             3             0 
 0             0             2             0             1             2             0             3 
 0             3             0             2             1             1             1             0 
 1             0             2             1             1             1             0             1 
 0             0             1             2             0             2             0             3 
 1             1             1             2             0             0             0             1 
 3             1             1             2             2             0             0             2 
 1             0             0             2             0             0             1             1 
 0             1             0             0             1             0             3             1 
 0             1             0             0             1             0             0             0 
 0             1             1             0             1             1             1             0 
 0             2             0             1             0             0             0             0 
 1             0             0             0             0             0             0             0 
 0             0             0             2             0             0             1             1 
 1             1             0             0             0             2             2             1 
 0             0             0             0             0             0             1             1 
 1             0             0             1             0             1             0             1 
 1             0             0             1             1             1             0             0 
 2             0             0             0             2             0             0             2 
 0             0             0             1             2             0             0             1 
 1             1             2             0             0             0             0             0 
 2             0             1             0             0             1             1             0 
 0             1             1             0             0             2             0             0 
 0             0             1             0             0             0             0             0 
 1             3             0             0             0             0             1             0 
 0             1             0             0             0             0             0             1 
 2             1             0             1             2             0             0             2 
 1             0             0             0             0             0             0             1 
 2             0             2             0             1             0             1             1 
 0             1             0             1             1             0             0             1 
 1             0             0             0             0             0             1             1 
 0             0             0             1             0             1             0             1 
 2             0             0             0             1             1             0             0 
