$SPEC_ID:
bMCA Spectrum
$DATE_MEA:
07-05-2022  08:30:59
$MEAS_TIM:
 59.07         60
$DEVICE_ID:
bMCA 06201013
$ACQ_SETTINGS:
 2             60            1000          4             4095 
$HRDW_PARAMS:
PHA
 800
 3             3276          5 
 7             0             1023 
 80            25            45 
 1             1 
$SPEC_CAL:
-2.996172      2.07587       2.903056E-04
$MCA_CAL:
3
-2.996172      2.07587       2.903056E-04
$ROI:
 270           340           32768         1            137Cs
 46            75            33023         1            57Co
$DATA:
 0             1023 
 1             3             10            9             33            47            103           140 
 241           290           342           372           387           381           370           311 
 343           338           359           467           421           522           489           463 
 427           329           253           239           249           251           228           221 
 264           233           281           322           294           333           365           390 
 397           429           434           428           464           521           550           619 
 734           901           1039          1259          1392          1613          1750          1778 
 1786          1762          1738          1638          1599          1654          1752          1772 
 1843          1754          1667          1553          1305          1130          940           760 
 599           500           414           364           326           294           288           232 
 248           235           241           225           232           244           216           258 
 211           250           237           243           263           254           234           228 
 243           231           256           262           226           249           246           228 
 248           234           237           190           217           224           188           179 
 210           195           189           197           184           181           202           173 
 187           165           175           161           167           162           170           182 
 170           145           157           178           175           162           178           134 
 163           132           171           157           135           146           143           116 
 125           148           128           136           146           120           174           152 
 132           136           146           157           119           132           160           146 
 154           146           129           136           167           158           131           123 
 120           131           137           131           131           129           127           136 
 127           143           120           109           120           131           129           118 
 119           128           135           127           143           140           118           143 
 120           131           124           143           129           126           123           138 
 137           129           108           115           113           120           120           120 
 116           109           102           99            93            88            77            98 
 81            83            78            82            70            69            53            56 
 65            43            71            63            41            40            43            35 
 25            34            26            39            33            40            34            33 
 27            37            23            32            18            26            19            29 
 24            27            25            26            20            28            23            20 
 23            30            20            13            25            30            26            32 
 27            26            27            29            26            38            28            51 
 39            49            48            64            86            90            112           112 
 128           134           154           189           199           224           259           281 
 282           344           360           341           431           434           435           476 
 502           498           525           522           563           579           584           570 
 578           562           557           552           557           526           495           493 
 451           406           385           358           329           294           268           258 
 253           219           203           160           168           130           120           106 
 110           87            65            60            60            55            49            31 
 40            24            32            24            12            28            11            11 
 11            15            12            4             11            11            9             8 
 7             8             7             3             8             4             3             7 
 4             7             6             4             7             6             7             5 
 7             2             5             4             6             5             4             7 
 8             3             3             11            8             6             3             7 
 6             8             3             2             3             6             6             4 
 6             6             2             6             4             8             4             6 
 5             6             3             3             2             1             1             10 
 5             4             2             0             8             4             3             5 
 6             3             4             6             7             5             3             3 
 2             5             3             1             3             6             4             5 
 1             5             5             7             4             1             2             3 
 6             4             3             5             2             4             3             4 
 5             4             2             1             1             3             5             4 
 1             4             4             0             4             5             3             5 
 6             1             3             4             1             3             2             2 
 3             1             1             4             0             2             3             0 
 2             7             5             6             5             1             0             5 
 2             3             2             2             3             2             1             2 
 5             2             1             2             5             4             2             2 
 1             6             3             4             3             2             4             6 
 2             3             10            4             5             0             2             3 
 4             3             2             3             5             5             1             7 
 5             2             3             4             6             4             6             4 
 4             2             1             2             1             3             1             7 
 0             7             1             2             5             5             2             2 
 7             2             2             1             2             1             4             1 
 1             2             1             0             4             2             3             2 
 3             3             3             2             4             3             4             3 
 0             4             4             2             4             3             3             2 
 4             2             3             2             0             0             3             1 
 1             3             3             2             5             1             1             1 
 3             2             4             1             0             2             1             2 
 4             0             1             0             2             1             3             1 
 1             3             3             3             0             4             1             4 
 4             0             4             2             4             4             1             3 
 0             2             3             0             3             2             1             1 
 1             2             3             2             4             2             3             4 
 3             0             1             4             3             3             2             4 
 1             0             1             3             3             2             0             2 
 4             1             2             2             2             0             4             2 
 0             2             1             4             0             1             3             4 
 1             0             2             2             1             1             1             1 
 1             0             2             1             2             0             0             1 
 1             0             2             0             0             0             0             1 
 1             1             1             0             0             0             2             3 
 0             0             2             0             1             2             0             0 
 0             1             2             1             1             0             0             0 
 0             0             0             1             0             1             0             1 
 0             1             1             0             0             1             0             0 
 0             2             0             0             0             0             0             0 
 0             0             0             1             1             0             0             0 
 0             0             0             0             0             1             0             0 
 1             0             0             0             0             1             0             1 
 0             0             2             0             0             1             0             0 
 0             0             1             0             0             0             0             0 
 1             1             0             0             1             0             0             0 
 1             2             2             0             0             0             1             1 
 0             0             0             0             0             0             0             0 
 0             0             0             0             1             0             0             0 
 0             2             0             0             1             0             0             0 
 1             0             2             0             0             1             1             1 
 1             0             0             0             1             0             0             1 
 0             0             0             0             0             0             0             0 
 0             0             1             0             0             0             0             0 
 0             0             0             0             1             0             0             0 
 0             0             0             0             0             0             0             0 
 0             1             0             0             0             0             1             1 
 0             0             0             0             1             0             0             0 
 0             0             0             1             0             0             0             0 
 0             0             0             0             0             0             0             1 
 0             0             1             0             2             0             1             0 
 1             0             1             0             0             0             0             0 
 0             0             0             0             0             0             0             1 
 0             0             0             0             0             0             0             1 
 0             1             0             0             0             0             0             0 
 1             0             2             1             0             1             0             0 
 0             1             0             0             0             0             1             1 
 0             0             0             0             1             2             1             1 
 0             0             0             0             1             2             0             0 
 0             0             0             0             1             0             0             0 
 0             0             0             0             0             1             2             0 
 0             0             0             0             0             0             0             0 
 0             0             0             1             0             0             0             0 
 0             0             1             0             0             0             0             0 
