$SPEC_ID:
bMCA Spectrum
$DATE_MEA:
07-05-2022  10:07:18
$MEAS_TIM:
 159.005       180
$DEVICE_ID:
bMCA 06201013
$ACQ_SETTINGS:
 2             180           1000          4             4095 
$HRDW_PARAMS:
PHA
 800
 3             3276          5 
 7             0             1023 
 80            25            45 
 1             1 
$SPEC_CAL:
-2.996172      2.07587       2.903056E-04
$MCA_CAL:
3
-2.996172      2.07587       2.903056E-04
$ROI:
 265           335           32768         1            137Cs
 46            75            33023         1            57Co
 15            45            255           1            241Am
$DATA:
 0             1023 
 387           667           1201          2348          4420          7816          12452         17627 
 22388         25301         25913         24420         21672         19919         18636         19550 
 22478         27214         34396         43785         55141         66636         78950         87048 
 89902         87760         81394         71789         64029         58148         56043         58842 
 65702         73965         81894         84134         80429         70243         54510         38247 
 23841         13584         7484          4374          3196          2586          2713          2967 
 3285          3830          4348          4884          5363          5517          5703          5563 
 5319          5089          4918          4883          4857          5004          5143          5272 
 5278          4953          4351          3862          3260          2689          2143          1769 
 1398          1222          1012          918           815           786           740           695 
 760           720           717           732           729           747           724           759 
 761           792           720           724           765           707           777           733 
 757           712           672           739           660           648           670           657 
 649           609           600           601           582           553           578           586 
 512           544           535           493           492           511           522           513 
 448           477           507           466           488           464           439           464 
 426           430           424           449           414           460           422           456 
 396           408           433           401           424           426           375           425 
 405           417           399           378           379           373           381           396 
 367           391           363           382           343           386           363           383 
 361           384           366           358           368           347           374           377 
 400           377           377           403           358           365           367           337 
 397           357           355           361           361           350           385           364 
 360           332           338           357           372           387           363           368 
 356           385           385           327           367           364           341           345 
 345           343           348           326           318           288           271           289 
 284           241           272           242           206           208           213           193 
 212           176           161           176           155           135           162           127 
 145           122           98            119           104           105           116           98 
 99            102           94            83            80            101           99            80 
 86            79            79            76            75            76            65            64 
 67            63            61            56            78            57            87            75 
 72            69            84            90            72            91            85            112 
 127           120           126           139           164           197           241           250 
 249           309           369           414           428           514           554           620 
 682           734           857           925           979           1029          1105          1143 
 1218          1281          1384          1470          1539          1587          1545          1596 
 1543          1607          1524          1544          1508          1406          1395          1387 
 1339          1292          1232          1085          1047          968           958           834 
 802           683           613           592           561           496           455           376 
 350           317           254           274           249           200           173           161 
 164           138           120           124           121           95            64            83 
 66            53            60            38            45            37            30            36 
 32            31            26            24            25            17            15            21 
 17            17            18            20            19            25            14            18 
 20            15            16            14            14            18            11            20 
 10            14            16            11            21            8             18            11 
 11            14            20            10            10            9             12            15 
 11            8             15            12            17            19            16            12 
 9             17            5             15            19            10            6             17 
 9             13            16            11            14            12            10            10 
 19            7             13            13            14            12            12            17 
 12            13            13            9             10            11            11            16 
 10            13            12            16            12            9             8             8 
 6             9             17            13            8             15            8             6 
 12            10            11            11            6             11            13            9 
 9             14            7             6             6             10            7             6 
 11            11            13            5             10            5             8             11 
 10            12            4             8             9             8             12            13 
 6             8             10            3             5             11            10            11 
 5             10            8             10            8             10            6             6 
 11            6             11            9             11            9             8             4 
 4             10            8             7             12            10            8             13 
 13            12            10            11            12            11            7             10 
 11            11            15            8             8             6             12            13 
 9             12            7             16            3             8             7             10 
 7             6             11            8             12            10            9             6 
 5             6             8             9             2             7             7             9 
 6             6             8             7             9             5             5             10 
 8             9             6             6             6             2             6             9 
 2             6             9             5             4             7             6             5 
 7             9             8             5             8             6             4             4 
 7             9             4             7             6             6             7             4 
 3             12            9             8             9             6             7             6 
 3             5             6             4             6             5             8             5 
 11            6             5             5             5             0             6             5 
 4             4             11            3             6             11            10            6 
 5             5             4             4             7             3             7             6 
 8             7             12            7             8             8             9             5 
 2             5             4             4             8             4             4             4 
 5             7             7             6             6             7             4             6 
 4             3             6             4             2             4             7             4 
 5             6             3             4             4             8             4             2 
 3             4             1             3             5             2             5             5 
 2             2             1             2             0             2             3             4 
 1             2             3             5             3             4             3             1 
 2             0             2             1             0             2             1             0 
 1             3             0             0             0             2             2             1 
 2             1             0             2             2             2             2             1 
 1             0             0             0             1             1             0             1 
 2             0             1             1             1             0             1             1 
 2             1             1             0             2             0             1             4 
 0             2             2             1             2             0             3             1 
 1             3             1             0             2             3             0             1 
 0             1             1             1             0             2             2             2 
 0             0             1             0             0             2             2             1 
 1             1             1             0             1             1             1             0 
 0             0             1             3             0             1             1             2 
 1             0             1             0             1             0             0             1 
 0             1             1             0             0             3             0             1 
 1             1             0             1             1             2             4             1 
 0             0             0             1             0             1             0             0 
 1             0             1             0             0             0             0             1 
 0             0             0             1             1             0             2             0 
 0             0             2             0             0             2             0             0 
 0             0             0             1             2             0             0             0 
 0             0             0             0             0             0             0             0 
 0             2             1             1             0             1             1             0 
 0             1             1             0             0             0             0             1 
 0             0             0             0             0             0             0             1 
 0             0             1             1             1             2             1             0 
 0             0             0             0             1             3             0             0 
 0             0             0             0             0             1             0             1 
 0             1             2             0             1             0             2             0 
 1             0             1             0             1             0             0             1 
 0             0             1             2             0             1             0             0 
 1             0             1             1             0             2             1             0 
 1             0             1             2             0             1             1             0 
 1             1             0             1             1             3             0             0 
 0             2             0             0             0             0             0             0 
 0             0             1             0             0             0             1             0 
 0             0             0             2             3             1             1             0 
 1             0             0             0             1             1             0             0 
 0             2             1             0             0             0             0             0 
 0             1             0             1             0             1             0             0 
 1             0             0             0             0             0             0             1 
 0             1             1             0             0             0             0             1 
 1             0             0             0             0             0             0             0 
