$SPEC_ID:
bMCA Spectrum
$DATE_MEA:
07-05-2022  11:59:58
$MEAS_TIM:
 158.585       180
$DEVICE_ID:
bMCA 06201013
$ACQ_SETTINGS:
 2             180           1000          4             4095 
$HRDW_PARAMS:
PHA
 800
 3             3276          5 
 7             0             1023 
 80            25            45 
 1             1 
$SPEC_CAL:
-2.996172      2.07587       2.903056E-04
$MCA_CAL:
3
-2.996172      2.07587       2.903056E-04
$ROI:
 267           333           32768         1            137Cs
 553           618           16711935      1            60Co
 15            45            255           1            241Am
$DATA:
 0             1023 
 329           490           941           1874          3632          6294          10162         14679 
 18856         21374         22057         20883         19274         17199         16467         16961 
 18835         23066         28456         36474         45943         56783         66684         74700 
 77965         77522         72551         65263         57885         52292         50180         51419 
 56759         63644         69894         73147         71606         63588         51762         37527 
 24768         14943         8326          4864          3019          2186          1882          1815 
 1799          1700          1783          1807          1856          1780          1828          1702 
 1727          1569          1531          1474          1497          1493          1419          1472 
 1375          1463          1477          1378          1309          1282          1291          1208 
 1333          1190          1120          1189          1216          1167          1141          1205 
 1210          1207          1212          1206          1227          1252          1227          1247 
 1337          1287          1303          1334          1322          1332          1411          1368 
 1411          1426          1406          1459          1485          1375          1433          1493 
 1535          1482          1492          1503          1496          1446          1448          1449 
 1346          1405          1383          1407          1318          1259          1297          1293 
 1279          1314          1294          1243          1266          1248          1199          1195 
 1152          1131          1200          1136          1074          1071          1085          1149 
 1125          1110          1069          1052          1087          1063          1080          1062 
 1058          973           1032          1015          1044          1010          1004          964 
 1002          928           976           969           1003          927           997           947 
 996           916           955           935           926           903           937           945 
 894           938           865           852           912           903           880           860 
 890           879           854           822           857           848           854           826 
 913           896           835           851           858           904           870           799 
 866           819           847           870           861           782           846           828 
 841           864           789           834           845           834           757           752 
 728           775           751           746           771           700           730           723 
 718           694           660           644           638           664           641           657 
 659           628           613           655           650           680           649           598 
 609           593           607           616           605           613           585           590 
 588           644           572           661           662           568           580           585 
 597           581           572           589           591           586           595           569 
 582           597           629           620           635           611           600           607 
 606           593           631           605           661           737           690           744 
 685           764           747           806           892           866           941           961 
 993           997           1193          1139          1179          1256          1310          1451 
 1476          1480          1494          1607          1667          1598          1660          1782 
 1704          1806          1675          1755          1719          1659          1699          1656 
 1662          1627          1524          1474          1456          1416          1306          1279 
 1191          1187          1144          1115          1101          1041          972           937 
 891           869           835           848           846           735           741           780 
 679           719           705           672           610           666           635           639 
 640           679           614           593           630           648           559           578 
 597           600           597           630           632           663           612           608 
 618           667           614           613           648           620           631           647 
 661           624           662           643           647           680           681           668 
 639           660           647           697           691           687           711           687 
 630           687           671           736           722           686           684           699 
 753           673           693           692           743           667           714           698 
 727           712           741           721           713           707           671           718 
 752           742           698           714           763           636           701           699 
 685           680           647           679           636           638           656           624 
 646           625           633           627           612           589           634           568 
 565           561           554           568           550           521           567           538 
 520           538           503           521           484           493           482           519 
 489           433           513           450           483           465           496           421 
 478           494           456           476           397           463           430           439 
 425           462           422           459           441           450           422           402 
 464           413           441           400           431           429           403           425 
 418           424           435           424           437           428           420           473 
 466           431           394           484           427           456           523           504 
 551           555           563           539           609           611           657           730 
 711           720           803           802           852           899           985           945 
 985           1043          1058          1059          1060          1110          1230          1212 
 1295          1212          1271          1268          1228          1266          1249          1271 
 1168          1267          1232          1229          1138          1131          1182          1014 
 1026          1005          966           914           936           869           735           769 
 723           725           689           662           620           570           590           528 
 544           514           494           436           429           425           428           466 
 433           443           419           439           425           445           502           493 
 492           504           553           555           575           630           630           658 
 635           621           729           756           780           820           838           884 
 853           884           889           905           928           948           951           938 
 1042          928           929           1022          980           891           955           886 
 841           880           865           855           758           807           743           704 
 728           707           670           653           590           603           550           524 
 480           457           425           389           371           373           325           325 
 326           282           261           240           221           251           216           183 
 201           184           172           167           164           133           158           126 
 147           89            130           102           99            91            67            82 
 89            72            85            75            74            65            59            66 
 61            71            50            47            48            48            52            38 
 42            48            37            40            32            46            50            41 
 41            32            38            42            27            49            31            39 
 27            34            42            31            35            31            31            32 
 20            38            32            29            35            42            34            40 
 35            30            30            27            31            36            26            30 
 47            28            24            37            36            29            30            30 
 19            34            25            26            25            22            29            43 
 28            24            34            31            44            38            20            33 
 37            39            25            23            32            34            29            31 
 23            32            29            29            31            27            31            29 
 29            24            26            38            26            34            22            25 
 30            30            21            31            31            16            25            26 
 28            21            30            34            28            29            23            28 
 25            27            19            19            37            26            16            29 
 28            25            33            16            21            25            18            30 
 21            21            25            17            27            23            31            16 
 22            27            23            31            22            30            30            19 
 22            19            27            23            27            16            25            22 
 25            23            16            23            23            23            21            23 
 19            24            17            21            25            26            20            23 
 31            24            13            21            26            15            29            25 
 20            21            22            27            21            24            26            30 
 24            22            22            22            15            22            29            21 
 14            19            15            19            11            22            11            23 
 23            22            14            21            13            26            15            22 
 14            28            12            15            20            22            23            15 
 25            19            15            23            23            18            23            20 
 21            14            27            18            22            17            20            25 
 16            16            27            17            27            15            26            22 
 9             27            16            19            14            19            21            18 
 23            14            15            23            25            21            16            18 
 16            26            20            16            14            20            14            19 
 24            17            23            17            19            20            11            16 
 26            18            14            24            23            22            27            16 
 13            10            10            21            27            19            21            13 
 17            12            32            21            12            15            23            27 
 13            24            15            21            13            20            17            16 
 19            14            19            22            20            15            16            11 
 26            18            20            21            18            25            17            12 
 16            7             19            23            17            17            24            14 
 22            24            23            28            18            19            15            19 
 22            18            20            23            17            20            21            17 
 10            19            11            11            12            14            21            18 
 16            18            17            9             13            9             12            18 
 9             18            12            15            13            6             14            5 
 13            6             10            11            13            6             10            10 
