$SPEC_ID:
bMCA Spectrum
$DATE_MEA:
07-05-2022  11:40:53
$MEAS_TIM:
 52.855        60
$DEVICE_ID:
bMCA 06201013
$ACQ_SETTINGS:
 2             60            1000          4             4095 
$HRDW_PARAMS:
PHA
 800
 3             3276          5 
 7             0             1023 
 80            25            45 
 1             1 
$SPEC_CAL:
-2.996172      2.07587       2.903056E-04
$MCA_CAL:
3
-2.996172      2.07587       2.903056E-04
$ROI:
 267           333           32768         1            137Cs
 553           618           16711935      1            60Co
 15            45            255           1            241Am
$DATA:
 0             1023 
 85            160           304           608           1203          2183          3280          4871 
 6263          7129          7269          6974          6373          5818          5452          5617 
 6296          7739          9623          12249         15539         18990         22572         25078 
 26282         26051         24103         21485         19231         17574         16403         17436 
 18731         21339         23355         24445         23958         21391         16968         12417 
 8085          5024          2717          1553          989           686           608           553 
 578           603           596           586           590           605           596           561 
 598           496           512           476           487           490           503           475 
 485           500           452           495           461           425           418           411 
 389           392           419           401           412           405           412           389 
 359           375           408           382           411           414           411           447 
 435           376           482           445           435           481           458           508 
 465           491           445           541           509           486           518           497 
 467           480           506           492           515           508           489           510 
 438           506           497           440           472           430           420           445 
 413           402           455           411           404           401           343           426 
 367           380           372           377           379           381           374           358 
 362           328           352           374           368           354           355           316 
 334           377           349           346           351           313           316           328 
 288           323           348           341           347           295           292           320 
 315           341           333           308           321           299           321           297 
 283           263           287           276           307           315           321           325 
 271           291           288           284           305           299           296           269 
 268           249           264           263           302           269           288           289 
 305           255           289           298           253           319           309           302 
 278           277           302           305           288           268           266           276 
 230           242           242           243           223           244           248           225 
 280           238           242           222           232           239           200           204 
 213           195           224           236           234           212           215           215 
 190           185           203           206           190           221           210           218 
 174           219           210           216           193           188           203           203 
 196           198           197           198           197           200           193           206 
 220           179           209           209           192           224           202           226 
 196           207           240           217           218           233           206           240 
 240           273           249           304           305           261           331           332 
 378           371           363           396           391           414           427           452 
 474           487           517           537           526           554           559           580 
 574           635           597           608           594           552           558           570 
 548           513           524           496           476           455           461           467 
 453           386           371           316           330           334           348           305 
 261           291           260           257           258           273           246           223 
 231           216           223           216           209           212           195           226 
 241           236           214           213           224           227           236           211 
 207           220           221           195           198           239           180           221 
 224           209           236           233           179           194           188           226 
 225           224           239           237           217           213           208           214 
 221           222           226           241           204           225           210           237 
 217           221           219           219           258           214           237           234 
 244           257           238           223           258           263           230           237 
 249           255           229           240           247           226           222           220 
 248           210           215           236           233           243           215           218 
 223           222           206           224           215           249           222           190 
 193           181           214           176           194           185           175           186 
 182           192           201           178           178           186           158           177 
 182           143           166           178           166           149           165           157 
 160           155           133           130           154           150           175           167 
 156           166           171           157           142           131           153           142 
 152           136           163           151           145           154           162           138 
 144           157           143           148           160           131           145           139 
 146           138           138           134           153           128           154           141 
 153           141           145           147           129           176           180           174 
 194           188           204           227           208           208           242           250 
 244           281           272           259           274           299           313           336 
 305           362           355           379           405           388           411           406 
 404           370           393           446           410           386           410           389 
 422           363           412           355           385           381           333           350 
 335           320           306           297           312           284           273           274 
 223           233           242           197           193           187           196           166 
 184           178           149           134           140           141           130           154 
 128           122           169           162           127           137           171           153 
 142           169           178           194           195           200           211           215 
 244           227           245           250           261           279           266           309 
 314           311           250           300           355           307           284           353 
 327           318           323           329           315           369           272           318 
 315           256           255           274           268           270           256           226 
 263           236           219           218           178           186           170           164 
 134           165           122           135           122           125           116           107 
 108           91            79            79            90            66            76            76 
 81            66            55            45            57            37            37            50 
 41            41            35            31            30            41            30            25 
 25            23            24            22            14            23            20            20 
 22            19            17            12            24            21            13            20 
 16            17            22            17            11            18            8             11 
 13            15            14            8             12            18            18            7 
 15            17            11            13            17            14            14            5 
 10            15            17            23            10            13            13            12 
 9             11            9             14            17            8             12            11 
 11            10            6             11            14            9             9             14 
 11            15            11            9             8             12            10            11 
 11            13            13            12            6             5             6             11 
 10            12            7             12            5             5             8             6 
 7             6             13            9             10            11            9             12 
 4             5             11            13            15            5             6             9 
 10            13            9             6             12            5             7             15 
 11            11            12            10            9             6             6             4 
 6             6             11            11            10            11            5             9 
 3             7             3             6             9             3             6             4 
 8             5             8             12            6             17            5             7 
 4             7             9             3             9             9             4             5 
 6             13            5             10            9             13            10            9 
 7             9             6             6             16            13            4             11 
 7             8             8             5             3             5             6             8 
 8             12            10            6             7             9             8             9 
 10            13            6             6             8             6             5             8 
 9             4             6             1             8             11            7             8 
 9             9             9             6             10            7             5             8 
 9             10            2             9             12            7             4             7 
 10            6             6             7             13            3             6             4 
 6             9             4             3             4             7             6             7 
 4             2             2             7             4             7             4             6 
 3             2             10            9             8             10            7             7 
 4             3             5             5             8             6             7             1 
 5             12            8             3             5             8             13            9 
 7             4             8             4             7             8             3             4 
 7             3             10            7             11            6             6             3 
 6             3             6             6             12            2             3             5 
 6             4             6             5             3             4             9             5 
 8             6             13            6             7             10            6             5 
 7             2             7             8             5             2             4             7 
 7             8             5             11            1             7             9             8 
 1             10            7             5             5             10            3             5 
 7             6             4             2             9             7             3             9 
 8             2             3             6             5             6             5             14 
 4             8             6             6             5             4             4             6 
 4             5             9             6             5             2             8             1 
 5             5             3             3             3             5             6             2 
 4             2             3             4             4             1             2             4 
 6             0             5             2             4             2             5             2 
