$SPEC_ID:
bMCA Spectrum
$DATE_MEA:
07-05-2022  12:39:53
$MEAS_TIM:
 58.275        60
$DEVICE_ID:
bMCA 06201013
$ACQ_SETTINGS:
 2             60            1000          4             4095 
$HRDW_PARAMS:
PHA
 800
 3             3276          5 
 7             0             1023 
 80            25            45 
 1             1 
$SPEC_CAL:
-2.996172      2.07587       2.903056E-04
$MCA_CAL:
3
-2.996172      2.07587       2.903056E-04
$ROI:
 553           618           16711935      1            60Co
 46            75            33023         1            57Co
$DATA:
 0             1023 
 1             7             6             27            42            55            71            105 
 121           157           145           158           186           200           193           225 
 231           249           260           297           308           312           292           256 
 300           297           298           308           289           315           297           319 
 349           335           368           403           421           448           486           512 
 477           452           474           529           546           612           703           757 
 985           1122          1355          1460          1721          1781          1846          1793 
 1762          1679          1736          1670          1701          1719          1852          1789 
 1839          1712          1602          1494          1201          1014          844           719 
 561           500           433           394           332           324           308           320 
 298           264           319           274           305           295           313           284 
 324           277           300           277           317           311           332           341 
 339           350           346           332           341           353           298           333 
 367           365           389           355           343           370           393           351 
 326           341           355           314           357           321           296           333 
 306           337           310           285           299           285           329           311 
 288           295           286           271           321           282           295           285 
 284           277           281           268           259           262           264           283 
 254           250           264           251           268           249           237           227 
 266           243           257           240           232           237           228           229 
 202           241           233           222           192           219           201           210 
 195           240           195           229           236           210           201           219 
 195           201           258           204           211           184           205           190 
 210           211           194           200           196           193           193           215 
 191           204           184           187           205           197           193           204 
 174           185           200           219           215           198           184           186 
 196           185           186           182           173           213           194           196 
 190           189           207           197           178           170           185           187 
 207           194           203           179           189           203           178           194 
 193           193           210           173           193           168           215           182 
 210           165           166           162           176           193           201           176 
 172           180           184           177           187           177           199           193 
 165           188           172           182           205           177           214           186 
 172           174           180           179           212           191           207           189 
 169           186           167           210           192           195           159           180 
 197           183           200           173           214           176           175           207 
 188           174           179           197           187           199           205           207 
 204           182           206           206           183           191           190           204 
 199           224           200           212           199           198           212           188 
 182           213           202           188           181           200           172           188 
 196           228           213           218           212           197           176           219 
 211           184           207           188           195           200           238           196 
 205           191           190           205           207           197           185           185 
 191           198           182           219           215           187           200           224 
 188           215           213           205           242           222           221           200 
 231           225           200           202           252           216           214           217 
 214           227           252           250           222           231           229           245 
 203           239           222           223           230           255           253           226 
 238           242           235           273           222           259           267           242 
 246           254           255           229           221           231           269           223 
 219           220           249           234           270           221           212           230 
 215           204           212           221           204           230           228           235 
 215           203           207           203           202           217           188           165 
 171           171           192           185           173           170           182           178 
 180           161           185           173           174           180           172           148 
 176           198           150           155           169           154           168           142 
 131           136           164           179           152           137           154           135 
 140           169           139           136           154           127           154           152 
 134           128           132           158           134           134           146           136 
 134           134           140           121           124           132           141           157 
 148           146           148           138           154           178           154           162 
 175           188           210           231           222           211           232           234 
 246           236           274           284           303           316           321           339 
 383           385           380           404           400           387           397           385 
 437           421           400           418           409           438           408           368 
 410           417           414           428           384           308           377           331 
 340           323           303           301           297           286           273           230 
 247           237           203           195           212           206           186           168 
 151           172           137           120           146           137           150           142 
 119           161           140           139           136           147           178           155 
 172           187           203           186           222           205           212           234 
 229           241           232           252           284           270           282           311 
 291           316           305           325           298           336           328           337 
 322           312           310           297           339           334           323           322 
 295           280           279           266           256           233           248           233 
 234           193           221           203           175           143           178           153 
 180           137           127           152           129           101           98            115 
 87            81            78            70            59            74            67            56 
 59            47            51            35            43            41            34            34 
 34            38            27            42            24            32            25            24 
 19            24            21            22            26            16            17            13 
 21            20            26            15            11            9             15            15 
 16            11            9             11            6             16            6             8 
 7             8             17            7             6             14            9             11 
 7             14            10            13            5             9             12            13 
 11            14            8             12            12            9             8             14 
 4             14            14            11            11            11            6             13 
 11            10            8             11            14            9             4             12 
 14            14            7             7             10            13            6             12 
 17            7             10            9             5             10            13            14 
 11            9             9             9             6             9             5             9 
 11            10            7             8             6             12            11            15 
 5             9             6             4             8             8             11            14 
 4             9             9             7             12            5             11            4 
 12            1             6             7             10            9             7             7 
 6             8             4             7             3             11            6             6 
 9             1             8             10            6             7             6             4 
 6             12            9             8             10            9             8             7 
 6             4             5             8             4             8             6             3 
 10            8             9             6             3             8             10            12 
 8             9             6             5             9             9             6             10 
 9             11            4             4             5             8             6             5 
 11            5             9             2             3             9             11            6 
 7             9             7             5             6             5             14            6 
 9             7             7             8             5             8             9             13 
 7             10            7             6             4             9             1             3 
 4             5             8             6             10            5             8             9 
 8             2             7             5             6             3             6             4 
 5             4             6             3             5             6             3             9 
 3             4             4             5             7             5             1             4 
 4             5             4             9             7             6             9             9 
 7             2             5             5             6             5             6             5 
 2             7             8             2             7             2             7             7 
 6             6             7             2             2             7             4             6 
 3             7             6             7             4             1             10            9 
 5             2             8             7             6             4             7             6 
 12            5             13            5             3             4             9             4 
 6             10            3             8             10            6             6             4 
 5             5             2             5             6             6             8             5 
 5             7             8             6             7             6             3             3 
 3             3             7             10            7             11            4             4 
 6             9             6             3             4             6             7             9 
 6             7             6             6             7             6             4             4 
 5             2             5             6             2             2             8             6 
 6             9             12            3             5             4             2             5 
 6             4             3             2             2             2             5             0 
 4             3             1             2             2             5             2             1 
 5             4             2             3             2             8             2             5 
