$SPEC_ID:
bMCA Spectrum
$DATE_MEA:
07-08-2022  09:27:46
$MEAS_TIM:
 53.26         60
$DEVICE_ID:
bMCA 06201013
$ACQ_SETTINGS:
 2             60            1000          4             4095 
$HRDW_PARAMS:
PHA
 800
 3             3276          5 
 7             0             1023 
 80            25            45 
 1             1 
$SPEC_CAL:
-7.930157      2.249046      0
$MCA_CAL:
3
-7.930157      2.249046      0
$ROI:
 267           333           32768         1            137Cs
 553           618           16711935      1            60Co
 15            45            255           1            241Am
$DATA:
 0             1023 
 96            169           264           546           1104          1998          3245          4647 
 6181          7002          7306          6801          6219          5614          5251          5432 
 6200          7731          9786          12547         15776         19618         22845         25155 
 26183         25153         23070         20671         18483         16719         16655         17695 
 19415         22139         23862         24205         22678         19020         14540         10049 
 6237          3435          1988          1112          729           610           590           582 
 553           505           582           570           560           581           564           566 
 518           517           475           476           482           455           457           465 
 463           471           466           455           462           427           405           383 
 392           369           384           391           387           409           374           385 
 433           364           449           390           392           379           412           404 
 424           416           427           454           455           456           425           442 
 443           473           452           454           449           484           458           458 
 464           452           464           439           475           415           462           422 
 407           451           422           447           412           409           374           426 
 374           389           405           425           359           371           374           365 
 369           385           360           311           358           359           323           354 
 335           343           322           293           351           345           335           342 
 312           357           333           320           309           333           298           321 
 298           302           308           278           293           330           312           292 
 322           276           289           284           264           236           313           298 
 279           279           284           255           286           291           280           283 
 286           279           294           282           261           262           268           260 
 261           291           279           309           281           280           232           271 
 299           263           287           279           263           263           275           263 
 253           231           265           269           231           236           225           208 
 224           244           235           259           224           238           234           228 
 214           182           187           228           193           210           215           156 
 189           195           195           163           167           197           180           172 
 170           185           175           153           156           171           166           176 
 170           154           150           153           171           165           165           177 
 187           140           158           169           176           173           172           153 
 155           171           167           160           171           171           151           192 
 194           166           217           188           186           231           248           222 
 276           249           295           293           328           329           379           362 
 357           401           448           483           474           533           558           549 
 581           597           621           628           642           667           658           603 
 651           679           614           605           613           587           566           579 
 499           525           467           462           419           418           418           369 
 363           354           365           307           283           251           253           257 
 222           232           210           214           209           196           209           188 
 177           179           183           187           197           170           161           176 
 164           182           161           166           146           141           150           152 
 166           171           162           153           170           183           195           166 
 146           163           188           191           177           171           193           166 
 177           198           176           172           160           179           183           171 
 179           179           187           155           170           161           163           202 
 199           161           161           192           180           203           169           181 
 183           203           159           171           182           183           201           198 
 202           173           201           188           206           166           222           163 
 174           203           203           173           200           183           165           195 
 162           178           164           150           165           156           192           144 
 159           165           153           155           167           136           136           132 
 151           148           135           138           145           143           135           122 
 129           122           113           130           119           125           125           130 
 110           126           132           109           117           121           129           127 
 113           120           114           128           127           106           113           122 
 110           106           106           88            103           116           107           122 
 121           96            125           131           108           105           127           123 
 104           117           111           103           107           107           125           142 
 121           106           137           121           171           129           181           155 
 164           152           181           181           199           221           230           236 
 265           241           263           249           267           270           289           288 
 272           306           295           335           310           319           340           326 
 311           304           325           304           336           325           289           277 
 285           283           266           247           277           220           219           203 
 204           210           170           183           177           160           166           165 
 135           151           138           145           115           105           125           112 
 118           111           128           104           129           102           86            127 
 125           118           134           127           137           135           169           149 
 175           165           173           180           184           204           199           190 
 218           215           240           235           221           230           223           258 
 244           222           209           254           212           216           244           213 
 220           215           229           220           206           215           211           209 
 168           198           153           170           152           148           136           155 
 146           107           109           128           90            106           103           106 
 79            83            75            58            77            66            66            58 
 61            57            59            59            49            42            44            30 
 29            30            31            31            25            22            24            25 
 15            26            20            19            25            13            22            17 
 7             18            15            10            14            9             13            14 
 10            15            6             9             15            14            8             14 
 5             9             12            5             8             11            5             9 
 10            6             6             11            5             10            6             9 
 6             5             9             12            8             9             7             7 
 6             9             8             6             13            3             5             10 
 4             5             4             10            5             6             7             7 
 6             5             5             6             10            12            9             5 
 11            4             8             8             7             4             2             8 
 4             2             6             7             5             1             4             3 
 7             7             4             6             6             11            6             4 
 6             6             6             13            5             2             3             4 
 5             3             6             2             6             6             4             8 
 6             5             6             4             7             3             11            6 
 4             6             10            6             8             7             6             6 
 8             4             5             8             5             5             3             11 
 6             8             9             4             5             6             3             5 
 1             3             8             9             5             2             1             5 
 3             6             6             4             4             6             6             4 
 4             4             4             4             5             7             5             3 
 5             6             4             3             9             4             5             2 
 4             3             1             4             7             4             3             5 
 6             1             9             4             6             6             5             5 
 5             4             1             4             6             3             1             2 
 4             2             5             4             1             1             5             4 
 2             6             4             2             6             3             2             4 
 4             2             3             7             6             3             3             5 
 1             2             6             6             5             5             7             1 
 6             5             3             4             4             2             4             3 
 5             4             5             3             3             2             2             2 
 2             4             5             4             2             3             5             5 
 6             2             3             4             3             8             1             7 
 3             3             1             5             3             2             4             3 
 2             4             2             3             4             1             4             4 
 4             2             3             4             7             4             4             1 
 8             5             5             3             5             3             6             1 
 2             3             5             2             2             4             1             3 
 4             5             6             2             4             6             3             6 
 2             7             2             5             5             7             5             1 
 7             6             4             5             4             6             5             4 
 5             6             1             3             2             3             4             3 
 5             4             2             2             2             3             3             2 
 3             1             3             4             1             1             3             6 
 2             3             2             1             5             3             5             3 
 2             8             0             1             3             2             2             2 
 1             4             1             2             2             3             2             1 
 3             1             1             3             2             3             5             1 
 3             2             3             3             1             1             3             3 
