$SPEC_ID:
bMCA Spectrum
$DATE_MEA:
07-05-2022  12:53:01
$MEAS_TIM:
 116.54        120
$DEVICE_ID:
bMCA 06201013
$ACQ_SETTINGS:
 2             120           1000          4             4095 
$HRDW_PARAMS:
PHA
 800
 3             3276          5 
 7             0             1023 
 80            25            45 
 1             1 
$SPEC_CAL:
-2.996172      2.07587       2.903056E-04
$MCA_CAL:
3
-2.996172      2.07587       2.903056E-04
$ROI:
 553           618           16711935      1            60Co
 46            75            33023         1            57Co
$DATA:
 0             1023 
 6             14            25            49            64            119           174           196 
 272           321           328           335           341           384           414           451 
 486           469           517           580           617           554           642           597 
 582           623           576           552           616           634           616           653 
 687           723           745           769           810           890           857           913 
 936           976           992           1052          1076          1210          1348          1569 
 1911          2245          2647          2903          3260          3575          3615          3634 
 3535          3626          3373          3344          3418          3515          3642          3683 
 3695          3552          3190          2806          2459          2066          1721          1400 
 1203          1038          900           805           729           618           617           640 
 583           614           560           565           534           612           598           608 
 574           561           627           580           575           615           655           589 
 638           708           711           707           686           700           722           699 
 679           702           697           705           744           709           775           738 
 742           731           679           677           707           677           691           677 
 696           673           598           674           605           623           589           565 
 627           592           556           591           604           521           502           568 
 618           584           518           531           550           502           528           509 
 521           490           514           480           496           451           483           481 
 459           485           461           478           483           475           457           489 
 448           470           485           470           424           452           447           469 
 438           458           492           388           454           442           446           426 
 421           433           413           394           428           426           388           379 
 436           377           391           429           410           394           424           410 
 431           402           418           403           375           409           399           450 
 369           391           393           376           409           410           391           360 
 418           378           397           374           390           377           379           381 
 381           387           361           364           391           369           377           378 
 360           377           369           368           382           398           374           364 
 378           332           361           351           340           368           352           369 
 371           379           356           383           366           405           368           389 
 395           381           350           355           384           397           370           375 
 375           364           387           353           358           394           346           351 
 380           363           391           355           407           348           363           360 
 392           375           393           354           324           376           400           357 
 395           369           398           378           391           378           367           388 
 375           382           344           420           385           399           417           339 
 384           411           406           395           359           394           383           379 
 411           424           411           363           363           383           362           393 
 369           374           413           423           434           410           448           435 
 432           406           418           395           383           415           405           350 
 389           379           412           396           430           420           391           439 
 428           384           394           420           405           422           422           435 
 424           425           418           404           456           411           401           433 
 420           444           423           457           435           430           418           432 
 415           409           404           409           438           420           422           454 
 440           462           437           458           436           421           441           490 
 481           465           484           479           455           490           447           478 
 471           435           471           486           489           484           510           512 
 457           470           483           493           481           469           511           495 
 451           521           459           498           491           490           458           420 
 458           458           474           462           460           418           465           449 
 383           419           362           468           400           378           359           398 
 340           392           367           354           349           381           361           344 
 342           326           353           324           315           333           353           353 
 313           329           284           322           314           310           283           289 
 337           367           309           294           324           299           310           275 
 289           315           326           290           299           265           318           314 
 307           313           286           294           285           280           268           311 
 299           293           293           284           300           279           288           301 
 314           292           316           318           300           344           336           326 
 357           348           360           386           404           446           484           479 
 490           504           575           574           636           615           632           708 
 738           715           726           792           765           829           784           862 
 819           787           863           866           845           844           874           860 
 829           785           798           778           728           733           773           709 
 675           632           633           634           590           556           524           470 
 471           419           440           393           388           367           305           321 
 283           349           288           302           267           293           258           287 
 265           255           320           315           330           338           324           320 
 317           364           375           424           420           445           435           465 
 462           524           505           524           579           569           578           559 
 575           629           609           627           644           653           670           631 
 653           640           685           646           626           614           611           607 
 552           611           571           527           484           546           455           471 
 472           419           409           376           367           373           325           322 
 302           289           271           245           236           222           194           220 
 177           173           186           153           146           124           144           115 
 133           113           100           84            97            88            57            78 
 67            70            82            49            58            65            57            57 
 48            44            36            40            31            31            54            40 
 28            24            38            34            32            23            29            37 
 33            25            26            34            29            28            27            21 
 25            28            24            23            20            22            23            20 
 18            27            26            24            28            22            18            16 
 25            17            24            18            17            15            23            22 
 18            20            27            15            21            23            20            18 
 21            29            11            18            16            22            22            21 
 23            16            18            26            22            22            24            18 
 26            14            19            20            16            22            13            13 
 21            12            16            14            16            21            25            19 
 17            22            20            14            18            13            22            17 
 12            14            17            21            13            19            20            18 
 16            15            20            13            17            10            13            17 
 19            21            19            18            15            21            16            14 
 15            14            15            15            9             13            19            19 
 19            12            13            14            18            14            14            20 
 16            22            12            14            12            15            18            18 
 16            16            11            10            13            21            11            15 
 14            19            8             17            22            14            18            15 
 15            17            18            13            12            11            16            15 
 14            8             14            9             12            16            15            11 
 16            10            14            9             11            14            11            14 
 12            12            12            8             12            11            9             12 
 8             16            20            15            15            18            16            9 
 12            14            11            8             15            6             13            14 
 15            13            16            9             12            10            21            12 
 13            11            13            9             15            10            11            17 
 23            9             13            14            13            12            6             16 
 13            11            14            9             17            10            12            15 
 13            15            17            21            14            15            14            11 
 13            13            11            10            13            21            9             12 
 19            7             11            3             6             7             20            9 
 5             19            12            15            14            7             10            13 
 16            15            11            13            11            15            12            9 
 14            13            13            15            14            6             5             14 
 13            12            18            16            10            14            14            12 
 6             13            13            17            10            13            6             9 
 16            16            8             11            15            7             13            11 
 11            17            18            14            13            10            17            17 
 12            14            18            17            10            15            21            13 
 13            13            14            15            10            12            13            9 
 11            9             9             14            17            13            5             5 
 10            10            15            8             14            12            10            14 
 12            13            16            7             9             11            6             12 
 5             6             4             11            9             11            6             6 
 7             7             5             7             5             9             5             9 
 4             2             7             5             6             5             4             3 
