$SPEC_ID:
bMCA Spectrum
$DATE_MEA:
07-05-2022  08:35:13
$MEAS_TIM:
 118.15        120
$DEVICE_ID:
bMCA 06201013
$ACQ_SETTINGS:
 2             120           1000          4             4095 
$HRDW_PARAMS:
PHA
 800
 3             3276          5 
 7             0             1023 
 80            25            45 
 1             1 
$SPEC_CAL:
-2.996172      2.07587       2.903056E-04
$MCA_CAL:
3
-2.996172      2.07587       2.903056E-04
$ROI:
 270           340           32768         1            137Cs
 46            75            33023         1            57Co
$DATA:
 0             1023 
 1             5             22            41            63            101           160           297 
 464           588           744           807           814           679           660           647 
 658           662           716           812           904           950           927           927 
 768           645           549           508           477           465           454           467 
 504           545           543           643           683           657           745           732 
 775           812           849           927           952           982           1049          1297 
 1496          1790          2138          2507          2907          3232          3631          3599 
 3682          3469          3356          3323          3376          3489          3543          3621 
 3751          3609          3346          2968          2727          2161          1854          1436 
 1186          994           813           717           662           533           511           480 
 460           448           440           436           463           465           456           499 
 428           477           485           521           519           494           494           473 
 485           526           497           481           474           459           479           455 
 492           457           474           447           441           390           425           408 
 436           358           388           376           381           360           392           390 
 376           368           380           363           338           349           340           353 
 328           324           301           295           271           314           284           283 
 279           275           328           298           294           277           295           303 
 313           270           252           264           271           273           267           258 
 267           276           288           269           249           265           247           236 
 274           281           247           239           280           265           250           266 
 292           277           251           256           289           239           237           266 
 272           263           271           245           267           257           250           216 
 262           262           256           235           241           270           254           255 
 255           258           261           240           275           264           271           249 
 257           230           244           239           259           230           230           238 
 207           185           233           198           170           204           176           175 
 160           143           139           133           147           133           140           135 
 95            100           98            108           82            78            90            73 
 76            68            82            83            66            64            58            65 
 66            60            67            60            41            52            55            49 
 52            46            51            55            50            45            40            42 
 54            36            44            49            54            53            48            50 
 61            64            56            66            60            80            76            74 
 108           119           160           157           179           210           227           255 
 284           294           369           401           472           468           505           605 
 630           662           737           780           834           926           971           1013 
 982           1029          1120          1117          1123          1088          1156          1085 
 1086          1128          1081          1065          984           997           853           887 
 809           756           716           673           648           583           550           448 
 411           382           364           302           266           252           209           179 
 155           160           143           109           95            75            88            56 
 48            46            52            36            27            28            22            23 
 11            17            11            19            21            15            14            15 
 8             13            8             14            15            9             11            14 
 12            13            10            21            9             6             13            10 
 7             15            10            14            8             6             8             16 
 5             8             9             5             8             9             8             5 
 4             6             10            13            9             9             10            9 
 12            4             8             7             8             10            9             5 
 11            4             7             10            11            5             5             7 
 8             11            8             6             11            12            5             5 
 11            2             7             7             7             5             5             5 
 9             8             7             9             7             11            12            7 
 6             7             10            5             6             8             10            7 
 5             13            9             9             4             7             3             9 
 6             9             4             6             6             12            6             8 
 10            6             11            4             6             4             3             3 
 5             7             6             3             5             7             4             6 
 6             10            6             3             6             7             2             4 
 5             5             6             3             7             2             4             4 
 10            7             2             3             5             9             4             4 
 8             5             2             2             7             4             5             7 
 7             4             10            10            7             10            7             9 
 6             14            3             3             9             6             7             4 
 3             10            12            8             4             6             11            7 
 7             9             7             10            10            6             4             11 
 5             8             4             3             6             4             8             6 
 2             8             3             2             2             8             2             4 
 7             4             4             5             4             4             4             7 
 2             2             4             1             3             5             1             1 
 3             2             4             2             7             3             7             4 
 6             7             1             5             5             4             10            4 
 2             7             3             3             3             7             4             7 
 7             2             4             6             5             5             5             4 
 5             5             3             5             4             7             3             5 
 4             3             2             4             8             3             9             6 
 5             1             3             6             4             6             7             3 
 6             5             6             2             3             5             4             9 
 4             9             8             3             6             1             9             3 
 4             5             3             3             4             7             1             6 
 3             5             7             8             5             4             3             5 
 6             4             1             3             2             5             1             3 
 8             4             2             8             2             3             3             4 
 1             2             0             2             3             3             3             3 
 2             4             1             3             3             4             3             2 
 1             0             3             1             0             1             0             3 
 5             3             1             3             0             2             0             3 
 1             0             0             2             3             0             1             2 
 1             0             2             1             1             0             1             1 
 1             0             0             1             2             2             0             0 
 0             1             1             0             1             5             0             2 
 1             0             1             1             0             0             0             0 
 0             1             0             0             0             1             0             0 
 2             0             2             0             1             0             1             0 
 0             0             0             0             0             0             1             0 
 2             0             2             3             3             0             1             0 
 2             0             0             0             0             1             0             0 
 1             0             0             2             0             1             1             0 
 1             0             1             0             0             0             1             3 
 1             1             0             0             1             0             0             0 
 0             1             0             1             0             2             0             0 
 0             1             0             3             0             0             1             1 
 1             0             0             1             1             0             2             0 
 0             1             0             1             0             2             1             0 
 0             0             1             0             0             0             0             1 
 1             0             0             0             0             0             0             1 
 0             0             0             0             0             1             0             1 
 0             0             0             0             1             0             1             0 
 0             1             0             0             0             0             0             0 
 2             0             0             0             0             0             0             1 
 0             0             0             0             0             0             0             1 
 2             2             0             1             0             1             0             1 
 0             1             0             0             0             0             0             1 
 0             0             2             0             1             1             0             0 
 1             0             0             0             0             1             0             0 
 0             1             0             0             0             0             0             1 
 0             0             1             0             1             0             0             0 
 1             1             0             0             0             1             0             0 
 0             0             0             1             0             1             0             0 
 1             0             1             2             0             1             0             0 
 1             0             1             1             1             0             0             0 
 1             0             0             0             0             1             1             0 
 0             1             0             0             0             0             0             0 
 0             0             0             1             0             2             1             0 
 1             0             0             1             0             0             0             0 
 1             0             0             0             2             0             0             0 
 0             0             0             1             1             0             0             1 
