$SPEC_ID:
bMCA Spectrum
$DATE_MEA:
07-08-2022  09:24:37
$MEAS_TIM:
 53.28         60
$DEVICE_ID:
bMCA 06201013
$ACQ_SETTINGS:
 2             60            1000          4             4095 
$HRDW_PARAMS:
PHA
 800
 3             3276          5 
 7             0             1023 
 80            25            45 
 1             1 
$SPEC_CAL:
-7.930157      2.249046      0
$MCA_CAL:
3
-7.930157      2.249046      0
$ROI:
 267           333           32768         1            137Cs
 553           618           16711935      1            60Co
 15            45            255           1            241Am
$DATA:
 0             1023 
 95            155           291           595           1058          1956          3249          4709 
 6135          6975          7092          6717          6047          5640          5269          5434 
 6385          7676          9885          12467         15706         19224         22704         24906 
 25992         25230         23347         20740         18407         16912         16642         17496 
 19378         21886         23889         23954         22443         19348         14671         9998 
 6106          3488          1947          1085          762           642           612           569 
 570           593           581           588           562           574           587           543 
 518           525           496           479           463           454           486           483 
 471           444           429           468           452           447           388           402 
 386           397           376           374           371           393           377           383 
 392           418           400           398           388           424           448           403 
 387           386           448           421           445           481           410           432 
 431           439           485           462           463           443           446           483 
 477           492           453           440           445           497           406           427 
 417           440           424           397           418           432           392           395 
 380           389           368           383           353           402           351           366 
 354           386           370           329           341           352           304           320 
 334           317           316           298           348           347           335           311 
 318           315           331           295           310           292           283           318 
 330           324           304           301           306           262           280           307 
 306           304           313           308           258           287           279           305 
 297           296           293           284           274           282           290           260 
 260           285           289           266           261           249           245           261 
 258           253           261           263           257           273           253           265 
 247           260           283           275           238           285           245           258 
 265           262           240           238           264           248           211           260 
 248           213           245           211           203           214           213           221 
 208           200           192           177           176           206           157           170 
 237           181           183           193           168           169           179           184 
 174           188           181           182           179           168           162           171 
 174           183           169           156           149           163           168           175 
 175           166           175           167           176           146           146           165 
 170           168           175           160           149           183           163           172 
 175           164           189           207           203           222           202           230 
 247           254           241           285           315           315           366           406 
 392           382           433           486           546           518           553           582 
 601           596           632           646           613           653           683           609 
 633           643           654           620           613           562           577           507 
 563           490           517           471           446           458           403           377 
 363           359           316           313           292           305           261           232 
 232           231           227           200           191           206           175           182 
 216           190           182           193           163           167           182           142 
 186           166           138           170           160           137           190           158 
 171           176           162           181           191           170           163           183 
 185           170           145           177           168           161           179           171 
 189           168           186           178           200           196           184           199 
 149           168           189           198           180           205           183           172 
 176           172           176           181           173           215           187           185 
 186           166           189           177           203           162           189           189 
 182           204           209           187           171           206           182           173 
 201           171           173           201           200           176           167           165 
 161           189           175           167           160           157           155           166 
 151           147           139           138           138           159           162           143 
 165           134           139           133           126           150           120           128 
 123           145           140           120           109           137           121           145 
 126           125           134           142           121           113           125           118 
 119           126           95            125           124           112           119           110 
 123           109           109           121           130           114           110           107 
 112           102           119           93            116           118           107           103 
 115           107           124           115           131           117           122           116 
 126           116           139           119           159           139           151           164 
 155           191           179           187           196           202           208           232 
 224           235           278           272           258           302           296           295 
 286           304           296           282           335           314           299           328 
 296           330           311           287           311           347           298           277 
 290           247           262           258           238           236           209           206 
 221           187           202           188           178           181           140           171 
 172           149           127           123           133           122           126           114 
 126           121           122           113           107           109           134           129 
 122           123           110           139           149           133           140           148 
 201           177           174           181           189           215           206           225 
 226           206           206           227           248           251           237           253 
 255           246           222           235           235           280           251           230 
 253           247           224           265           193           202           231           193 
 196           187           177           147           171           172           152           137 
 140           121           129           106           91            102           103           99 
 91            82            63            87            67            49            53            60 
 46            45            51            53            48            30            33            32 
 35            34            22            26            26            25            30            26 
 12            31            20            16            20            13            17            18 
 26            15            15            12            5             18            9             7 
 7             14            10            10            11            14            12            14 
 4             11            13            8             9             7             12            8 
 8             9             11            5             9             6             9             10 
 7             8             6             4             4             6             5             6 
 11            6             8             8             5             8             7             5 
 7             10            4             4             6             8             4             7 
 6             5             6             8             6             7             5             10 
 5             7             6             5             3             5             6             4 
 5             10            6             5             7             4             6             10 
 6             3             5             7             4             4             4             5 
 6             5             8             4             6             6             5             5 
 5             9             4             3             10            10            4             7 
 5             6             8             4             4             5             2             2 
 5             9             2             2             6             9             9             7 
 6             2             5             5             5             4             4             7 
 4             11            3             1             3             5             3             3 
 8             3             9             8             4             5             5             3 
 2             2             3             1             2             3             9             5 
 6             2             4             4             9             5             2             4 
 5             5             4             3             4             6             5             11 
 5             9             2             6             0             3             3             4 
 4             1             5             4             4             2             5             4 
 4             4             6             3             1             5             6             5 
 4             4             6             3             7             2             4             5 
 2             2             4             4             4             4             4             3 
 2             8             4             6             3             4             2             2 
 1             4             5             7             6             3             3             6 
 4             4             6             2             3             5             3             3 
 0             3             2             1             6             3             7             3 
 4             6             2             4             5             1             2             3 
 6             5             6             2             2             1             5             7 
 2             7             0             4             2             8             3             5 
 5             5             0             7             5             7             1             4 
 5             1             4             4             7             4             6             5 
 2             7             4             2             2             2             4             4 
 8             6             3             7             9             5             4             3 
 5             8             2             6             3             1             4             1 
 6             6             2             3             5             2             5             0 
 5             4             2             0             1             1             1             2 
 6             4             5             2             2             4             4             7 
 3             3             1             0             5             4             2             7 
 2             4             3             0             1             2             1             4 
 5             2             4             3             2             3             3             3 
 1             3             1             1             4             0             2             4 
 1             2             0             0             6             1             1             2 
 5             1             1             2             3             1             1             0 
 5             1             1             4             1             1             0             3 
