$SPEC_ID:
bMCA Spectrum
$DATE_MEA:
07-05-2022  09:58:14
$MEAS_TIM:
 158.995       180
$DEVICE_ID:
bMCA 06201013
$ACQ_SETTINGS:
 2             180           1000          4             4095 
$HRDW_PARAMS:
PHA
 800
 3             3276          5 
 7             0             1023 
 80            25            45 
 1             1 
$SPEC_CAL:
-2.996172      2.07587       2.903056E-04
$MCA_CAL:
3
-2.996172      2.07587       2.903056E-04
$ROI:
 265           335           32768         1            137Cs
 46            75            33023         1            57Co
 15            45            255           1            241Am
$DATA:
 0             1023 
 399           616           1200          2310          4510          7799          12543         17670 
 22327         25548         26056         24332         22034         19454         18771         19572 
 22811         27064         33966         43618         55005         66332         78861         87089 
 90400         87667         80992         71782         64141         57969         56395         59140 
 65758         74332         81640         84044         81077         69833         54650         38383 
 24263         13879         7640          4330          3114          2642          2710          2953 
 3292          3731          4444          4821          5268          5599          5613          5656 
 5121          5160          4813          4877          4951          5144          5207          5168 
 5127          4849          4450          3862          3268          2644          2252          1748 
 1423          1189          1054          930           833           743           716           707 
 719           675           743           697           711           714           729           745 
 792           735           688           741           731           754           734           752 
 668           726           687           692           646           650           688           584 
 636           601           612           566           607           573           573           490 
 532           547           547           513           511           555           496           477 
 509           499           523           489           462           498           422           449 
 442           461           423           427           456           440           403           390 
 464           417           410           421           358           437           383           387 
 391           383           379           424           428           397           354           384 
 375           399           359           364           395           397           392           358 
 363           367           359           389           390           356           336           378 
 363           350           353           347           382           347           359           326 
 343           346           329           358           379           315           368           323 
 353           325           360           354           387           387           362           402 
 352           349           342           362           350           343           408           342 
 355           342           367           296           307           296           265           290 
 273           258           253           240           247           225           200           178 
 203           182           184           163           143           164           140           146 
 138           135           118           111           119           122           117           106 
 97            110           92            84            83            90            93            86 
 88            75            78            74            78            64            80            88 
 55            70            64            57            65            79            77            85 
 72            73            70            107           76            91            106           78 
 111           121           111           118           164           180           205           223 
 280           276           338           377           455           494           563           615 
 636           719           820           875           973           1028          1115          1170 
 1258          1337          1373          1502          1474          1540          1505          1599 
 1611          1583          1596          1514          1576          1515          1376          1434 
 1345          1290          1267          1144          1042          1016          978           841 
 821           687           653           604           580           468           465           407 
 394           342           284           255           229           226           178           158 
 136           139           121           115           74            92            65            67 
 58            45            47            52            45            50            41            27 
 29            38            27            32            34            27            16            16 
 19            14            20            15            19            9             10            12 
 13            16            12            19            12            13            16            15 
 9             17            13            16            15            15            19            9 
 12            11            13            10            16            15            11            10 
 13            12            12            10            13            17            10            14 
 18            11            4             10            12            11            13            9 
 11            7             8             8             15            10            10            15 
 13            6             14            14            10            8             10            16 
 12            10            9             10            8             17            12            10 
 5             16            7             13            12            4             10            8 
 12            12            7             9             8             10            9             15 
 6             6             10            10            7             7             12            5 
 7             11            22            10            7             13            5             11 
 9             5             6             4             5             6             13            12 
 11            9             10            6             3             10            7             9 
 4             4             7             7             4             11            11            5 
 5             15            6             9             5             12            6             7 
 14            5             5             5             12            9             10            11 
 7             6             9             9             12            9             12            16 
 9             10            7             6             14            12            9             12 
 8             14            8             10            9             9             9             9 
 8             8             10            10            9             11            7             11 
 9             6             7             4             11            5             10            5 
 8             9             4             5             12            7             3             6 
 9             5             14            4             8             2             8             3 
 9             5             7             4             6             11            4             11 
 6             4             10            5             10            7             10            6 
 11            9             8             8             8             5             4             9 
 5             4             7             8             8             8             9             6 
 20            2             6             8             8             10            4             6 
 10            4             4             3             4             7             8             5 
 6             12            4             5             4             7             7             13 
 7             5             6             5             6             2             5             7 
 3             7             7             4             5             7             2             7 
 5             6             7             11            3             5             7             6 
 6             4             4             2             8             8             7             9 
 6             9             4             6             7             8             7             6 
 7             2             2             7             8             5             8             4 
 7             4             2             4             3             1             2             5 
 8             4             3             4             3             1             9             2 
 5             2             4             3             3             2             4             4 
 0             0             2             1             2             3             1             1 
 5             1             4             2             2             3             4             2 
 1             2             5             1             2             1             2             3 
 0             0             2             2             0             2             2             2 
 0             3             2             1             2             1             0             2 
 1             0             1             0             1             0             2             2 
 1             0             1             1             3             0             0             0 
 2             2             1             1             0             2             0             2 
 3             2             0             1             2             0             0             2 
 3             0             1             0             2             1             1             1 
 0             2             3             1             3             2             1             2 
 0             2             0             0             4             1             0             1 
 0             1             1             1             0             3             3             1 
 0             1             2             2             0             1             0             3 
 0             1             1             1             1             0             2             0 
 1             1             0             1             0             0             4             0 
 1             0             2             3             0             2             1             0 
 1             0             4             0             1             0             0             2 
 1             0             0             0             0             2             1             0 
 0             0             0             1             0             0             0             0 
 0             0             1             1             1             1             0             0 
 1             0             1             0             2             0             0             0 
 1             0             2             0             0             1             1             3 
 1             0             0             0             0             0             0             0 
 0             0             0             2             0             1             1             0 
 1             0             1             2             0             2             0             0 
 0             0             1             2             2             0             0             1 
 2             0             0             0             0             3             0             0 
 1             0             0             0             0             1             0             1 
 2             1             1             1             0             0             1             0 
 0             1             3             1             0             0             1             3 
 1             1             3             1             1             2             0             0 
 1             0             1             0             1             1             0             0 
 1             0             0             1             1             0             1             0 
 1             1             1             0             0             0             2             2 
 0             1             2             0             0             2             1             1 
 2             0             0             0             0             1             0             1 
 1             1             0             1             0             0             0             1 
 0             0             0             0             0             0             0             0 
 0             0             1             0             0             1             0             2 
 2             0             1             1             1             0             1             0 
 0             1             0             1             0             0             1             0 
 0             0             0             0             0             0             0             0 
