$SPEC_ID:
bMCA Spectrum
$DATE_MEA:
07-05-2022  12:02:59
$MEAS_TIM:
 158.605       180
$DEVICE_ID:
bMCA 06201013
$ACQ_SETTINGS:
 2             180           1000          4             4095 
$HRDW_PARAMS:
PHA
 800
 3             3276          5 
 7             0             1023 
 80            25            45 
 1             1 
$SPEC_CAL:
-2.996172      2.07587       2.903056E-04
$MCA_CAL:
3
-2.996172      2.07587       2.903056E-04
$ROI:
 267           333           32768         1            137Cs
 553           618           16711935      1            60Co
 15            45            255           1            241Am
$DATA:
 0             1023 
 303           516           932           1887          3608          6447          9970          14463 
 18697         21323         21763         20980         19043         17605         16368         16820 
 19167         22985         28577         36398         46019         56795         67281         74530 
 78654         77274         72564         64760         58088         52310         50518         51220 
 56303         63296         69717         73208         71853         63530         51970         37703 
 24820         14935         8543          4873          3021          2255          1870          1764 
 1815          1791          1767          1730          1835          1739          1750          1777 
 1703          1671          1505          1546          1388          1455          1382          1521 
 1474          1420          1398          1402          1398          1350          1310          1239 
 1246          1158          1143          1117          1119          1213          1221          1216 
 1191          1242          1210          1197          1238          1233          1250          1236 
 1244          1252          1316          1283          1256          1325          1352          1393 
 1394          1421          1404          1476          1466          1446          1464          1511 
 1503          1432          1475          1468          1468          1437          1457          1422 
 1462          1438          1391          1413          1284          1321          1297          1311 
 1293          1251          1236          1277          1184          1237          1213          1178 
 1170          1121          1162          1112          1094          1153          1099          1136 
 1134          1068          1055          1050          1099          1030          1037          1079 
 1063          1009          994           1005          956           1031          1027          997 
 968           959           970           1008          975           932           911           947 
 911           964           913           939           956           883           858           922 
 925           893           886           822           859           840           851           898 
 847           911           867           880           845           841           870           889 
 869           846           881           848           871           873           840           819 
 814           889           898           844           852           850           869           824 
 777           831           793           773           791           835           777           814 
 805           745           745           753           721           757           745           744 
 695           653           689           666           659           638           657           666 
 592           618           605           643           639           637           592           593 
 632           654           654           589           627           634           615           594 
 600           639           587           602           522           585           568           616 
 588           575           568           610           584           603           599           577 
 567           597           628           628           594           614           595           630 
 617           623           680           636           656           633           717           713 
 728           768           765           791           826           884           914           1006 
 999           1062          1094          1195          1230          1199          1374          1349 
 1446          1447          1533          1586          1604          1728          1641          1679 
 1712          1794          1659          1714          1737          1675          1670          1638 
 1658          1542          1584          1436          1439          1406          1353          1268 
 1271          1219          1200          1149          1056          1065          953           917 
 875           911           840           799           802           750           759           686 
 686           673           714           721           684           610           634           633 
 713           680           619           626           578           627           624           630 
 603           585           625           650           632           632           640           619 
 621           604           604           667           614           624           640           680 
 622           617           661           634           633           634           667           619 
 671           649           648           677           646           665           664           696 
 668           646           700           720           659           717           653           749 
 743           669           718           705           714           732           705           709 
 735           723           684           695           677           721           768           743 
 693           704           690           685           697           696           682           724 
 708           750           675           651           660           689           609           616 
 608           620           592           617           619           618           551           593 
 551           542           562           546           517           523           499           495 
 507           508           556           534           461           514           490           530 
 496           492           469           503           481           451           459           434 
 458           474           503           451           451           465           445           466 
 469           464           475           462           423           417           443           424 
 445           403           441           417           445           434           420           441 
 453           391           455           428           397           417           435           428 
 455           411           475           420           450           496           496           485 
 503           527           576           544           580           631           629           633 
 734           719           819           826           850           910           904           936 
 946           1110          979           1037          1093          1180          1187          1219 
 1217          1184          1218          1248          1201          1186          1245          1236 
 1263          1156          1236          1207          1138          1180          1116          1068 
 983           979           968           966           839           838           833           796 
 711           708           694           614           592           628           595           543 
 539           506           472           496           453           432           427           446 
 464           424           448           436           405           465           456           516 
 505           535           510           541           588           622           603           655 
 686           685           706           748           857           804           824           806 
 879           888           806           870           915           893           976           997 
 957           994           976           959           946           986           954           938 
 879           812           833           865           787           773           742           706 
 712           699           623           636           572           547           536           509 
 522           445           477           431           413           403           327           330 
 297           282           293           252           248           224           214           215 
 189           157           179           156           158           162           141           111 
 126           108           123           95            104           102           91            83 
 77            70            77            68            81            71            69            68 
 56            57            53            58            55            49            42            48 
 47            43            51            49            38            38            40            39 
 31            41            31            40            38            39            47            30 
 40            36            39            35            31            34            35            47 
 30            37            29            45            33            29            32            35 
 37            28            28            30            25            31            29            32 
 35            27            38            32            34            39            37            27 
 30            34            35            25            33            33            40            33 
 36            29            33            28            34            28            37            30 
 32            24            29            21            33            28            23            25 
 21            27            30            33            35            23            29            28 
 28            34            28            25            27            30            23            34 
 20            28            26            29            33            25            22            26 
 30            16            19            22            21            22            25            30 
 28            26            16            27            22            22            27            25 
 29            36            15            20            30            26            25            32 
 31            30            25            26            21            22            24            19 
 20            12            37            21            12            21            29            27 
 26            25            21            25            32            25            16            25 
 22            19            16            21            27            25            19            24 
 23            33            16            19            22            21            24            18 
 21            14            26            19            17            22            23            21 
 19            18            12            28            24            27            21            19 
 17            27            17            22            18            28            24            25 
 11            18            14            20            22            21            12            15 
 20            27            18            18            21            23            24            22 
 32            22            17            23            17            20            28            25 
 18            16            22            12            30            20            21            17 
 22            25            17            20            17            25            23            16 
 18            23            19            22            15            9             22            16 
 26            22            21            21            16            29            23            12 
 16            18            18            29            15            21            15            23 
 26            19            19            22            20            16            15            18 
 16            12            19            12            20            20            23            14 
 15            21            22            27            28            12            21            27 
 14            24            18            14            19            12            21            24 
 15            20            15            30            22            14            15            20 
 16            27            20            21            16            23            15            18 
 18            11            23            13            22            14            20            16 
 18            21            26            26            16            15            27            19 
 24            15            14            11            20            20            18            17 
 19            12            25            21            24            20            14            11 
 18            19            16            16            14            21            17            20 
 14            19            21            16            14            11            15            16 
 18            25            13            15            11            5             11            12 
 9             11            13            15            8             7             12            11 
 11            8             11            10            4             9             5             6 
