$SPEC_ID:
bMCA Spectrum
$DATE_MEA:
07-05-2022  12:29:26
$MEAS_TIM:
 211.435       240
$DEVICE_ID:
bMCA 06201013
$ACQ_SETTINGS:
 2             240           1000          4             4095 
$HRDW_PARAMS:
PHA
 800
 3             3276          5 
 7             0             1023 
 80            25            45 
 1             1 
$SPEC_CAL:
-2.996172      2.07587       2.903056E-04
$MCA_CAL:
3
-2.996172      2.07587       2.903056E-04
$ROI:
 267           333           32768         1            137Cs
 553           618           16711935      1            60Co
 15            45            255           1            241Am
$DATA:
 0             1023 
 422           660           1188          2558          4747          8401          13457         19365 
 24629         28517         29564         27890         25389         23085         21982         22508 
 25449         30392         38040         48592         61175         75311         88904         99313 
 104665        102986        97004         87439         77157         69987         66739         68041 
 75156         84000         94079         98792         96048         85305         68891         50348 
 32984         19814         11235         6453          4098          2929          2614          2335 
 2332          2431          2325          2321          2430          2385          2373          2346 
 2257          2150          1981          2040          1957          1919          1888          1995 
 1919          1912          1888          1879          1821          1783          1679          1633 
 1637          1670          1590          1572          1592          1563          1598          1537 
 1586          1609          1607          1631          1674          1617          1664          1642 
 1674          1713          1745          1725          1788          1791          1790          1802 
 1796          1845          1976          1910          1939          1950          2045          1918 
 1930          1994          1999          1976          1894          1957          1929          1951 
 1899          1924          1803          1777          1751          1834          1709          1753 
 1757          1645          1740          1685          1559          1662          1625          1673 
 1594          1525          1570          1468          1527          1546          1495          1470 
 1387          1451          1364          1467          1429          1338          1390          1463 
 1320          1306          1377          1337          1340          1337          1312          1291 
 1261          1320          1276          1336          1269          1273          1260          1325 
 1206          1219          1189          1110          1250          1202          1209          1163 
 1240          1216          1198          1185          1138          1158          1190          1175 
 1078          1168          1186          1135          1172          1129          1129          1193 
 1129          1160          1172          1155          1075          1172          1175          1134 
 1144          1108          1149          1165          1123          1131          1108          1143 
 1081          1117          1072          1096          1116          1024          1072          1011 
 999           1021          973           1010          954           986           968           965 
 948           925           909           949           871           936           840           854 
 891           874           847           888           848           872           871           830 
 831           799           870           838           797           848           796           837 
 859           757           767           837           797           772           770           761 
 764           785           785           757           785           755           791           837 
 764           838           763           857           790           776           782           796 
 802           819           870           857           882           901           932           891 
 966           993           1112          1074          1076          1135          1227          1260 
 1362          1420          1438          1558          1633          1702          1798          1918 
 1992          1976          2099          2155          2168          2228          2213          2323 
 2382          2329          2284          2322          2321          2243          2251          2223 
 2202          2178          2078          2058          1914          1827          1837          1669 
 1658          1589          1451          1440          1431          1313          1231          1246 
 1209          1121          1099          1048          1047          1058          989           949 
 996           971           885           915           862           865           888           838 
 871           855           871           871           838           822           879           827 
 844           846           869           875           791           835           836           864 
 876           833           854           848           844           876           797           876 
 859           841           849           884           812           858           898           890 
 916           892           936           967           855           906           981           878 
 994           883           883           882           932           900           942           951 
 959           950           930           931           951           987           969           996 
 955           986           945           987           996           986           959           937 
 882           965           937           918           894           899           967           859 
 912           855           895           864           895           853           815           876 
 879           840           783           762           834           749           779           782 
 754           790           780           760           747           716           685           652 
 725           690           700           671           640           640           626           605 
 610           680           650           603           678           621           621           566 
 607           596           628           638           581           654           596           587 
 608           552           580           566           576           605           568           598 
 580           571           592           596           581           555           604           605 
 574           572           552           525           564           596           556           539 
 600           610           569           637           612           567           654           655 
 683           731           774           746           831           850           854           904 
 962           1009          1019          1056          1104          1233          1267          1286 
 1319          1391          1381          1442          1487          1560          1570          1600 
 1642          1637          1664          1679          1610          1626          1691          1669 
 1585          1623          1568          1581          1567          1541          1453          1450 
 1342          1332          1251          1269          1190          1176          1096          1098 
 1070          951           863           883           805           821           775           736 
 751           699           674           621           639           647           571           568 
 533           555           622           590           633           603           694           599 
 673           712           716           750           749           834           829           873 
 905           899           953           1047          1036          1079          1179          1146 
 1164          1145          1168          1199          1310          1320          1280          1354 
 1254          1253          1235          1263          1310          1207          1288          1223 
 1129          1189          1181          1127          1069          1045          1003          1000 
 957           860           925           842           751           728           755           621 
 633           586           559           594           548           484           439           454 
 384           363           372           300           355           278           289           242 
 297           223           231           220           201           177           186           165 
 159           171           137           119           127           109           123           118 
 119           102           102           97            100           82            78            87 
 82            84            61            77            75            59            65            53 
 71            57            60            68            54            60            47            54 
 56            54            36            60            53            62            50            54 
 52            47            48            47            45            47            56            50 
 45            45            47            44            45            36            46            55 
 38            46            43            44            40            46            40            40 
 56            48            33            37            46            46            47            40 
 44            36            29            48            43            33            32            35 
 41            30            38            42            55            36            41            32 
 34            32            32            37            40            27            34            46 
 33            46            31            34            31            45            35            41 
 37            39            34            30            25            28            47            30 
 25            50            37            34            30            44            46            29 
 32            40            36            36            42            33            32            37 
 26            45            37            30            26            28            33            31 
 38            51            41            22            30            38            32            35 
 39            38            32            35            28            32            36            31 
 48            38            29            31            31            31            20            35 
 33            38            32            31            36            34            27            26 
 23            30            30            35            27            26            30            29 
 28            27            28            27            43            21            24            33 
 29            27            44            26            31            26            29            35 
 36            31            25            39            36            34            25            21 
 22            23            22            40            30            25            33            33 
 32            36            32            26            32            25            34            38 
 27            24            34            21            29            25            31            29 
 26            24            31            18            23            27            19            29 
 22            33            33            25            29            33            23            26 
 26            31            32            26            27            34            22            31 
 30            24            29            18            21            27            42            23 
 27            29            27            19            26            19            22            22 
 28            24            23            29            23            21            24            29 
 29            19            21            22            22            18            22            25 
 16            21            31            26            30            22            28            22 
 27            16            31            25            21            35            19            33 
 18            24            27            29            22            37            24            26 
 18            24            22            23            21            27            24            26 
 19            28            34            24            24            24            27            21 
 30            23            22            28            19            27            31            22 
 27            27            19            29            27            22            25            30 
 30            25            27            18            32            36            15            27 
 23            33            30            26            27            26            26            24 
 27            26            18            21            30            26            18            27 
 22            22            21            16            15            21            32            23 
 25            21            20            19            16            11            17            13 
 13            13            22            23            12            7             13            12 
 8             15            5             5             12            5             7             8 
