$SPEC_ID:
bMCA Spectrum
$DATE_MEA:
07-05-2022  09:45:57
$MEAS_TIM:
 106.015       120
$DEVICE_ID:
bMCA 06201013
$ACQ_SETTINGS:
 2             120           1000          4             4095 
$HRDW_PARAMS:
PHA
 800
 3             3276          5 
 7             0             1023 
 80            25            45 
 1             1 
$SPEC_CAL:
-2.996172      2.07587       2.903056E-04
$MCA_CAL:
3
-2.996172      2.07587       2.903056E-04
$ROI:
 265           335           32768         1            137Cs
 46            75            33023         1            57Co
 15            45            255           1            241Am
$DATA:
 0             1023 
 248           359           784           1535          2976          5207          8289          11648 
 14749         16920         17024         16196         14622         13009         12626         13061 
 14774         18065         22439         28903         35899         44094         52157         57434 
 59737         58344         54250         48050         42903         38957         37934         39697 
 43806         49976         54062         55538         53826         46747         36841         25686 
 16256         9518          5123          3005          1991          1633          1796          2044 
 2164          2434          2843          3241          3517          3733          3736          3630 
 3724          3367          3314          3158          3235          3370          3361          3495 
 3447          3245          2935          2632          2203          1796          1501          1124 
 991           861           689           628           593           517           468           487 
 448           496           486           503           464           471           458           484 
 502           534           462           486           523           458           498           492 
 468           490           457           495           465           454           420           385 
 412           414           416           400           402           428           398           384 
 395           374           348           383           360           311           338           341 
 324           328           292           343           302           318           314           322 
 273           314           293           266           264           273           287           298 
 252           266           279           268           266           274           279           251 
 281           248           266           253           282           255           271           278 
 279           287           255           253           261           244           246           239 
 276           251           219           240           239           233           243           256 
 225           242           244           240           222           214           235           232 
 228           250           209           247           247           217           237           259 
 258           249           244           222           226           254           262           253 
 253           235           249           234           244           250           233           215 
 232           215           205           224           199           213           216           196 
 203           167           183           158           164           136           164           160 
 140           145           125           128           114           105           122           97 
 76            84            82            83            85            71            84            69 
 81            56            56            51            86            63            68            60 
 47            50            55            54            51            45            37            41 
 35            49            50            55            43            53            53            38 
 49            47            41            41            54            49            64            56 
 77            71            75            94            110           103           145           158 
 160           182           220           270           268           304           342           390 
 449           460           532           612           596           680           776           743 
 831           823           879           962           998           999           979           1100 
 1039          993           1039          1060          1044          1020          921           921 
 911           861           803           788           759           686           652           600 
 534           510           465           432           386           378           310           265 
 236           215           207           166           149           126           121           117 
 111           91            83            86            68            64            49            52 
 34            38            47            27            34            34            19            24 
 19            19            13            13            14            15            12            13 
 9             9             9             10            11            18            15            7 
 14            11            8             10            9             17            9             4 
 1             6             5             16            7             9             7             7 
 10            8             6             9             9             8             7             9 
 5             14            9             9             8             5             15            13 
 10            9             9             8             11            7             5             6 
 4             10            5             9             7             3             7             6 
 14            9             10            8             9             3             9             9 
 7             7             8             5             8             11            11            8 
 6             3             4             7             6             5             5             4 
 7             6             6             5             7             4             9             4 
 4             5             6             6             11            4             8             5 
 8             12            6             8             8             9             6             7 
 1             4             4             2             9             5             6             5 
 5             7             3             8             6             5             4             5 
 5             4             4             6             12            9             4             5 
 3             6             6             3             5             5             5             6 
 6             4             6             5             4             7             8             7 
 4             5             4             9             6             3             7             8 
 8             3             7             8             5             10            5             10 
 6             8             6             7             2             5             5             5 
 9             7             2             7             10            9             3             5 
 5             4             7             6             3             3             7             5 
 5             7             4             8             7             8             3             8 
 5             2             4             4             2             2             2             1 
 4             0             3             6             8             3             6             5 
 7             4             7             3             5             3             3             1 
 6             5             4             4             7             9             4             4 
 2             2             6             6             1             3             6             7 
 7             5             3             2             5             6             4             5 
 5             5             6             8             0             5             2             4 
 9             3             1             5             6             6             1             4 
 3             4             2             2             3             4             3             4 
 6             3             5             7             5             4             3             2 
 2             2             5             1             2             5             4             6 
 0             4             6             3             4             3             4             5 
 3             5             6             6             2             4             2             9 
 5             2             5             9             2             1             1             3 
 1             2             4             2             3             3             3             2 
 3             3             1             1             2             0             3             1 
 1             2             2             0             3             1             1             2 
 1             1             0             5             1             1             1             1 
 3             3             2             2             2             2             1             2 
 0             0             1             0             1             1             2             0 
 1             1             0             2             0             0             3             1 
 1             1             0             0             0             0             0             2 
 0             1             2             0             0             0             0             0 
 1             0             2             0             0             1             2             1 
 1             0             1             1             2             2             0             0 
 1             2             2             1             1             0             0             1 
 0             1             0             1             1             0             1             0 
 0             0             1             0             2             0             0             1 
 0             1             1             0             0             0             2             0 
 2             0             0             0             0             0             0             0 
 0             0             1             1             0             0             0             0 
 2             0             0             0             1             1             1             1 
 0             1             1             1             0             1             3             0 
 0             0             0             0             1             1             0             1 
 0             1             0             1             1             0             0             0 
 1             0             0             0             0             1             0             0 
 0             1             0             1             1             0             0             0 
 0             0             0             0             1             1             0             0 
 0             0             0             0             0             1             0             0 
 0             1             1             0             0             0             0             0 
 0             0             0             0             1             0             0             0 
 0             0             1             1             0             1             0             0 
 1             0             1             0             0             0             0             0 
 0             1             0             0             1             0             1             0 
 1             0             0             0             0             1             0             1 
 0             0             0             0             0             0             0             0 
 2             1             2             1             1             0             0             1 
 0             0             0             0             1             1             1             1 
 0             0             0             0             0             0             0             1 
 0             1             1             0             1             1             0             0 
 0             0             0             0             0             0             0             0 
 1             0             1             0             0             0             1             2 
 1             1             1             1             0             0             0             0 
 0             0             0             0             0             0             0             0 
 0             0             0             0             0             0             0             0 
 1             0             0             0             0             1             0             0 
 0             2             0             1             1             0             0             0 
 0             1             0             0             0             1             0             0 
 1             0             0             0             0             1             0             0 
 0             0             1             0             0             0             0             0 
