$SPEC_ID:
bMCA Spectrum
$DATE_MEA:
07-05-2022  11:54:28
$MEAS_TIM:
 105.72        120
$DEVICE_ID:
bMCA 06201013
$ACQ_SETTINGS:
 2             120           1000          4             4095 
$HRDW_PARAMS:
PHA
 800
 3             3276          5 
 7             0             1023 
 80            25            45 
 1             1 
$SPEC_CAL:
-2.996172      2.07587       2.903056E-04
$MCA_CAL:
3
-2.996172      2.07587       2.903056E-04
$ROI:
 267           333           32768         1            137Cs
 553           618           16711935      1            60Co
 15            45            255           1            241Am
$DATA:
 0             1023 
 185           383           692           1252          2429          4165          6625          9719 
 12423         14143         14743         13828         12898         11772         11004         11397 
 12732         15447         19188         24317         30521         38222         44674         50164 
 52330         51351         48334         43298         38691         34842         33229         34770 
 37423         42397         46537         49056         47351         42517         34199         25075 
 16583         9847          5656          3233          2073          1478          1286          1236 
 1210          1211          1283          1173          1149          1169          1249          1184 
 1110          1078          1014          973           1004          910           971           965 
 933           932           960           880           887           914           832           838 
 795           749           758           799           774           759           842           757 
 806           768           791           805           825           800           784           768 
 859           847           820           873           913           912           903           906 
 953           920           947           970           920           951           1031          957 
 929           956           972           962           1005          997           882           952 
 936           963           915           916           906           875           898           860 
 929           839           847           856           864           859           791           807 
 729           769           782           758           771           759           728           755 
 771           682           708           671           741           722           719           658 
 700           695           682           683           688           666           672           695 
 666           656           647           660           655           633           624           570 
 645           694           598           619           578           599           588           595 
 653           616           601           619           571           585           633           603 
 580           573           585           580           620           574           570           529 
 612           583           617           573           541           556           551           525 
 561           564           564           569           568           518           581           575 
 540           562           562           594           511           526           538           547 
 552           512           509           535           506           455           484           431 
 477           392           462           451           420           452           439           475 
 443           419           391           444           431           453           431           432 
 428           418           401           413           405           383           431           393 
 376           400           393           401           377           450           407           392 
 386           393           401           412           423           417           410           393 
 363           399           400           413           347           379           377           385 
 401           428           409           462           473           451           444           445 
 519           518           523           536           608           634           604           662 
 685           698           737           734           817           834           911           941 
 947           983           1074          1071          1100          1175          1098          1159 
 1158          1224          1157          1210          1191          1159          1131          1042 
 1073          1068          1074          1019          954           916           922           859 
 815           820           776           749           713           692           612           635 
 593           565           532           546           531           494           483           474 
 463           494           493           461           440           409           438           404 
 436           417           422           447           407           412           404           414 
 422           392           390           405           424           451           424           434 
 414           395           446           448           410           432           435           447 
 442           424           468           474           439           400           428           444 
 427           414           458           391           463           450           453           420 
 434           433           471           476           460           483           510           476 
 467           475           474           458           477           436           485           460 
 486           461           452           432           480           470           443           445 
 461           456           473           433           451           473           463           454 
 479           426           434           434           433           395           418           403 
 396           427           400           393           411           411           373           393 
 381           384           349           344           334           377           354           367 
 329           313           339           369           340           352           327           336 
 356           303           342           284           296           347           371           318 
 313           309           312           300           298           328           294           278 
 314           329           304           296           296           267           281           319 
 290           287           303           296           265           261           310           290 
 290           268           309           295           283           272           287           324 
 289           295           301           289           310           316           324           324 
 363           379           374           358           433           402           475           462 
 477           520           536           557           557           586           597           600 
 667           650           696           750           725           788           773           817 
 803           816           889           812           863           851           833           800 
 827           833           779           746           694           734           791           711 
 688           655           647           619           558           521           541           476 
 490           511           489           424           421           379           371           348 
 309           329           292           273           331           277           291           310 
 322           300           273           295           324           305           296           326 
 339           337           344           332           371           391           411           442 
 468           478           471           480           545           505           580           603 
 617           548           616           602           617           639           582           639 
 645           652           672           686           603           631           635           609 
 560           558           559           562           498           518           540           455 
 463           446           441           406           406           364           330           299 
 341           289           295           305           253           258           220           215 
 205           217           195           202           166           172           130           134 
 139           134           107           98            112           94            80            87 
 70            83            81            73            69            66            56            69 
 57            43            54            45            41            32            50            48 
 25            37            32            37            46            29            31            32 
 36            24            37            27            27            28            36            30 
 30            32            28            30            24            20            22            18 
 17            25            26            23            19            20            25            36 
 18            18            23            21            22            18            22            21 
 20            17            26            28            21            16            17            15 
 23            26            13            23            17            17            23            22 
 25            21            20            26            29            21            17            22 
 18            21            19            22            20            18            20            18 
 18            24            26            15            20            20            15            16 
 15            16            16            20            13            26            17            26 
 21            17            20            17            24            14            11            24 
 16            19            18            13            15            16            20            12 
 18            15            18            16            16            17            15            20 
 18            16            19            17            15            15            15            18 
 31            19            14            16            9             21            11            19 
 11            12            21            22            16            12            17            15 
 22            15            27            11            22            26            15            13 
 17            12            16            15            14            15            15            12 
 9             16            15            15            23            11            15            12 
 14            24            18            14            18            24            12            19 
 15            9             11            17            18            9             13            14 
 9             15            19            20            14            16            13            13 
 13            8             11            16            10            7             19            17 
 15            13            24            16            15            14            11            19 
 14            13            14            15            12            15            10            19 
 11            14            10            18            11            8             9             9 
 21            10            11            16            8             19            9             13 
 12            10            12            13            11            10            19            11 
 11            17            16            15            13            20            5             19 
 9             16            11            17            10            13            16            13 
 6             14            11            11            11            10            11            8 
 13            10            12            13            10            15            12            10 
 9             16            14            14            11            13            17            6 
 14            15            11            18            16            14            12            8 
 7             10            9             15            12            13            6             15 
 18            19            11            14            9             19            20            14 
 13            12            16            17            9             13            17            12 
 13            10            8             21            16            13            11            9 
 10            11            10            14            9             14            10            11 
 8             14            10            16            10            10            14            16 
 10            11            17            7             16            12            7             19 
 11            13            13            13            16            4             11            11 
 11            15            8             7             9             9             15            6 
 12            14            8             6             4             6             8             9 
 8             10            8             9             6             8             10            7 
 4             4             2             8             5             6             6             6 
