$SPEC_ID:
bMCA Spectrum
$DATE_MEA:
07-05-2022  09:40:32
$MEAS_TIM:
 53.01         60
$DEVICE_ID:
bMCA 06201013
$ACQ_SETTINGS:
 2             60            1000          4             4095 
$HRDW_PARAMS:
PHA
 800
 3             3276          5 
 7             0             1023 
 80            25            45 
 1             1 
$SPEC_CAL:
-2.996172      2.07587       2.903056E-04
$MCA_CAL:
3
-2.996172      2.07587       2.903056E-04
$ROI:
 265           335           32768         1            137Cs
 46            75            33023         1            57Co
 15            45            255           1            241Am
$DATA:
 0             1023 
 108           200           398           776           1481          2785          4084          5836 
 7488          8563          8373          8029          7268          6570          6295          6578 
 7500          8962          11425         14436         17723         21827         25766         28616 
 29864         29227         27161         24214         21300         19419         18703         19523 
 21952         24997         27321         28310         27044         23165         18478         12900 
 8107          4895          2493          1517          1062          877           902           987 
 1052          1224          1383          1632          1752          1904          1763          1875 
 1759          1707          1602          1632          1622          1692          1640          1692 
 1770          1584          1425          1280          1133          923           740           533 
 478           423           334           306           309           265           247           233 
 271           245           222           224           239           231           252           239 
 245           250           237           246           258           254           237           233 
 279           232           234           231           245           226           251           226 
 219           215           194           197           173           211           194           165 
 204           195           185           171           168           168           178           176 
 176           170           155           175           169           125           156           154 
 149           160           151           146           146           154           155           133 
 110           120           152           131           143           116           129           142 
 124           130           124           127           126           141           126           137 
 126           140           146           99            125           127           132           117 
 120           112           136           118           117           128           112           117 
 128           133           120           121           111           114           115           128 
 113           117           118           120           101           113           103           124 
 121           144           125           107           119           119           109           114 
 145           129           125           115           112           116           122           101 
 98            108           94            90            118           106           82            103 
 87            86            80            86            83            75            87            61 
 70            71            48            70            51            44            51            43 
 61            45            53            51            41            29            33            45 
 30            30            40            28            37            31            21            28 
 21            31            25            28            17            21            19            17 
 30            19            21            21            21            21            26            25 
 21            21            27            20            25            29            19            34 
 28            41            42            50            58            62            73            83 
 88            94            90            129           147           179           174           201 
 195           182           251           271           291           360           346           376 
 435           428           461           447           467           520           496           481 
 540           561           511           513           501           510           477           488 
 468           454           378           416           346           338           322           316 
 279           253           235           220           188           169           155           141 
 128           124           111           83            77            72            59            45 
 50            42            41            29            47            32            24            18 
 21            21            19            15            11            13            14            15 
 7             12            9             5             8             15            4             5 
 6             6             10            5             3             6             2             9 
 5             6             6             4             3             3             6             2 
 6             1             4             2             8             2             7             2 
 4             3             5             4             3             2             1             2 
 7             0             3             3             3             3             1             4 
 3             1             6             4             4             8             3             3 
 4             4             8             5             5             3             7             8 
 4             6             2             4             8             3             5             3 
 5             3             3             9             2             4             12            6 
 4             2             7             5             4             4             0             4 
 4             3             6             7             4             1             5             4 
 3             4             0             2             5             2             2             1 
 1             3             4             2             1             2             1             2 
 1             0             2             1             5             4             2             4 
 1             3             4             8             3             1             3             4 
 2             3             2             0             2             3             3             1 
 5             1             5             2             3             6             1             1 
 7             3             4             4             1             1             3             4 
 4             1             5             2             5             1             0             2 
 4             2             3             5             2             4             3             6 
 5             2             2             4             3             3             1             2 
 5             2             0             4             5             5             2             4 
 1             3             3             4             2             3             3             3 
 4             2             2             3             3             2             2             2 
 2             0             2             1             2             3             1             5 
 11            2             1             2             0             0             2             1 
 0             0             2             4             2             1             3             2 
 3             3             2             0             1             0             3             3 
 5             1             1             5             3             2             2             2 
 4             3             2             2             1             0             1             1 
 2             1             0             1             0             2             3             2 
 2             1             4             0             4             3             3             4 
 0             2             2             2             1             3             1             1 
 2             1             0             4             2             1             3             1 
 4             4             3             4             1             0             1             2 
 3             1             1             0             1             0             3             2 
 0             2             2             1             2             1             0             1 
 1             7             1             3             6             2             2             3 
 0             2             2             2             0             2             1             0 
 1             1             1             0             1             0             0             0 
 2             1             1             3             0             0             2             2 
 3             1             0             2             2             2             0             1 
 0             1             0             1             0             0             0             2 
 2             1             0             0             0             0             0             1 
 1             1             0             1             0             0             0             2 
 1             0             1             0             0             0             0             0 
 0             0             1             0             0             0             1             0 
 1             2             0             1             0             0             1             0 
 0             0             2             0             1             0             0             0 
 0             1             1             0             0             1             0             0 
 0             0             1             0             0             0             1             0 
 0             1             0             0             0             0             0             2 
 0             1             0             0             0             1             2             0 
 0             0             0             0             0             0             2             1 
 0             0             0             1             0             1             0             2 
 0             0             1             1             0             0             0             0 
 0             0             1             0             1             0             0             1 
 0             0             0             0             0             0             0             1 
 0             1             0             0             0             0             0             0 
 0             1             0             0             0             0             0             0 
 0             0             1             0             0             1             0             0 
 0             0             0             0             0             1             1             0 
 0             0             0             0             0             0             1             0 
 0             0             0             0             0             0             0             0 
 0             0             0             1             1             0             0             0 
 0             0             0             1             0             1             0             0 
 0             0             0             0             0             0             0             0 
 0             0             0             0             0             0             0             0 
 0             0             0             0             0             0             1             0 
 1             1             0             0             0             0             0             0 
 1             0             0             0             0             0             0             0 
 1             0             0             1             1             0             0             0 
 0             0             0             1             0             0             0             0 
 0             0             1             0             0             2             0             0 
 0             0             0             1             0             0             0             1 
 0             0             0             0             0             1             0             0 
 0             0             0             0             0             0             0             0 
 0             0             0             1             0             0             0             0 
 0             0             1             0             0             0             0             0 
 1             0             0             1             0             0             0             0 
 0             0             0             0             1             0             0             0 
 0             0             0             0             0             0             0             1 
 0             0             0             0             0             0             0             0 
 0             0             0             0             0             0             0             1 
