$SPEC_ID:
bMCA Spectrum
$DATE_MEA:
07-05-2022  11:41:54
$MEAS_TIM:
 52.875        60
$DEVICE_ID:
bMCA 06201013
$ACQ_SETTINGS:
 2             60            1000          4             4095 
$HRDW_PARAMS:
PHA
 800
 3             3276          5 
 7             0             1023 
 80            25            45 
 1             1 
$SPEC_CAL:
-2.996172      2.07587       2.903056E-04
$MCA_CAL:
3
-2.996172      2.07587       2.903056E-04
$ROI:
 267           333           32768         1            137Cs
 553           618           16711935      1            60Co
 15            45            255           1            241Am
$DATA:
 0             1023 
 104           171           306           645           1169          2171          3479          4893 
 6174          7009          7296          6855          6340          5696          5567          5679 
 6255          7624          9498          12093         15476         18816         22422         24965 
 26020         25851         23999         21560         19222         17507         16664         17330 
 18800         21073         22980         24622         24056         21151         17132         12482 
 8205          4818          2772          1567          964           708           638           541 
 574           575           568           614           571           577           644           561 
 515           515           521           487           513           500           457           475 
 456           510           479           491           465           457           479           407 
 418           425           376           410           399           403           361           396 
 399           398           437           442           420           388           415           393 
 412           402           421           438           426           463           434           453 
 451           472           462           437           492           489           482           514 
 477           449           515           512           496           489           491           473 
 446           466           448           453           454           447           432           458 
 436           443           424           466           427           424           367           393 
 357           369           375           364           375           376           370           363 
 359           319           373           357           378           351           364           324 
 338           324           359           337           350           338           313           331 
 331           348           332           302           266           303           287           318 
 319           289           292           277           309           331           240           279 
 272           291           276           297           259           318           272           306 
 280           314           285           285           297           324           266           288 
 300           298           272           247           273           287           277           293 
 302           268           292           281           267           289           272           287 
 285           300           254           253           262           259           255           271 
 245           255           241           243           257           241           238           216 
 267           227           239           246           226           211           205           207 
 208           185           214           199           225           210           221           202 
 210           193           229           229           191           185           200           203 
 194           239           191           210           214           178           195           210 
 225           213           195           209           193           220           217           188 
 223           180           207           207           209           188           197           191 
 206           196           228           208           234           225           245           244 
 244           234           256           259           286           295           324           325 
 329           327           409           379           378           433           487           457 
 472           520           519           525           565           573           569           559 
 593           540           581           566           555           579           552           565 
 536           541           540           498           476           414           459           427 
 406           397           388           365           356           360           326           304 
 323           286           260           271           257           235           275           249 
 217           279           211           205           231           208           234           198 
 196           198           216           197           207           200           222           201 
 232           195           198           199           213           224           213           201 
 240           212           212           210           225           223           230           228 
 211           195           209           215           227           235           230           233 
 202           220           219           214           234           260           228           231 
 206           232           227           224           237           244           223           228 
 242           238           233           245           225           270           249           242 
 250           233           228           244           249           236           263           233 
 242           243           271           235           208           272           221           243 
 252           230           250           213           206           206           202           214 
 191           219           194           208           195           213           203           171 
 183           190           221           192           197           185           185           187 
 181           167           149           183           140           180           165           160 
 163           176           171           170           153           142           165           167 
 156           150           150           158           144           162           152           169 
 161           156           150           138           145           147           153           139 
 137           165           148           128           157           127           138           137 
 127           132           155           132           160           138           184           126 
 133           154           144           136           149           157           145           182 
 173           195           194           198           223           227           239           227 
 237           252           239           284           262           296           307           338 
 348           319           361           368           391           383           391           372 
 433           397           372           421           420           407           456           436 
 355           404           393           385           383           366           347           341 
 349           307           333           311           285           235           277           278 
 248           234           219           227           185           195           185           182 
 168           195           154           166           154           146           142           151 
 144           134           134           145           136           146           166           168 
 168           165           185           195           198           237           237           240 
 228           214           259           253           265           272           262           308 
 285           304           302           275           342           299           306           325 
 300           343           341           324           366           263           327           307 
 311           287           299           264           282           235           246           237 
 230           210           205           166           176           191           185           154 
 159           140           155           136           126           115           115           103 
 88            88            88            78            87            85            70            66 
 62            53            56            58            42            45            41            40 
 48            34            26            38            35            30            32            26 
 22            19            21            16            33            24            21            16 
 22            19            16            29            19            15            16            20 
 21            13            13            9             22            14            12            12 
 9             13            13            12            13            11            10            12 
 15            11            15            13            9             14            17            12 
 8             9             10            11            12            7             7             15 
 7             10            9             12            9             13            15            8 
 13            13            5             8             7             7             6             7 
 7             11            11            6             8             9             19            14 
 6             7             9             7             11            15            7             8 
 10            13            9             5             13            2             12            10 
 10            9             9             10            13            10            8             5 
 11            12            9             15            7             12            15            4 
 7             4             16            13            12            11            9             9 
 9             14            7             8             5             14            7             2 
 12            9             5             2             5             6             10            7 
 11            10            9             13            8             12            9             2 
 10            12            4             6             11            5             7             10 
 10            6             8             8             8             10            7             7 
 9             5             9             11            14            8             5             6 
 13            6             6             11            13            9             15            11 
 8             11            3             4             8             6             10            6 
 9             5             9             8             6             12            10            3 
 12            8             6             7             6             3             4             8 
 9             7             8             3             3             5             7             6 
 5             6             9             4             6             6             6             2 
 9             5             6             8             6             8             4             7 
 4             7             7             8             6             5             5             11 
 7             6             5             2             10            3             7             9 
 4             6             6             2             7             6             9             17 
 6             4             8             7             12            5             5             3 
 10            9             10            7             11            4             5             8 
 6             6             3             10            6             8             8             9 
 9             9             6             10            7             7             3             10 
 8             6             5             2             6             4             4             3 
 5             4             3             7             6             5             5             5 
 8             8             5             4             8             5             6             5 
 7             6             10            5             5             4             7             4 
 9             7             4             8             6             6             5             7 
 7             6             8             5             4             7             5             6 
 10            13            8             7             11            9             7             8 
 7             6             3             5             4             6             10            10 
 6             4             7             8             6             6             5             3 
 2             8             6             6             4             7             8             2 
 5             10            8             8             4             4             6             5 
 2             8             8             2             3             4             4             8 
 5             3             3             1             6             3             7             3 
 4             5             5             3             3             8             5             5 
