$SPEC_ID:
bMCA Spectrum
$DATE_MEA:
07-05-2022  09:47:58
$MEAS_TIM:
 106.005       120
$DEVICE_ID:
bMCA 06201013
$ACQ_SETTINGS:
 2             120           1000          4             4095 
$HRDW_PARAMS:
PHA
 800
 3             3276          5 
 7             0             1023 
 80            25            45 
 1             1 
$SPEC_CAL:
-2.996172      2.07587       2.903056E-04
$MCA_CAL:
3
-2.996172      2.07587       2.903056E-04
$ROI:
 265           335           32768         1            137Cs
 46            75            33023         1            57Co
 15            45            255           1            241Am
$DATA:
 0             1023 
 244           399           848           1548          2947          5281          8352          11948 
 15070         16750         17072         16456         14468         13131         12807         13087 
 14889         18014         22721         28632         36220         44071         52183         57683 
 59948         58421         54376         48320         43074         38671         37462         39434 
 43534         49340         54432         55997         54099         46842         36744         25721 
 16156         9151          5114          2957          2089          1726          1839          1950 
 2177          2501          2947          3100          3498          3798          3710          3672 
 3404          3394          3352          3257          3257          3287          3403          3476 
 3493          3336          2959          2609          2190          1771          1440          1205 
 994           798           714           583           605           542           485           478 
 482           474           477           480           482           508           473           477 
 508           490           492           473           468           487           521           520 
 510           448           526           446           450           501           445           383 
 413           402           367           379           384           386           373           370 
 370           341           331           356           372           334           334           357 
 306           308           316           313           319           320           303           322 
 294           266           258           287           321           307           259           270 
 270           273           294           275           266           271           254           264 
 256           249           231           283           292           259           264           214 
 247           265           244           258           286           255           238           226 
 231           228           253           239           245           222           216           222 
 233           239           235           257           227           249           246           237 
 240           255           248           264           246           245           215           231 
 213           242           243           256           226           242           234           241 
 255           247           240           251           235           244           209           245 
 224           220           208           235           207           199           187           181 
 220           156           184           188           148           157           134           140 
 135           120           113           111           101           105           110           86 
 83            85            95            86            79            68            78            66 
 74            62            59            72            54            46            55            56 
 60            48            47            53            49            45            48            44 
 58            47            47            53            33            48            53            49 
 50            60            36            59            54            60            49            66 
 65            82            78            98            98            122           125           152 
 161           193           203           276           299           312           333           357 
 460           465           513           574           620           661           731           793 
 842           875           910           985           976           1042          976           1029 
 1000          1023          1023          1029          1054          975           951           930 
 914           863           801           827           690           661           589           586 
 555           507           455           429           369           375           323           251 
 236           244           181           187           172           147           103           114 
 107           91            67            67            70            53            48            51 
 47            41            39            28            24            20            23            16 
 14            22            19            17            16            11            9             16 
 10            15            11            16            8             11            8             9 
 7             7             12            13            9             10            17            6 
 9             6             7             7             6             8             8             8 
 12            14            10            7             13            8             6             6 
 12            3             5             6             12            6             7             8 
 9             11            12            9             6             4             8             8 
 6             11            10            9             8             9             9             8 
 8             10            9             2             4             11            8             6 
 8             5             7             9             8             6             11            6 
 9             5             5             4             6             7             5             6 
 9             6             10            5             1             7             5             8 
 5             9             3             7             5             9             4             5 
 12            4             9             5             2             5             6             5 
 2             3             5             6             7             3             2             4 
 7             6             9             4             3             9             4             4 
 3             5             8             5             6             6             4             9 
 0             6             3             4             4             7             5             8 
 5             6             6             6             5             6             7             4 
 6             12            5             14            5             5             4             8 
 7             6             7             6             10            4             6             8 
 7             5             3             5             9             9             4             6 
 7             7             10            9             6             4             5             6 
 5             2             5             4             2             7             4             5 
 6             8             5             3             3             2             2             2 
 2             4             5             3             4             3             7             1 
 1             3             4             5             2             3             7             1 
 0             2             4             4             3             3             3             1 
 2             4             7             5             5             5             8             3 
 4             3             4             4             6             5             3             4 
 7             3             5             7             2             6             4             1 
 4             4             4             6             4             2             3             3 
 2             6             4             3             2             2             5             4 
 1             6             0             5             3             3             6             6 
 7             4             3             6             2             1             4             6 
 4             5             7             4             5             2             2             4 
 2             3             2             3             2             4             6             6 
 7             2             5             7             4             4             2             3 
 3             3             2             3             0             2             3             2 
 4             3             1             4             4             5             3             2 
 5             1             1             3             1             2             3             5 
 0             4             1             4             3             3             3             1 
 2             2             2             0             0             3             0             3 
 0             1             2             0             1             1             2             0 
 0             1             1             1             1             1             1             1 
 0             1             0             1             1             1             2             3 
 0             1             0             0             1             0             2             3 
 0             0             0             1             2             0             0             0 
 1             2             0             2             1             0             0             0 
 1             0             1             0             1             0             0             1 
 1             3             1             2             0             1             1             0 
 0             0             0             1             0             0             1             3 
 1             1             0             1             2             1             0             2 
 0             0             1             1             1             0             0             0 
 0             1             1             0             2             2             1             0 
 1             1             0             0             0             0             0             2 
 2             0             1             1             0             0             3             1 
 0             0             1             0             0             0             0             4 
 0             0             0             0             0             0             0             0 
 1             2             0             0             0             0             0             0 
 0             0             0             0             1             0             0             0 
 1             1             1             0             0             0             0             1 
 0             0             0             0             2             0             0             1 
 0             1             0             1             0             0             0             1 
 1             0             0             0             0             0             1             0 
 0             0             0             1             2             0             0             0 
 0             0             1             1             0             1             1             0 
 0             0             0             1             2             0             0             0 
 0             1             1             1             0             1             0             1 
 1             0             0             1             0             0             0             0 
 1             0             0             2             0             0             1             1 
 2             0             0             1             0             1             0             0 
 2             1             1             0             0             1             0             1 
 0             0             0             0             0             1             2             1 
 0             1             1             1             0             1             1             0 
 0             0             0             0             0             0             2             0 
 1             0             1             0             0             1             1             0 
 0             0             0             0             1             0             0             0 
 0             0             1             0             1             0             1             0 
 0             0             1             0             0             0             0             1 
 0             0             0             0             0             0             0             1 
 1             0             0             1             0             0             1             0 
 0             0             2             1             0             0             0             1 
 1             0             0             0             0             0             0             0 
 0             0             0             0             1             0             1             0 
