$SPEC_ID:
bMCA Spectrum
$DATE_MEA:
07-08-2022  08:37:22
$MEAS_TIM:
 107.195       120
$DEVICE_ID:
bMCA 06201013
$ACQ_SETTINGS:
 2             120           1000          4             4095 
$HRDW_PARAMS:
PHA
 800
 3             3276          5 
 7             0             1023 
 80            25            45 
 1             1 
$SPEC_CAL:
-7.930157      2.249046      0
$MCA_CAL:
3
-7.930157      2.249046      0
$ROI:
 267           333           32768         1            137Cs
 46            75            33023         1            57Co
 15            45            255           1            241Am
$DATA:
 0             1023 
 193           361           609           1251          2482          4358          6996          10051 
 13381         15175         15652         14720         13288         12011         11466         11797 
 13379         16333         20128         25733         31883         39318         46422         52100 
 54574         53772         50436         45058         39621         35594         34796         37011 
 41442         46730         51208         51870         49007         41692         31432         21786 
 13146         7377          4114          2550          1830          1538          1782          1957 
 2282          2849          3391          3789          4115          4420          4431          4510 
 4301          4211          4103          4057          4177          4225          4460          4537 
 4517          4094          3792          3174          2604          2057          1693          1375 
 1043          899           736           656           549           512           456           475 
 470           461           394           422           412           427           446           436 
 419           479           456           449           440           455           439           404 
 445           418           386           395           393           388           373           414 
 344           380           365           348           341           352           315           359 
 352           311           336           303           328           323           311           319 
 342           310           283           308           304           274           290           303 
 277           306           235           244           259           248           267           249 
 245           243           220           236           228           230           243           248 
 265           238           207           225           235           241           214           225 
 205           216           223           234           214           211           225           227 
 201           234           212           222           222           204           215           221 
 178           219           204           199           221           197           205           217 
 214           202           215           195           213           205           247           192 
 196           187           209           245           203           208           193           198 
 191           195           191           203           191           207           205           217 
 179           214           208           189           169           167           158           155 
 154           160           131           156           129           134           123           115 
 100           108           89            96            91            91            74            87 
 76            69            60            89            64            72            63            73 
 55            60            57            47            50            53            52            38 
 49            36            37            42            46            45            36            40 
 29            51            38            45            44            51            38            42 
 39            44            42            38            50            58            49            56 
 69            63            71            91            85            115           105           145 
 158           183           186           187           238           290           315           376 
 392           409           484           519           556           563           561           718 
 702           685           769           799           824           826           842           921 
 853           833           796           865           850           878           800           730 
 702           674           672           627           566           542           503           485 
 439           372           348           356           318           251           247           208 
 189           178           164           136           130           99            91            90 
 80            81            76            73            58            38            39            56 
 35            36            16            19            20            18            14            28 
 16            16            19            14            15            10            10            12 
 8             13            11            11            12            5             11            9 
 11            14            7             11            9             6             9             8 
 7             11            10            6             6             10            5             9 
 8             8             6             4             9             13            6             4 
 6             8             5             8             9             11            9             7 
 6             11            6             9             7             11            9             6 
 7             7             5             8             9             9             7             9 
 10            6             8             5             4             6             4             4 
 13            7             5             8             4             9             6             4 
 10            6             3             7             8             6             6             2 
 3             11            9             3             7             9             7             6 
 10            6             7             6             4             10            7             9 
 4             4             4             8             9             4             7             6 
 12            5             4             3             4             6             8             11 
 8             14            6             6             5             4             7             6 
 4             5             4             4             2             4             5             4 
 9             5             4             6             2             5             8             12 
 9             10            7             5             8             5             9             5 
 6             7             5             6             5             3             2             3 
 8             7             8             3             7             5             14            7 
 12            3             7             10            5             5             4             1 
 2             7             8             8             5             7             8             3 
 7             2             6             4             7             1             7             6 
 5             8             1             5             5             2             6             2 
 7             2             7             5             7             6             7             5 
 5             4             2             2             1             4             1             4 
 4             3             4             7             6             3             3             3 
 2             1             5             2             6             3             5             4 
 4             4             2             5             2             6             4             3 
 6             7             4             4             3             3             2             2 
 8             1             10            3             3             3             4             4 
 1             7             3             5             3             1             0             2 
 3             0             5             4             3             4             4             6 
 5             1             10            6             2             5             5             2 
 4             4             4             2             5             4             6             6 
 2             2             2             6             3             5             2             1 
 1             5             3             1             5             6             3             8 
 1             5             1             0             3             4             1             2 
 5             5             6             4             7             3             4             2 
 3             0             1             0             3             5             1             2 
 5             0             0             3             1             2             1             1 
 1             2             0             2             1             0             2             0 
 1             0             1             2             0             0             1             3 
 2             0             1             4             0             1             1             0 
 0             1             2             2             0             0             0             1 
 1             1             1             1             2             0             1             0 
 1             1             0             0             0             0             0             1 
 0             1             1             0             1             0             0             1 
 0             1             1             1             0             1             0             2 
 0             0             0             1             0             1             0             1 
 1             1             1             1             0             1             0             0 
 1             0             1             0             0             1             1             0 
 0             1             1             0             2             0             0             1 
 1             0             2             1             1             1             2             0 
 1             0             1             4             0             1             1             3 
 0             0             2             1             0             1             0             1 
 2             1             0             1             1             0             1             0 
 1             1             2             1             1             0             0             0 
 1             0             0             1             1             0             0             1 
 0             0             0             1             0             1             0             0 
 2             0             0             1             1             0             0             1 
 0             0             0             1             0             0             0             1 
 1             2             0             0             0             0             0             1 
 0             0             1             0             0             1             0             0 
 0             1             0             0             0             0             0             0 
 0             0             0             0             1             0             0             0 
 0             0             0             0             0             0             1             0 
 0             1             0             0             2             0             0             1 
 0             1             1             1             0             0             0             0 
 1             2             1             0             2             0             0             1 
 1             0             0             0             0             0             0             0 
 2             0             1             0             2             0             0             0 
 2             0             0             0             0             0             0             1 
 1             0             0             0             0             0             0             0 
 0             1             0             0             0             2             0             1 
 1             0             1             1             0             0             0             0 
 1             0             0             1             0             0             0             0 
 0             1             1             0             0             1             1             1 
 0             0             0             1             3             0             0             0 
 0             0             0             0             3             0             0             0 
 0             1             1             0             0             2             0             0 
 0             0             0             0             0             0             1             0 
 0             0             1             0             1             0             0             0 
 0             0             1             0             0             0             0             0 
