$SPEC_ID:
bMCA Spectrum
$DATE_MEA:
07-05-2022  13:24:26
$MEAS_TIM:
 233.08        240
$DEVICE_ID:
bMCA 06201013
$ACQ_SETTINGS:
 2             240           1000          4             4095 
$HRDW_PARAMS:
PHA
 800
 3             3276          5 
 7             0             1023 
 80            25            45 
 1             1 
$SPEC_CAL:
-2.996172      2.07587       2.903056E-04
$MCA_CAL:
3
-2.996172      2.07587       2.903056E-04
$ROI:
 553           618           16711935      1            60Co
 46            75            33023         1            57Co
$DATA:
 0             1023 
 12            19            41            88            153           231           326           436 
 515           591           660           661           689           796           882           875 
 887           1042          1074          1155          1159          1223          1294          1200 
 1157          1004          1110          1206          1182          1205          1230          1305 
 1442          1379          1474          1504          1684          1787          1779          1901 
 1903          1877          1984          2140          2206          2390          2685          3210 
 3742          4489          5383          6158          6644          7057          7357          7362 
 7205          6846          6675          6710          6862          7245          7239          7396 
 7410          7167          6479          5488          4728          3975          3297          2725 
 2292          2021          1768          1558          1432          1374          1360          1225 
 1186          1160          1158          1148          1192          1143          1148          1146 
 1227          1164          1204          1197          1246          1315          1232          1287 
 1304          1326          1356          1354          1341          1454          1414          1461 
 1411          1458          1519          1410          1419          1428          1539          1417 
 1358          1450          1409          1351          1400          1359          1398          1365 
 1322          1304          1300          1246          1227          1215          1270          1230 
 1230          1148          1098          1170          1191          1210          1149          1199 
 1106          1104          1114          1156          1088          1064          1008          1020 
 993           1064          1061          979           969           1006          1014          997 
 1031          988           1005          962           968           948           893           908 
 865           947           861           924           876           892           910           921 
 862           820           853           828           859           902           867           867 
 826           815           863           802           841           787           828           824 
 826           868           784           725           806           780           840           820 
 849           757           799           755           835           802           779           761 
 775           768           754           787           769           781           782           740 
 798           762           759           836           728           738           813           743 
 735           798           759           771           763           771           745           774 
 780           786           762           763           736           747           753           732 
 745           751           794           716           767           719           730           738 
 761           740           691           748           717           716           724           736 
 739           752           714           712           777           700           751           712 
 716           743           781           745           746           779           739           730 
 733           747           777           733           732           762           802           739 
 777           744           785           726           740           734           763           741 
 750           784           762           787           758           748           794           769 
 774           788           776           769           783           761           793           805 
 825           782           789           743           832           759           746           740 
 742           757           822           804           776           811           726           815 
 789           785           770           843           782           823           777           796 
 775           775           795           788           810           785           786           863 
 797           812           804           814           806           782           804           836 
 837           853           807           773           782           846           828           828 
 813           800           785           889           808           835           808           840 
 816           840           899           816           860           838           875           866 
 824           872           873           836           890           895           894           898 
 899           898           978           932           916           885           924           973 
 862           988           921           893           915           928           912           963 
 915           978           914           947           939           994           1011          932 
 855           1028          947           976           984           914           919           973 
 926           1007          939           980           936           949           923           904 
 885           908           905           913           875           891           843           818 
 875           850           798           785           763           731           770           753 
 768           709           754           738           710           727           684           708 
 709           708           626           624           656           682           652           639 
 618           632           658           620           646           614           665           636 
 612           669           611           624           653           606           616           624 
 621           582           569           598           626           566           580           598 
 574           583           571           552           547           551           520           589 
 534           558           571           572           555           554           543           569 
 617           599           620           618           635           668           667           720 
 718           778           813           912           880           881           913           1007 
 1018          1059          1178          1140          1223          1307          1378          1357 
 1420          1478          1498          1560          1604          1669          1695          1670 
 1633          1723          1684          1797          1818          1726          1650          1684 
 1679          1621          1567          1523          1466          1457          1465          1380 
 1342          1294          1227          1099          1130          1031          967           961 
 895           858           818           749           762           742           717           645 
 645           581           605           614           517           577           622           578 
 537           597           558           592           652           620           634           629 
 707           710           806           806           844           887           902           998 
 934           1068          1021          1102          1118          1141          1211          1207 
 1181          1308          1337          1331          1288          1263          1320          1315 
 1309          1296          1264          1211          1236          1227          1255          1177 
 1176          1125          1063          1076          1056          981           969           980 
 848           840           812           753           715           681           713           590 
 622           544           515           445           458           403           428           383 
 329           317           311           303           278           257           228           250 
 191           197           195           200           177           171           174           159 
 133           123           134           119           120           94            87            95 
 93            92            73            71            85            76            54            73 
 77            65            52            56            54            61            49            47 
 45            50            49            40            60            45            70            52 
 51            35            53            50            56            48            37            50 
 44            56            45            45            49            34            38            44 
 35            60            29            50            41            42            29            38 
 31            34            41            65            35            44            41            42 
 34            45            41            41            43            45            49            33 
 37            30            47            38            29            30            33            44 
 27            28            42            38            35            46            35            32 
 47            33            39            23            34            32            31            54 
 30            26            36            29            34            26            30            26 
 36            33            31            30            33            38            28            46 
 34            22            39            36            38            29            27            35 
 33            24            30            33            38            31            35            40 
 31            34            24            23            27            41            39            29 
 31            33            17            29            37            29            35            40 
 36            23            17            30            20            39            29            26 
 30            32            22            33            27            25            37            27 
 38            26            31            39            30            25            36            25 
 32            30            23            37            24            29            29            23 
 39            21            18            38            29            36            20            21 
 26            21            24            26            20            36            30            21 
 31            24            32            26            19            27            27            22 
 23            27            20            30            31            15            25            27 
 23            23            29            23            40            26            31            18 
 29            23            31            23            29            21            23            19 
 22            28            23            31            24            31            17            17 
 23            31            26            23            24            25            20            25 
 19            27            31            29            24            22            22            28 
 22            17            14            24            27            29            19            20 
 20            27            30            21            23            23            29            29 
 23            25            26            20            29            24            24            20 
 17            23            24            16            24            31            14            24 
 26            26            14            28            25            24            27            26 
 24            23            20            26            28            19            24            27 
 16            28            36            23            29            27            21            30 
 19            18            22            25            24            21            23            19 
 26            28            21            23            27            27            22            30 
 31            25            29            19            33            29            27            20 
 19            13            37            19            30            25            24            25 
 28            22            19            19            19            18            25            25 
 21            30            16            23            31            21            21            24 
 26            16            31            18            18            25            26            20 
 19            23            19            17            14            21            18            13 
 13            9             11            20            22            15            18            9 
 19            14            13            17            14            13            7             17 
 14            13            12            10            8             13            11            7 
