$SPEC_ID:
bMCA Spectrum
$DATE_MEA:
07-05-2022  11:48:25
$MEAS_TIM:
 105.73        120
$DEVICE_ID:
bMCA 06201013
$ACQ_SETTINGS:
 2             120           1000          4             4095 
$HRDW_PARAMS:
PHA
 800
 3             3276          5 
 7             0             1023 
 80            25            45 
 1             1 
$SPEC_CAL:
-2.996172      2.07587       2.903056E-04
$MCA_CAL:
3
-2.996172      2.07587       2.903056E-04
$ROI:
 267           333           32768         1            137Cs
 553           618           16711935      1            60Co
 15            45            255           1            241Am
$DATA:
 0             1023 
 200           338           593           1224          2315          4121          6901          9638 
 12321         14297         14852         13964         12554         11753         10970         11169 
 12631         15516         19253         24322         31021         38082         44723         50003 
 52618         51347         48368         43333         38553         34692         33485         34610 
 37654         42455         46427         48933         47715         42567         34130         24678 
 16211         9883          5419          3138          1968          1508          1355          1166 
 1150          1179          1174          1127          1135          1208          1194          1080 
 1084          1113          1065          1048          1012          991           1003          978 
 998           978           919           918           906           860           883           793 
 827           787           773           809           810           799           795           778 
 791           799           784           745           836           803           820           792 
 871           836           833           857           904           880           910           916 
 890           958           955           963           980           919           991           934 
 991           974           994           964           970           1018          974           960 
 976           923           904           923           864           878           904           878 
 900           858           820           816           775           797           777           792 
 768           806           708           717           728           767           770           705 
 720           759           763           694           734           704           691           708 
 680           685           652           633           673           656           644           741 
 646           601           621           623           651           631           658           613 
 623           624           631           620           614           585           615           600 
 629           590           623           618           599           575           559           603 
 645           580           563           566           573           569           522           599 
 575           593           539           593           578           551           552           578 
 634           555           567           528           602           571           575           552 
 528           592           537           552           550           481           521           516 
 513           465           497           486           495           507           476           445 
 463           457           430           452           444           482           444           413 
 436           420           413           424           417           399           402           422 
 423           395           455           411           390           400           383           371 
 363           383           387           418           413           393           402           410 
 425           354           382           411           402           356           403           414 
 386           413           376           420           398           364           429           406 
 403           438           399           443           461           473           440           465 
 483           490           499           542           581           595           628           667 
 675           732           780           782           848           827           840           876 
 991           982           1037          1187          1129          1107          1178          1133 
 1111          1169          1196          1097          1110          1177          1158          1112 
 1109          1073          1039          977           983           931           911           871 
 839           810           759           705           732           693           634           618 
 601           560           603           579           548           479           503           492 
 458           440           436           458           460           396           414           472 
 441           455           427           395           413           377           432           373 
 407           461           406           407           404           400           388           420 
 412           424           412           409           433           439           425           405 
 431           446           443           449           432           443           480           437 
 481           457           443           460           430           419           436           455 
 453           453           426           463           429           472           489           445 
 468           440           456           463           478           472           484           472 
 435           513           495           493           416           473           458           489 
 498           488           448           460           433           465           473           460 
 498           427           441           490           428           403           434           411 
 399           413           398           417           414           385           362           398 
 375           386           374           372           353           400           364           354 
 361           313           349           357           333           351           316           310 
 305           352           322           322           335           320           298           315 
 311           319           315           322           299           280           309           292 
 290           294           318           305           313           267           280           269 
 288           306           296           297           276           271           297           292 
 268           268           275           283           279           286           277           283 
 280           270           282           270           297           288           315           313 
 341           352           383           381           408           382           438           477 
 482           527           564           511           560           602           615           632 
 671           665           759           732           774           788           758           777 
 773           795           797           857           864           826           790           853 
 845           789           771           819           784           755           732           689 
 652           669           615           640           618           563           502           516 
 508           478           445           416           409           368           409           348 
 377           311           314           306           317           264           309           316 
 268           297           291           284           305           331           305           325 
 380           366           357           382           381           426           412           451 
 459           514           520           505           545           537           561           589 
 617           586           629           610           636           662           660           645 
 649           642           619           654           599           597           638           609 
 561           604           560           590           540           541           504           497 
 458           432           434           395           373           363           350           317 
 280           298           285           258           259           250           220           247 
 186           198           189           162           154           141           126           116 
 116           105           100           128           97            102           89            95 
 73            77            86            71            67            66            68            57 
 53            54            57            54            33            39            42            38 
 49            41            45            37            27            28            35            38 
 22            33            32            27            36            29            17            28 
 21            21            19            25            21            21            25            23 
 27            24            21            23            20            20            17            16 
 14            22            22            19            21            28            12            24 
 27            27            21            15            26            22            27            22 
 27            16            16            16            21            21            16            22 
 19            25            21            16            18            25            20            23 
 23            26            26            22            16            29            10            23 
 25            21            19            18            17            18            20            24 
 28            23            25            16            18            21            13            17 
 12            9             23            19            14            18            14            20 
 14            13            21            11            17            18            14            16 
 17            17            27            21            19            19            12            19 
 16            16            19            15            17            11            13            20 
 16            11            20            11            19            19            19            20 
 19            20            17            15            22            17            15            21 
 17            15            14            9             16            19            16            15 
 22            14            21            21            15            14            10            10 
 16            15            9             18            9             18            17            12 
 20            13            10            14            17            9             20            14 
 14            15            14            11            15            21            21            10 
 19            17            10            14            15            15            16            22 
 13            16            13            14            20            20            15            17 
 16            13            19            12            18            11            16            13 
 14            11            20            15            17            10            12            10 
 18            14            14            14            11            8             15            11 
 12            12            10            13            14            13            8             12 
 8             19            10            17            12            10            14            23 
 14            18            12            21            5             13            16            17 
 13            11            15            10            14            12            8             22 
 15            13            17            11            9             12            11            7 
 9             13            11            9             12            8             10            9 
 11            16            10            18            13            9             6             16 
 16            15            12            16            17            12            15            11 
 15            14            7             12            17            10            10            16 
 16            13            14            10            14            12            14            19 
 14            7             17            10            14            12            13            9 
 14            13            10            8             15            5             11            16 
 14            14            15            7             12            12            8             19 
 8             17            18            13            13            15            11            12 
 13            11            16            10            10            12            19            15 
 12            6             11            9             6             10            9             13 
 15            18            8             10            8             8             8             9 
 7             13            13            11            8             11            4             4 
 14            2             10            6             9             13            9             10 
 7             3             4             6             4             8             4             7 
