$SPEC_ID:
bMCA Spectrum
$DATE_MEA:
07-08-2022  08:27:37
$MEAS_TIM:
 53.57         60
$DEVICE_ID:
bMCA 06201013
$ACQ_SETTINGS:
 2             60            1000          4             4095 
$HRDW_PARAMS:
PHA
 800
 3             3276          5 
 7             0             1023 
 80            25            45 
 1             1 
$SPEC_CAL:
-7.930157      2.249046      0
$MCA_CAL:
3
-7.930157      2.249046      0
$ROI:
 267           333           32768         1            137Cs
 46            75            33023         1            57Co
 15            45            255           1            241Am
$DATA:
 0             1023 
 107           145           334           623           1156          2056          3284          5000 
 6530          7768          8090          7638          6755          5975          5700          5725 
 6653          7790          9800          12032         14883         18439         21866         24814 
 26994         27242         25967         23458         20620         18575         17670         17976 
 19949         22803         25040         26384         25097         22144         17301         12133 
 7476          4425          2346          1426          875           815           807           886 
 1019          1233          1479          1746          1971          2072          2246          2254 
 2323          2179          2133          2012          2064          2100          2234          2309 
 2236          2139          1965          1683          1414          1197          936           768 
 590           507           420           325           303           285           252           238 
 231           211           210           252           186           199           173           217 
 205           221           223           203           238           226           225           199 
 213           216           222           215           204           183           229           174 
 194           194           187           171           175           140           178           203 
 181           152           150           166           170           141           155           133 
 143           143           157           153           140           147           131           128 
 138           143           124           126           127           126           127           123 
 117           131           124           112           124           136           112           101 
 128           127           114           116           122           95            121           122 
 122           128           115           105           131           130           121           111 
 108           106           122           107           116           115           103           109 
 107           116           99            114           91            119           107           101 
 91            100           102           103           108           106           116           104 
 112           104           97            117           95            105           102           95 
 112           93            120           117           112           86            99            97 
 110           93            90            114           99            94            99            91 
 71            89            83            66            82            78            63            56 
 53            57            64            48            65            57            57            58 
 59            49            36            37            39            30            39            27 
 32            47            28            29            30            17            28            25 
 17            23            20            23            23            14            21            21 
 18            24            13            14            16            19            17            19 
 15            22            18            23            15            21            26            23 
 24            24            18            26            39            42            41            39 
 64            56            56            63            78            95            104           128 
 138           135           206           185           203           217           278           263 
 299           311           329           326           310           406           395           420 
 426           417           437           446           436           434           439           415 
 380           348           347           396           357           363           343           276 
 263           248           227           211           209           157           178           149 
 143           137           104           93            83            106           75            52 
 53            48            62            37            39            32            42            22 
 33            21            24            19            16            12            14            10 
 17            11            8             5             10            9             8             7 
 7             7             7             6             5             7             1             3 
 4             8             6             5             3             2             5             4 
 2             5             6             5             5             8             4             4 
 4             5             5             2             4             4             0             1 
 8             4             4             3             4             5             1             4 
 3             2             3             8             1             2             2             2 
 1             2             6             7             3             1             6             3 
 1             3             6             6             1             4             4             3 
 3             3             4             6             6             2             4             6 
 4             3             5             4             2             4             5             5 
 1             7             1             1             3             5             2             6 
 1             1             4             2             3             4             4             2 
 2             4             3             1             1             2             1             3 
 3             4             2             0             5             1             7             2 
 5             3             3             3             2             4             2             1 
 3             3             2             2             2             4             5             2 
 2             3             5             5             2             4             2             2 
 4             4             0             0             4             4             2             4 
 3             2             1             3             4             2             3             4 
 4             3             2             1             4             1             5             4 
 5             3             3             3             3             2             3             4 
 0             4             3             3             3             6             2             4 
 4             4             2             1             3             2             4             0 
 3             5             6             4             3             2             3             3 
 4             1             5             2             4             1             1             1 
 1             3             5             0             1             3             2             0 
 1             0             4             1             1             0             3             3 
 1             1             0             2             3             2             2             3 
 1             4             0             4             0             1             1             1 
 3             2             1             3             2             1             2             1 
 5             2             2             2             2             4             4             3 
 3             3             3             1             0             1             0             1 
 5             0             2             3             2             2             2             0 
 1             1             3             2             0             3             1             2 
 2             2             1             0             1             3             1             1 
 0             1             0             2             3             1             0             2 
 2             3             1             0             0             3             0             0 
 2             3             1             0             2             0             2             0 
 3             1             0             1             1             2             3             2 
 1             1             0             1             3             3             0             0 
 0             1             0             1             1             1             1             2 
 1             2             2             1             2             1             0             1 
 0             1             1             1             1             1             0             1 
 0             1             0             3             0             1             1             0 
 1             0             1             1             1             0             0             1 
 0             0             1             1             0             0             0             1 
 0             0             0             0             0             1             0             0 
 0             0             0             0             0             0             1             2 
 0             1             0             0             0             0             1             0 
 0             0             1             0             0             1             0             1 
 0             0             0             1             1             0             1             1 
 0             0             0             1             0             1             0             0 
 0             3             1             0             0             0             0             0 
 0             1             2             0             1             0             0             0 
 0             0             0             0             1             2             0             1 
 3             1             0             0             0             1             0             0 
 0             0             0             1             0             0             0             0 
 0             2             0             1             0             0             0             1 
 0             1             1             1             0             1             1             0 
 0             0             1             0             0             2             0             1 
 0             0             1             0             0             1             0             0 
 0             1             0             0             0             0             1             0 
 0             0             1             1             0             0             0             0 
 0             0             0             0             0             0             0             1 
 0             0             1             0             0             0             0             0 
 0             1             0             0             0             0             1             0 
 0             0             0             0             1             0             0             0 
 0             0             0             0             0             0             0             0 
 0             0             0             0             0             0             0             0 
 0             1             0             0             0             0             0             0 
 1             0             0             0             0             0             0             0 
 0             0             1             0             0             1             0             0 
 0             0             0             0             0             0             0             1 
 0             0             0             1             1             0             0             1 
 0             0             0             0             0             1             0             1 
 0             0             0             0             0             0             0             0 
 0             0             0             0             0             0             0             0 
 0             1             0             0             0             0             0             0 
 0             1             0             1             0             0             0             0 
 0             0             1             0             0             0             0             1 
 0             0             0             0             0             0             0             0 
 1             0             0             0             0             0             1             1 
 0             0             0             0             0             0             1             0 
 0             0             0             0             1             1             0             0 
