$SPEC_ID:
bMCA Spectrum
$DATE_MEA:
07-07-2022  14:21:06
$MEAS_TIM:
 58.325        60
$DEVICE_ID:
bMCA 06201013
$ACQ_SETTINGS:
 2             60            1000          4             4095 
$HRDW_PARAMS:
PHA
 800
 3             3276          5 
 7             0             1023 
 80            25            45 
 1             1 
$SPEC_CAL:
-7.930157      2.249046      0
$MCA_CAL:
3
-7.930157      2.249046      0
$ROI:
 553           618           16711935      1            60Co
 46            75            33023         1            57Co
$DATA:
 0             1023 
 6             6             14            19            46            57            86            102 
 126           160           169           178           188           215           206           205 
 241           256           276           291           307           286           270           309 
 272           259           265           250           280           279           251           329 
 312           363           391           418           464           509           464           474 
 479           509           563           556           609           666           724           899 
 1107          1420          1561          1866          2062          2264          2252          2318 
 2209          2277          2122          2102          2131          2242          2388          2374 
 2348          2176          2043          1798          1469          1293          1000          803 
 646           527           507           416           347           319           293           313 
 284           285           262           289           253           251           282           255 
 280           267           273           287           276           268           274           263 
 265           313           301           308           311           300           324           306 
 311           311           344           363           349           304           324           318 
 299           290           309           337           308           293           305           288 
 308           267           294           291           260           299           272           287 
 266           250           251           254           241           263           229           253 
 224           269           247           249           215           224           242           229 
 226           239           248           208           237           239           234           209 
 245           222           228           224           224           230           205           187 
 207           179           226           215           211           212           201           178 
 202           201           196           229           205           186           195           189 
 185           188           189           192           188           162           187           183 
 184           182           180           183           202           214           189           187 
 188           156           183           153           166           171           162           162 
 175           177           173           168           173           159           162           149 
 169           167           191           172           170           170           183           200 
 166           176           172           166           161           166           162           191 
 171           156           189           167           170           173           154           155 
 180           177           155           169           185           160           172           176 
 172           165           151           167           167           124           169           186 
 148           153           182           153           160           169           171           148 
 176           177           152           168           156           157           163           150 
 149           164           152           151           185           159           158           157 
 179           152           152           177           163           176           156           141 
 160           181           171           172           176           184           167           159 
 154           187           168           147           173           165           173           161 
 161           180           196           163           168           171           183           172 
 183           173           149           191           189           161           163           142 
 181           167           166           180           171           157           166           160 
 166           163           141           181           182           199           174           155 
 195           159           161           181           172           182           191           172 
 185           186           202           188           169           177           163           173 
 171           166           181           190           168           180           190           180 
 173           155           190           155           166           176           198           199 
 192           206           201           199           204           196           193           192 
 198           196           218           223           203           193           212           193 
 191           204           205           183           197           229           207           221 
 204           214           194           230           224           208           205           220 
 229           220           221           229           224           196           204           178 
 241           220           194           225           208           198           203           207 
 179           185           205           190           191           179           169           187 
 170           165           154           190           179           173           168           167 
 154           178           143           162           157           141           161           161 
 137           153           122           151           138           151           156           149 
 135           146           114           135           148           129           133           151 
 139           121           139           152           151           156           127           117 
 129           121           123           116           120           152           132           137 
 120           101           132           119           120           137           126           135 
 118           152           122           131           121           127           134           128 
 109           132           131           140           140           145           137           164 
 132           159           181           215           206           194           223           226 
 254           249           254           253           260           281           286           283 
 285           329           325           338           367           340           315           337 
 368           374           355           390           354           377           384           367 
 357           349           320           315           304           326           316           286 
 282           261           250           257           243           220           273           211 
 214           211           179           161           163           157           151           123 
 129           140           133           135           143           124           119           137 
 132           139           130           119           131           132           141           152 
 149           160           179           154           171           199           165           184 
 226           226           219           235           236           227           231           264 
 277           272           278           299           279           284           269           259 
 282           283           285           300           274           270           306           255 
 228           246           234           226           223           207           201           175 
 172           192           173           140           143           156           154           120 
 132           120           109           128           82            89            95            95 
 71            74            53            67            65            67            46            65 
 40            48            53            38            39            34            31            34 
 38            18            27            21            24            20            31            15 
 23            22            18            17            12            23            17            14 
 13            9             10            13            9             16            12            13 
 12            7             8             13            5             11            12            15 
 12            12            11            6             7             6             6             7 
 11            3             2             9             8             9             6             8 
 15            10            10            8             4             5             6             5 
 11            12            7             5             7             9             19            6 
 3             6             6             11            8             8             5             9 
 11            11            14            7             8             7             3             11 
 7             8             2             7             3             8             6             2 
 9             5             7             8             7             7             6             6 
 7             6             5             3             3             9             8             10 
 7             7             7             5             5             4             5             6 
 6             6             5             6             7             4             4             1 
 6             11            3             3             8             6             5             1 
 5             6             3             9             10            9             7             10 
 4             5             6             6             6             10            4             6 
 6             1             5             2             4             9             5             5 
 7             1             8             6             6             6             5             4 
 5             1             11            6             2             6             6             6 
 5             6             7             3             6             2             3             9 
 7             5             5             4             2             7             5             6 
 4             7             6             8             3             3             5             6 
 6             8             9             6             6             4             4             4 
 2             6             7             5             8             9             9             7 
 5             3             4             5             1             9             7             4 
 2             3             4             6             9             4             8             4 
 6             10            7             5             5             9             5             8 
 2             7             7             5             7             5             4             9 
 6             4             8             2             8             2             5             3 
 2             2             8             4             4             3             5             6 
 1             3             1             2             6             5             4             4 
 5             5             4             1             6             10            3             2 
 3             5             6             3             8             5             2             6 
 5             3             7             6             1             6             8             2 
 6             4             5             2             2             5             8             2 
 2             4             1             4             2             4             5             2 
 5             4             5             3             3             5             6             3 
 3             3             3             6             6             2             3             4 
 5             3             2             4             2             7             3             6 
 2             6             2             2             3             2             6             3 
 6             5             5             2             3             5             4             5 
 5             7             1             3             5             4             4             0 
 4             5             4             4             3             6             1             3 
 0             5             1             1             2             0             2             3 
 4             6             7             2             3             5             4             1 
 1             4             3             2             6             2             1             1 
 2             3             4             5             4             2             2             0 
