$SPEC_ID:
bMCA Spectrum
$DATE_MEA:
07-08-2022  08:33:20
$MEAS_TIM:
 107.16        120
$DEVICE_ID:
bMCA 06201013
$ACQ_SETTINGS:
 2             120           1000          4             4095 
$HRDW_PARAMS:
PHA
 800
 3             3276          5 
 7             0             1023 
 80            25            45 
 1             1 
$SPEC_CAL:
-7.930157      2.249046      0
$MCA_CAL:
3
-7.930157      2.249046      0
$ROI:
 267           333           32768         1            137Cs
 46            75            33023         1            57Co
 15            45            255           1            241Am
$DATA:
 0             1023 
 216           323           659           1212          2399          4253          7032          10259 
 13113         15243         15899         15025         13424         12108         11451         11640 
 13411         16131         20176         25043         31653         38864         45653         51805 
 54759         54171         50682         45272         40324         36280         35101         36157 
 41187         46380         50927         52504         50023         42613         32586         22208 
 13852         7608          4323          2605          1867          1668          1695          1892 
 2225          2762          3159          3708          4030          4327          4493          4406 
 4482          4223          4055          4094          4148          4261          4381          4466 
 4338          4052          3787          3319          2768          2148          1749          1394 
 1049          857           729           639           574           482           471           468 
 464           419           498           448           421           481           436           429 
 463           421           447           449           435           411           428           446 
 407           430           401           421           435           413           367           367 
 355           356           316           349           347           339           358           324 
 361           338           336           313           292           301           311           319 
 301           298           284           303           274           246           285           266 
 263           267           272           266           245           233           251           260 
 265           227           229           235           251           245           246           219 
 236           211           216           225           222           243           246           252 
 243           221           238           204           206           207           226           208 
 265           220           197           193           214           236           226           215 
 175           202           203           213           214           188           223           194 
 184           198           204           203           212           217           233           216 
 201           191           233           197           202           210           198           210 
 214           199           200           205           193           216           185           200 
 173           203           205           171           185           182           167           159 
 165           160           151           131           124           123           111           128 
 105           92            108           96            88            75            79            85 
 79            87            76            78            67            66            48            57 
 55            63            68            58            47            54            56            44 
 41            53            45            46            44            45            34            49 
 43            35            33            46            33            44            48            45 
 34            52            46            50            39            58            46            59 
 62            59            73            58            79            109           97            134 
 127           147           185           200           211           261           268           312 
 338           386           440           461           490           548           520           644 
 667           682           705           771           814           827           847           866 
 874           834           877           830           843           816           848           765 
 762           690           672           679           588           569           533           488 
 465           419           409           347           303           277           252           260 
 211           200           168           151           139           133           115           112 
 88            82            61            75            53            56            41            46 
 47            41            36            34            23            26            19            16 
 20            17            15            16            9             8             9             12 
 13            17            12            13            9             12            9             8 
 6             9             14            4             15            9             10            5 
 6             9             10            5             7             6             7             6 
 7             9             6             7             12            7             7             6 
 9             11            9             5             12            9             7             4 
 10            11            8             12            6             9             9             5 
 5             7             13            5             4             11            8             12 
 8             12            3             9             4             7             11            9 
 12            8             3             8             11            4             5             8 
 7             12            1             6             11            10            9             5 
 11            9             4             11            6             8             4             6 
 6             7             6             9             7             2             10            8 
 8             6             6             5             4             4             8             5 
 4             2             8             7             7             2             11            9 
 8             8             3             7             6             7             1             7 
 5             3             2             4             4             5             5             4 
 7             5             4             3             1             5             4             6 
 4             10            5             8             8             10            7             5 
 7             4             7             9             5             6             4             6 
 1             8             6             7             6             6             11            6 
 10            4             8             8             7             6             4             6 
 5             8             5             7             4             4             6             10 
 8             2             4             3             9             4             10            5 
 1             3             2             8             3             3             3             6 
 6             5             8             3             3             4             3             2 
 7             5             1             5             4             4             3             2 
 8             8             3             1             5             2             4             1 
 4             3             3             3             7             6             0             2 
 4             3             4             2             1             4             4             3 
 3             4             1             6             3             6             5             1 
 4             7             10            5             7             4             4             4 
 4             5             4             1             1             2             3             3 
 7             3             3             2             5             5             3             4 
 4             4             4             5             4             2             6             7 
 4             2             3             3             2             6             6             3 
 5             5             7             8             7             3             6             3 
 5             4             4             8             1             4             8             4 
 5             4             2             1             2             2             3             3 
 6             3             3             2             2             0             3             4 
 4             5             4             3             1             3             3             2 
 2             1             0             3             2             3             3             2 
 0             1             1             2             1             0             3             2 
 0             2             2             2             0             2             0             1 
 0             3             0             1             2             0             0             1 
 4             1             2             1             2             0             1             2 
 1             0             0             1             1             0             1             1 
 0             1             0             1             0             2             0             2 
 0             2             1             1             0             2             0             0 
 1             1             2             0             0             1             1             0 
 1             1             0             0             2             0             1             1 
 0             1             0             0             1             0             2             0 
 0             0             0             1             2             0             0             0 
 2             0             0             0             2             0             1             3 
 0             0             0             3             0             1             0             4 
 0             2             0             1             0             1             1             3 
 0             1             1             0             0             1             1             2 
 0             1             0             2             1             0             1             0 
 0             0             0             0             0             1             0             1 
 0             0             0             0             0             0             0             1 
 0             0             0             0             0             0             0             2 
 0             1             0             0             0             1             1             1 
 1             0             3             0             0             1             1             0 
 0             0             0             0             0             0             0             0 
 0             0             0             0             0             1             0             0 
 0             1             2             0             0             0             0             0 
 2             0             0             1             0             1             0             0 
 0             0             0             0             0             0             0             1 
 0             0             0             0             2             0             1             1 
 0             1             1             0             1             0             0             0 
 2             1             0             0             0             0             0             0 
 0             0             1             1             0             1             0             0 
 0             0             1             1             0             1             1             0 
 0             0             0             0             0             1             1             1 
 1             0             2             2             0             1             0             0 
 0             0             0             0             2             0             1             1 
 0             0             1             0             0             0             0             2 
 0             1             0             1             0             0             0             1 
 2             0             0             0             0             1             2             0 
 0             1             0             0             0             0             0             1 
 0             0             0             0             1             0             0             1 
 0             0             0             0             0             0             2             1 
 0             1             0             3             0             0             0             0 
 0             1             0             0             0             0             0             0 
 0             1             0             0             0             0             0             0 
