$SPEC_ID:
bMCA Spectrum
$DATE_MEA:
07-05-2022  13:03:31
$MEAS_TIM:
 174.805       180
$DEVICE_ID:
bMCA 06201013
$ACQ_SETTINGS:
 2             180           1000          4             4095 
$HRDW_PARAMS:
PHA
 800
 3             3276          5 
 7             0             1023 
 80            25            45 
 1             1 
$SPEC_CAL:
-2.996172      2.07587       2.903056E-04
$MCA_CAL:
3
-2.996172      2.07587       2.903056E-04
$ROI:
 553           618           16711935      1            60Co
 46            75            33023         1            57Co
$DATA:
 0             1023 
 6             20            39            57            104           174           238           331 
 402           428           496           496           505           608           610           615 
 666           754           814           853           874           875           865           892 
 923           877           865           876           874           918           896           1032 
 969           961           1085          1146          1262          1259          1297          1421 
 1358          1464          1563          1525          1665          1853          2028          2367 
 2735          3362          3944          4589          5002          5372          5596          5529 
 5417          5237          4987          5093          5263          5268          5412          5445 
 5439          5203          4862          4217          3648          3017          2520          2010 
 1777          1508          1375          1150          1081          1053          922           921 
 887           887           908           902           939           914           833           927 
 862           893           866           921           861           922           964           950 
 969           1037          1003          1025          1026          994           1070          1072 
 1074          1108          1064          1091          1028          1105          1060          1101 
 1067          1072          1027          1073          1054          1048          1016          975 
 1032          976           994           954           927           938           917           884 
 872           884           856           859           809           828           828           805 
 851           813           817           795           776           789           792           804 
 776           809           831           824           756           738           728           775 
 744           716           654           725           713           691           671           738 
 665           636           684           716           642           655           707           631 
 631           657           648           656           651           670           626           693 
 607           639           648           631           642           582           597           608 
 621           604           594           625           605           555           619           610 
 591           628           600           610           601           607           600           580 
 622           572           617           594           627           593           565           591 
 591           623           556           569           586           570           599           598 
 597           562           541           560           500           565           566           541 
 599           607           530           576           585           570           555           545 
 604           579           563           582           587           554           590           589 
 592           551           578           545           558           551           577           565 
 566           561           531           570           513           565           579           549 
 561           543           538           559           528           587           525           566 
 540           523           578           608           574           556           537           583 
 550           561           574           556           554           561           543           571 
 528           596           545           567           601           598           563           598 
 561           552           568           589           560           619           587           608 
 624           595           589           605           589           622           600           546 
 589           593           603           567           605           613           587           581 
 589           582           536           578           595           577           602           596 
 607           604           622           561           605           627           562           621 
 612           622           630           628           600           623           604           621 
 638           591           606           610           576           586           628           615 
 582           628           636           656           616           633           654           667 
 653           659           627           656           631           659           725           625 
 633           639           637           667           665           666           670           674 
 644           675           693           682           679           699           660           698 
 692           700           741           713           781           724           759           681 
 722           778           696           715           747           685           710           731 
 666           755           721           750           685           713           753           772 
 747           699           737           702           683           700           706           690 
 646           670           648           644           694           635           624           669 
 608           609           587           578           582           593           565           551 
 556           582           584           587           537           531           540           549 
 485           549           490           527           491           504           494           489 
 463           491           462           494           486           466           470           496 
 488           450           483           455           475           458           445           469 
 480           456           454           460           452           457           449           440 
 467           450           421           420           399           477           428           408 
 432           375           446           442           435           423           436           441 
 433           459           438           457           471           465           517           501 
 539           551           563           583           633           648           684           722 
 799           782           814           893           897           980           1039          1023 
 1087          1073          1163          1154          1203          1211          1222          1206 
 1251          1298          1273          1283          1265          1277          1268          1298 
 1253          1189          1162          1170          1164          1106          1042          1028 
 1020          941           934           918           819           772           747           751 
 716           673           689           614           644           541           504           484 
 517           461           447           507           423           399           446           425 
 417           374           416           430           478           448           492           473 
 508           518           602           563           602           642           692           741 
 753           761           786           819           842           889           907           905 
 901           942           914           901           974           996           943           974 
 1046          952           947           1000          997           999           933           912 
 874           874           821           799           780           738           748           687 
 680           614           616           564           540           510           493           466 
 414           416           391           385           333           330           266           260 
 276           257           266           231           192           188           185           175 
 163           152           164           119           137           133           113           126 
 105           117           91            92            80            80            76            82 
 76            68            71            63            68            54            50            49 
 60            50            44            49            54            35            53            41 
 42            47            36            48            25            34            38            31 
 30            31            39            41            33            29            39            29 
 24            34            39            33            39            42            29            33 
 30            35            41            35            32            25            31            39 
 37            26            44            37            25            34            29            26 
 28            34            36            20            29            28            30            25 
 39            22            29            36            23            21            19            29 
 30            26            35            21            28            21            16            37 
 33            32            29            18            28            32            19            25 
 26            33            24            18            31            22            21            21 
 25            27            20            21            27            31            31            25 
 24            30            23            20            26            12            26            27 
 23            19            25            27            34            18            20            14 
 31            19            23            15            24            20            20            21 
 22            29            27            21            24            18            20            18 
 21            17            16            18            23            28            26            25 
 31            20            22            20            26            19            26            22 
 32            22            26            23            17            20            23            16 
 20            24            17            19            28            18            20            19 
 21            24            28            21            24            25            19            14 
 20            16            16            19            24            22            21            18 
 15            20            21            20            25            18            27            26 
 15            25            15            15            15            22            22            25 
 18            25            15            16            15            21            28            18 
 16            22            20            10            20            27            25            24 
 27            21            22            19            26            20            16            20 
 23            19            15            20            21            20            20            20 
 19            13            18            28            10            16            14            17 
 23            16            22            14            23            17            17            20 
 16            17            14            17            19            14            11            18 
 17            30            18            7             18            13            21            19 
 21            21            17            15            25            14            16            23 
 12            24            18            21            13            29            26            17 
 16            12            14            17            24            28            21            15 
 23            20            18            20            16            18            16            23 
 21            18            15            14            23            13            17            17 
 10            18            18            10            12            15            17            26 
 18            19            20            25            16            11            15            18 
 22            13            23            12            20            18            16            16 
 23            24            17            15            21            20            15            17 
 17            13            16            15            19            20            13            20 
 25            22            18            18            16            16            24            18 
 11            12            22            15            14            16            8             15 
 14            17            10            12            12            10            12            10 
 7             9             8             11            7             9             12            7 
 8             9             5             10            9             6             6             9 
