$SPEC_ID:
bMCA Spectrum
$DATE_MEA:
07-08-2022  08:35:21
$MEAS_TIM:
 107.175       120
$DEVICE_ID:
bMCA 06201013
$ACQ_SETTINGS:
 2             120           1000          4             4095 
$HRDW_PARAMS:
PHA
 800
 3             3276          5 
 7             0             1023 
 80            25            45 
 1             1 
$SPEC_CAL:
-7.930157      2.249046      0
$MCA_CAL:
3
-7.930157      2.249046      0
$ROI:
 267           333           32768         1            137Cs
 46            75            33023         1            57Co
 15            45            255           1            241Am
$DATA:
 0             1023 
 205           307           607           1276          2448          4337          7121          10320 
 13386         15300         15613         14823         13700         11989         11334         11739 
 13339         16288         20085         25409         31940         39107         46316         52095 
 54737         54546         50372         45457         40088         36242         34770         37045 
 41098         46266         51130         52155         49239         41866         31414         21792 
 13346         7671          4152          2538          1774          1634          1715          2019 
 2260          2635          3233          3777          4032          4325          4566          4672 
 4363          4207          4048          4072          4186          4176          4383          4611 
 4363          4024          3772          3321          2694          2119          1803          1301 
 1101          850           727           676           559           504           464           428 
 452           447           443           461           433           403           428           463 
 476           410           462           428           474           464           432           459 
 432           425           434           378           366           379           348           411 
 366           368           375           362           364           348           320           370 
 322           293           327           338           359           293           342           279 
 303           271           291           316           308           252           293           265 
 251           204           262           284           254           231           255           264 
 237           244           279           255           271           247           228           254 
 241           281           256           226           225           249           224           226 
 233           192           243           221           224           236           214           193 
 203           218           210           221           199           190           208           224 
 247           229           225           245           198           223           192           188 
 199           210           175           215           201           205           206           216 
 214           206           214           170           189           189           230           224 
 192           250           200           193           199           208           218           198 
 197           199           168           211           184           176           166           165 
 137           176           143           132           133           147           122           119 
 107           122           97            100           84            80            88            90 
 93            76            74            87            69            64            44            64 
 59            65            50            62            58            37            51            36 
 42            42            55            43            42            44            46            41 
 41            33            37            39            40            46            35            32 
 52            53            46            36            43            50            36            59 
 51            77            74            84            80            102           124           131 
 155           154           205           184           210           253           299           304 
 367           432           421           489           527           542           645           660 
 680           681           742           749           772           810           816           876 
 869           886           934           851           784           827           740           757 
 732           682           644           624           588           572           518           482 
 466           382           396           337           262           261           243           225 
 199           179           176           161           128           123           99            96 
 93            72            64            45            46            48            32            44 
 32            25            28            26            21            30            26            15 
 13            20            18            14            10            17            16            18 
 15            12            7             11            5             15            13            7 
 8             14            7             16            13            9             5             13 
 6             5             4             7             15            14            7             8 
 8             7             11            4             13            5             4             14 
 12            3             14            8             8             9             9             6 
 11            10            3             6             6             7             7             7 
 7             10            3             8             9             13            4             8 
 4             8             4             7             8             7             14            6 
 11            5             3             5             5             4             6             7 
 9             8             16            4             6             5             5             5 
 8             9             12            4             8             5             5             6 
 4             5             5             8             6             9             4             10 
 4             7             4             8             2             10            8             1 
 9             7             9             2             4             5             7             4 
 5             9             5             5             0             5             4             6 
 6             4             7             6             5             4             3             3 
 6             8             5             1             5             5             6             0 
 3             6             5             3             9             6             3             5 
 12            11            5             7             6             5             7             6 
 11            8             3             6             8             3             3             2 
 4             1             6             7             4             7             7             2 
 7             3             3             8             4             7             4             6 
 12            3             5             6             1             3             8             3 
 7             5             1             6             6             4             4             8 
 3             5             5             1             3             3             3             1 
 4             6             6             6             4             4             3             2 
 2             3             5             4             2             2             4             4 
 3             2             3             6             1             7             2             4 
 6             2             4             4             4             3             3             4 
 2             2             7             3             6             12            7             4 
 4             4             3             5             5             4             2             4 
 5             1             2             3             6             3             6             2 
 4             3             3             3             3             4             4             5 
 5             1             3             1             4             1             1             9 
 2             4             4             5             1             4             5             5 
 8             3             3             2             3             3             4             4 
 1             5             0             2             5             5             3             5 
 3             3             2             4             7             1             1             4 
 3             1             2             2             3             4             3             6 
 2             4             2             3             1             1             1             1 
 1             2             4             3             0             2             2             1 
 0             0             1             5             0             1             3             1 
 0             2             0             2             1             0             0             3 
 2             1             0             2             0             2             1             2 
 1             3             1             2             1             0             1             0 
 0             1             0             1             1             1             0             0 
 0             2             0             0             1             0             0             2 
 1             1             2             0             1             2             2             1 
 2             1             1             0             0             1             0             0 
 1             0             1             0             0             1             0             0 
 1             0             0             1             0             2             2             0 
 1             1             0             0             0             1             0             0 
 3             2             0             1             1             0             2             0 
 0             1             0             0             1             0             1             0 
 1             1             0             2             1             1             0             0 
 0             2             1             1             1             2             0             0 
 2             0             0             0             0             0             1             0 
 1             0             0             1             0             0             0             0 
 0             0             0             0             1             1             0             1 
 0             0             2             0             0             0             0             2 
 0             0             5             0             0             1             2             1 
 1             2             0             1             0             2             0             0 
 2             0             0             0             0             0             0             0 
 0             2             0             1             0             0             0             1 
 0             1             0             0             0             0             0             0 
 2             1             0             0             1             0             1             0 
 0             1             0             0             1             0             0             0 
 0             0             0             0             1             1             0             0 
 0             0             1             0             0             0             0             1 
 0             0             0             0             0             0             0             0 
 0             1             0             1             0             0             0             0 
 1             2             0             0             0             0             0             0 
 1             1             0             1             0             1             1             0 
 0             0             0             0             2             0             0             1 
 0             0             0             0             0             1             1             0 
 0             0             1             1             0             1             1             1 
 0             0             0             0             0             0             1             0 
 0             1             0             0             0             1             2             0 
 0             0             0             0             0             0             2             1 
 0             1             0             0             0             0             0             0 
 0             0             0             1             1             0             1             0 
 1             0             0             0             1             1             0             0 
 0             0             0             0             0             0             2             0 
 0             1             0             0             0             0             0             0 
