$SPEC_ID:
bMCA Spectrum
$DATE_MEA:
07-08-2022  08:39:23
$MEAS_TIM:
 107.175       120
$DEVICE_ID:
bMCA 06201013
$ACQ_SETTINGS:
 2             120           1000          4             4095 
$HRDW_PARAMS:
PHA
 800
 3             3276          5 
 7             0             1023 
 80            25            45 
 1             1 
$SPEC_CAL:
-7.930157      2.249046      0
$MCA_CAL:
3
-7.930157      2.249046      0
$ROI:
 267           333           32768         1            137Cs
 46            75            33023         1            57Co
 15            45            255           1            241Am
$DATA:
 0             1023 
 192           315           624           1287          2484          4423          7228          10305 
 13360         15466         15441         14817         13439         11978         11307         11851 
 13561         16291         20536         25829         32051         39692         46769         52438 
 54910         54318         50029         44879         39770         36191         34548         36816 
 41576         46496         51345         52611         48769         41410         31437         21247 
 13065         7468          4087          2441          1821          1624          1663          1938 
 2270          2725          3297          3758          4241          4526          4537          4602 
 4261          4242          4094          4082          4051          4412          4327          4415 
 4305          4108          3638          3103          2604          2100          1639          1335 
 1003          836           727           647           536           513           518           452 
 457           448           462           437           458           422           439           445 
 422           460           424           473           453           452           474           446 
 443           446           414           391           409           391           384           421 
 396           358           375           377           393           349           321           341 
 351           300           290           305           305           318           297           301 
 286           284           312           278           259           259           304           285 
 269           258           271           252           264           260           229           265 
 226           253           279           217           248           219           251           244 
 251           253           245           225           228           226           218           244 
 239           224           237           227           227           215           215           211 
 190           240           212           216           198           217           229           217 
 226           237           187           188           210           217           226           188 
 213           204           214           198           204           221           179           201 
 222           211           204           209           206           204           206           202 
 224           217           213           206           192           181           207           182 
 196           211           168           178           169           176           155           173 
 165           152           133           149           129           138           93            118 
 122           95            115           106           86            91            82            68 
 84            63            78            62            78            70            54            63 
 62            57            56            58            57            59            40            40 
 43            39            43            40            44            37            40            49 
 50            46            33            40            35            45            43            40 
 34            39            39            45            52            55            58            42 
 66            64            86            81            84            96            107           125 
 144           197           204           230           241           288           342           333 
 352           443           450           508           504           591           622           667 
 711           732           749           767           807           816           843           862 
 808           847           900           851           877           828           748           736 
 693           643           681           649           586           546           531           463 
 455           405           375           314           302           296           253           217 
 178           172           164           149           114           118           88            81 
 67            85            71            59            57            50            43            49 
 44            27            25            25            19            33            15            16 
 15            20            15            20            11            6             15            8 
 11            20            10            13            10            9             8             11 
 7             7             4             14            11            8             12            10 
 8             3             7             7             8             3             12            14 
 7             11            13            10            9             4             11            14 
 11            8             7             14            6             4             14            3 
 4             10            7             8             10            11            5             5 
 11            7             6             6             8             6             3             10 
 3             10            10            10            5             5             11            16 
 7             5             6             7             11            3             4             7 
 10            7             2             8             6             7             5             9 
 6             7             10            8             7             5             7             7 
 3             7             4             6             5             7             7             6 
 6             4             7             8             8             4             4             4 
 9             7             4             6             8             3             5             7 
 4             6             4             7             2             5             9             4 
 5             7             5             5             7             6             3             3 
 8             5             5             7             2             6             7             7 
 8             6             6             3             6             5             5             8 
 10            11            5             5             7             8             5             4 
 6             13            4             6             7             6             7             6 
 3             9             6             10            7             6             11            6 
 10            9             8             6             5             9             10            3 
 7             9             5             3             7             13            7             4 
 4             7             7             6             7             5             4             3 
 4             5             2             5             4             1             1             8 
 2             6             5             5             3             4             4             5 
 5             4             6             4             8             2             4             0 
 3             2             6             2             3             5             2             4 
 3             3             4             8             6             2             1             5 
 3             5             2             4             3             5             1             4 
 2             7             4             3             4             10            2             2 
 5             5             7             4             4             6             7             1 
 7             0             4             1             2             3             2             3 
 3             5             6             5             4             1             7             6 
 3             2             2             4             2             3             2             5 
 6             3             3             7             2             3             5             4 
 4             7             6             5             3             2             2             4 
 6             1             1             3             5             6             1             4 
 3             4             3             5             3             2             3             3 
 3             3             6             1             2             0             3             1 
 1             0             1             0             1             0             2             3 
 1             2             1             2             0             0             1             1 
 1             1             2             2             0             0             1             1 
 1             1             1             2             0             0             0             2 
 2             1             0             0             0             0             0             2 
 1             0             2             0             0             1             0             1 
 0             1             2             2             2             1             0             0 
 1             0             0             0             1             2             1             0 
 0             1             1             1             2             0             2             0 
 1             0             0             1             3             0             0             1 
 3             1             1             1             1             1             0             1 
 1             3             0             1             1             1             1             0 
 2             0             1             1             0             0             0             0 
 0             0             0             0             0             0             1             2 
 0             0             0             0             1             0             1             0 
 1             0             0             1             0             1             1             2 
 0             0             0             2             0             1             1             1 
 0             2             0             1             0             0             0             0 
 1             0             0             0             1             0             0             1 
 0             0             0             1             2             0             0             0 
 2             0             0             1             1             0             3             0 
 1             0             0             1             0             0             0             0 
 0             0             0             0             0             0             2             0 
 1             0             3             1             0             0             0             0 
 0             0             0             1             1             0             0             1 
 0             0             0             0             0             0             1             1 
 0             0             0             0             0             1             0             0 
 0             0             0             0             1             0             0             0 
 2             1             1             0             0             0             0             1 
 2             1             0             1             1             1             0             1 
 0             0             1             0             1             0             1             1 
 0             0             1             0             1             0             0             0 
 0             0             0             2             1             0             0             0 
 0             0             0             0             0             0             1             0 
 0             0             0             0             0             0             0             0 
 0             1             0             1             0             0             0             0 
 1             0             1             1             1             0             0             2 
 1             0             0             0             0             0             2             0 
 0             0             3             1             0             0             0             0 
 0             0             0             0             1             0             0             0 
 0             0             1             1             0             0             0             0 
 0             0             0             1             3             0             0             0 
 0             0             0             1             2             0             0             0 
 0             1             0             0             0             1             0             1 
