$SPEC_ID:
bMCA Spectrum
$DATE_MEA:
07-05-2022  11:46:24
$MEAS_TIM:
 105.73        120
$DEVICE_ID:
bMCA 06201013
$ACQ_SETTINGS:
 2             120           1000          4             4095 
$HRDW_PARAMS:
PHA
 800
 3             3276          5 
 7             0             1023 
 80            25            45 
 1             1 
$SPEC_CAL:
-2.996172      2.07587       2.903056E-04
$MCA_CAL:
3
-2.996172      2.07587       2.903056E-04
$ROI:
 267           333           32768         1            137Cs
 553           618           16711935      1            60Co
 15            45            255           1            241Am
$DATA:
 0             1023 
 218           330           619           1198          2436          4158          6621          9652 
 12422         14381         14767         13777         12665         11512         11069         11312 
 12776         15140         19061         24199         30757         38134         44858         50065 
 52498         52182         48139         43218         38463         34692         33596         34306 
 37640         41735         46710         48782         47448         42466         34670         24928 
 16238         9763          5564          3213          1941          1508          1228          1176 
 1199          1153          1162          1182          1188          1225          1122          1130 
 1108          1090          1058          980           987           949           976           951 
 927           1016          986           936           948           908           840           778 
 832           791           785           750           833           790           804           830 
 788           794           784           849           816           815           778           863 
 836           837           869           871           825           889           906           958 
 947           949           950           958           962           991           986           979 
 996           992           986           966           1001          1022          962           1013 
 1011          913           932           953           947           886           869           905 
 869           856           856           809           841           781           837           842 
 804           756           770           792           792           762           728           744 
 732           756           695           715           668           700           679           695 
 743           669           672           728           654           662           669           629 
 657           629           651           616           644           628           639           672 
 594           630           639           597           577           603           547           627 
 635           613           619           586           576           632           608           604 
 563           599           552           621           569           609           578           548 
 598           618           574           586           585           576           576           591 
 556           576           569           539           539           537           526           561 
 575           541           550           555           528           552           533           496 
 486           514           499           471           479           515           493           503 
 469           456           411           460           472           447           438           440 
 429           440           443           389           419           425           420           416 
 392           398           431           409           388           408           378           360 
 390           399           432           423           377           375           367           397 
 414           397           383           407           388           410           404           431 
 384           409           394           384           429           401           396           383 
 391           400           400           407           417           415           447           474 
 476           502           480           509           579           571           609           623 
 714           678           718           762           816           830           925           910 
 978           984           1019          1079          1121          1168          1141          1131 
 1153          1100          1191          1150          1200          1084          1131          1101 
 1113          1093          1025          1006          978           996           922           841 
 901           814           746           727           704           689           625           638 
 617           581           519           532           522           506           504           502 
 483           479           441           456           452           449           436           439 
 434           423           407           417           415           416           404           420 
 391           424           437           436           447           442           417           422 
 422           416           429           441           424           436           457           431 
 431           487           498           422           419           420           437           452 
 468           430           468           452           450           444           392           500 
 430           487           471           468           449           457           464           472 
 472           467           490           456           444           488           506           451 
 478           469           518           462           499           485           502           456 
 490           467           475           480           477           495           408           471 
 487           457           421           441           430           451           429           406 
 402           382           424           392           406           433           395           358 
 413           356           379           343           363           332           362           342 
 330           345           348           319           342           343           341           338 
 287           303           311           329           336           296           322           303 
 305           321           288           314           347           326           297           303 
 309           317           289           290           308           290           305           290 
 271           307           268           280           286           283           261           305 
 303           298           268           297           289           283           296           270 
 289           257           309           286           299           311           301           357 
 322           367           390           348           397           446           461           438 
 470           497           494           505           584           601           619           615 
 669           689           732           666           749           757           709           793 
 764           818           779           880           878           815           841           899 
 783           869           794           756           741           721           724           655 
 739           662           647           600           580           574           535           537 
 478           476           396           418           438           384           362           373 
 342           319           303           321           298           303           288           271 
 284           290           292           280           313           310           301           313 
 335           343           395           355           384           397           405           421 
 466           487           506           490           510           576           578           580 
 543           620           590           614           674           615           585           647 
 630           646           702           636           630           615           606           607 
 583           599           584           538           550           537           504           475 
 437           449           396           432           385           377           322           358 
 321           311           315           233           249           253           223           212 
 186           185           182           183           149           166           125           131 
 125           122           115           98            106           101           78            88 
 71            75            64            73            67            75            67            52 
 50            35            50            47            43            33            51            37 
 44            55            37            38            36            28            40            47 
 27            31            29            29            29            29            34            32 
 17            23            36            27            31            21            24            32 
 21            24            26            24            20            24            23            17 
 18            14            31            19            17            22            20            14 
 26            19            24            21            22            30            25            21 
 26            21            22            25            21            33            23            25 
 29            17            23            24            21            25            23            25 
 13            16            21            22            28            17            22            23 
 18            18            19            14            17            18            13            17 
 18            13            22            17            22            28            22            21 
 19            22            13            16            12            16            20            15 
 19            24            22            16            20            16            16            21 
 15            10            16            19            7             13            25            29 
 18            14            22            16            15            16            17            23 
 18            19            16            19            16            12            22            20 
 13            18            18            17            16            18            20            15 
 19            17            14            7             18            12            13            19 
 13            19            12            17            11            17            17            7 
 15            14            16            10            9             15            22            11 
 9             12            17            19            12            25            24            13 
 18            20            22            16            18            13            13            16 
 15            10            19            16            18            15            12            8 
 14            14            11            12            10            14            15            16 
 11            17            12            12            12            18            20            11 
 12            7             13            13            10            8             11            12 
 20            15            11            18            13            15            12            18 
 10            17            14            17            18            22            19            21 
 14            12            16            10            12            12            8             15 
 17            13            6             13            17            11            11            12 
 14            18            4             16            10            9             13            17 
 14            16            4             11            12            12            14            13 
 9             11            10            18            11            16            13            12 
 6             21            10            12            10            10            11            6 
 11            11            14            6             12            11            12            12 
 6             16            16            11            16            19            11            10 
 9             10            16            19            6             14            18            7 
 16            17            11            12            7             12            12            13 
 13            16            16            9             12            14            12            14 
 13            16            10            9             12            14            12            26 
 12            19            11            8             12            13            9             13 
 18            11            9             6             11            11            7             11 
 16            20            7             6             10            12            7             6 
 5             11            13            12            4             10            7             6 
 12            11            8             11            8             7             8             5 
 10            8             10            5             7             5             7             2 
 7             6             2             7             13            6             1             7 
