$SPEC_ID:
bMCA Spectrum
$DATE_MEA:
06-22-2022  11:04:06
$MEAS_TIM:
 178.52        180
$DEVICE_ID:
bMCA 06201013
$ACQ_SETTINGS:
 2             180           1000          4             4095 
$HRDW_PARAMS:
PHA
 800
 3             3276          5 
 7             0             1023 
 80            25            45 
 1             1 
$SPEC_CAL:
-21.61505      2.251173      8.800329E-05
$MCA_CAL:
3
-21.61505      2.251173      8.800329E-05
$ROI:
 45            74            32768         1            57Co
$DATA:
 0             1023 
 1             4             10            14            32            67            86            155 
 180           204           225           218           236           230           227           227 
 228           264           327           337           393           363           410           364 
 329           288           317           308           299           352           353           362 
 398           469           529           596           621           746           769           837 
 811           821           866           918           987           1085          1406          1698 
 2278          2978          3629          4348          5055          5434          5822          5829 
 5690          5578          5274          5183          5508          5638          5734          5979 
 5899          5603          5263          4498          3691          2941          2214          1798 
 1276          1021          743           610           495           418           322           285 
 249           237           211           222           208           202           200           197 
 213           203           170           188           195           180           153           186 
 196           170           167           180           174           161           144           157 
 149           170           160           134           133           141           138           159 
 150           140           132           105           145           131           129           102 
 116           120           116           89            96            101           104           102 
 89            86            95            81            95            91            84            75 
 94            73            91            82            80            80            80            65 
 82            67            70            61            64            71            89            66 
 55            72            54            56            62            63            61            66 
 59            52            59            51            52            51            50            53 
 60            54            52            36            46            68            51            42 
 43            33            47            45            34            37            42            43 
 45            42            39            38            34            34            42            29 
 42            25            34            33            27            28            36            36 
 38            30            31            30            24            39            30            30 
 25            34            28            20            31            32            30            22 
 37            21            36            21            29            14            27            23 
 18            34            36            27            33            34            31            28 
 25            30            27            24            29            22            23            25 
 25            23            20            28            18            28            18            19 
 17            28            26            20            15            21            27            18 
 19            22            20            21            19            26            21            20 
 18            22            28            22            21            21            26            21 
 21            21            29            18            22            33            19            25 
 22            27            21            30            24            16            13            20 
 23            31            27            27            32            29            21            31 
 22            26            33            25            35            33            33            31 
 32            31            22            27            25            17            15            21 
 23            23            11            19            13            22            18            14 
 14            12            15            21            19            15            13            6 
 13            11            10            9             7             12            8             13 
 12            10            10            4             13            16            6             12 
 16            14            10            10            7             12            4             5 
 9             9             11            8             9             8             7             10 
 8             8             12            8             11            6             12            11 
 13            9             13            10            5             11            13            2 
 6             10            5             11            7             7             9             5 
 5             11            11            9             15            4             7             7 
 5             10            15            12            11            6             11            7 
 12            5             10            11            7             4             7             16 
 8             9             14            6             9             15            8             14 
 12            16            13            8             12            7             4             8 
 8             15            11            8             11            7             6             11 
 8             9             11            6             8             6             5             7 
 10            11            5             5             4             5             7             5 
 6             2             12            3             5             9             0             11 
 3             6             5             12            4             5             8             5 
 7             1             10            8             9             8             5             4 
 12            6             10            5             6             8             3             5 
 7             4             5             6             4             4             7             6 
 7             13            8             1             9             7             5             6 
 8             5             8             6             8             9             5             9 
 4             6             7             8             7             3             6             3 
 4             12            4             6             6             8             2             10 
 5             3             9             4             3             4             5             5 
 7             3             3             3             3             2             3             8 
 6             4             4             8             4             7             2             3 
 5             4             4             3             5             7             7             4 
 5             2             3             4             4             5             2             4 
 1             8             2             0             5             9             0             7 
 5             8             0             5             3             4             2             7 
 4             8             4             1             4             3             0             2 
 2             2             2             2             8             2             6             2 
 4             0             4             2             5             6             4             3 
 1             6             6             6             3             4             3             2 
 2             2             2             6             3             3             2             4 
 6             1             3             8             6             3             6             2 
 2             2             7             6             3             8             5             11 
 2             7             6             5             3             6             5             8 
 4             6             5             9             5             5             4             6 
 8             2             8             3             4             10            4             2 
 2             10            4             4             6             4             4             6 
 4             9             5             1             2             4             4             4 
 4             4             4             2             2             1             3             5 
 3             4             2             3             4             1             0             0 
 5             1             1             6             0             2             1             0 
 3             0             2             2             3             1             2             2 
 0             0             2             1             1             1             0             2 
 1             3             0             1             0             4             2             1 
 3             0             1             0             1             0             2             0 
 2             2             2             1             0             0             3             2 
 0             1             1             0             0             1             3             1 
 0             1             0             1             1             2             1             2 
 0             1             1             2             2             0             1             1 
 1             2             0             0             2             2             1             1 
 0             1             2             1             1             2             3             2 
 1             0             1             4             2             1             0             0 
 0             1             2             0             0             1             0             0 
 1             3             1             0             2             2             2             0 
 1             3             0             0             1             2             2             1 
 1             0             1             2             0             1             0             0 
 0             0             1             0             1             1             0             0 
 0             1             1             1             1             2             1             1 
 1             1             0             1             1             0             1             1 
 1             2             1             0             0             0             1             0 
 1             0             0             1             1             0             3             0 
 0             0             0             1             0             0             2             0 
 0             0             0             0             1             1             0             0 
 1             0             0             1             0             0             1             0 
 0             0             1             1             1             0             0             0 
 0             0             0             0             1             0             1             2 
 0             0             1             1             0             1             0             1 
 0             0             0             0             3             0             0             0 
 1             1             1             1             0             0             0             0 
 0             3             0             1             0             0             1             3 
 0             0             0             1             3             1             0             0 
 0             0             1             0             1             0             0             0 
 0             0             0             0             1             1             0             0 
 0             1             0             1             0             1             0             2 
 0             0             0             0             0             0             0             0 
 1             0             0             1             0             1             1             1 
 2             0             2             0             0             0             0             1 
 0             1             2             0             0             0             1             0 
 0             1             0             2             0             0             0             0 
 2             2             2             1             0             1             0             0 
 1             0             0             0             1             0             1             0 
 3             0             0             0             0             0             0             0 
