$SPEC_ID:
bMCA Spectrum
$DATE_MEA:
06-17-2022  09:19:44
$MEAS_TIM:
 59.495        60
$DEVICE_ID:
bMCA 06201013
$ACQ_SETTINGS:
 2             60            1000          4             4095 
$HRDW_PARAMS:
PHA
 800
 3             3277          5 
 7             0             1023 
 80            25            45 
-1            -1 
$SPEC_CAL:
 19.48485      1.975924      3.540608E-04
$MCA_CAL:
3
 19.48485      1.975924      3.540608E-04
$ROI:
 51            70            255           1            57Co
$DATA:
 0             1023 
 1             0             1             7             4             9             30            48 
 54            77            81            73            70            62            71            68 
 75            82            99            100           114           72            95            104 
 104           74            89            66            86            98            94            120 
 115           127           152           165           196           234           251           234 
 241           284           286           332           322           348           392           522 
 682           811           1040          1266          1543          1731          1888          1867 
 1914          1882          1918          1750          1798          1871          1900          1953 
 1988          1920          1875          1666          1458          1151          946           710 
 590           438           346           252           200           161           156           103 
 113           96            69            61            71            95            82            89 
 70            79            79            58            68            75            60            71 
 68            78            48            66            58            55            55            64 
 64            52            54            42            65            50            45            53 
 34            49            54            39            46            38            44            41 
 48            53            43            43            33            42            41            45 
 28            40            43            36            29            44            36            40 
 36            34            28            27            27            28            31            24 
 25            27            25            25            26            33            23            25 
 32            27            28            28            25            27            32            31 
 27            18            16            27            24            19            26            19 
 19            20            19            25            20            21            14            14 
 16            14            14            19            16            12            12            12 
 7             10            18            22            17            21            14            9 
 14            15            15            17            17            13            7             8 
 13            11            14            11            18            13            8             12 
 13            9             13            9             9             10            17            8 
 11            13            12            7             6             7             8             14 
 17            9             11            13            4             11            9             12 
 5             8             12            7             9             6             12            11 
 11            9             11            9             18            5             6             8 
 12            6             11            5             5             7             11            10 
 6             8             9             6             5             9             11            11 
 5             6             9             8             10            8             11            8 
 10            10            6             9             6             11            8             12 
 10            8             13            6             15            1             11            9 
 12            11            10            14            9             8             11            10 
 8             13            12            10            12            9             11            13 
 8             8             8             15            9             9             5             12 
 12            12            8             6             10            8             4             11 
 6             9             10            6             5             5             6             5 
 5             9             2             6             7             1             3             3 
 4             1             2             5             3             6             2             2 
 3             3             1             4             6             4             8             6 
 7             4             4             5             3             5             2             4 
 5             5             7             4             2             2             4             1 
 5             1             4             2             7             0             3             0 
 3             2             1             6             6             4             4             5 
 4             2             4             2             2             1             2             3 
 2             4             6             3             5             2             2             4 
 2             9             0             4             1             0             2             5 
 4             7             2             1             1             0             2             3 
 4             3             5             1             3             3             3             6 
 2             5             6             1             4             0             1             3 
 2             4             2             5             2             2             3             3 
 9             2             0             1             1             2             4             4 
 2             2             3             2             4             3             2             3 
 2             1             6             2             4             3             1             4 
 3             0             5             2             2             5             1             2 
 1             2             1             2             1             4             1             1 
 3             1             2             3             3             2             1             2 
 2             1             0             1             5             2             3             4 
 6             1             4             1             3             1             2             3 
 0             1             1             2             2             6             1             2 
 4             1             1             4             3             1             1             1 
 1             1             2             0             4             0             2             6 
 4             3             0             2             2             2             2             3 
 2             3             4             1             2             4             3             2 
 0             4             1             0             1             2             3             7 
 2             2             2             4             2             1             1             2 
 0             2             2             1             1             2             0             4 
 0             2             2             1             2             2             0             0 
 1             2             1             1             3             3             1             1 
 3             2             0             1             4             0             1             2 
 2             1             2             1             3             0             2             0 
 1             3             2             2             1             2             2             1 
 1             2             1             2             1             2             3             1 
 2             1             0             1             0             0             0             2 
 0             2             1             3             1             0             3             4 
 1             3             1             2             2             1             2             0 
 3             0             3             1             2             1             1             2 
 0             0             2             1             3             1             0             0 
 2             3             2             2             1             3             0             2 
 0             0             1             0             3             1             2             0 
 2             1             0             1             1             0             0             1 
 0             1             3             1             0             2             1             0 
 3             1             0             0             0             0             1             0 
 0             0             0             0             1             0             0             1 
 0             1             0             0             2             0             0             2 
 1             1             1             0             0             0             0             1 
 0             0             0             1             0             1             0             1 
 0             0             0             0             0             0             1             0 
 0             1             0             0             0             0             0             2 
 1             2             2             0             0             0             0             2 
 1             0             1             0             0             0             0             0 
 1             0             0             0             0             0             0             0 
 1             0             0             0             0             0             0             0 
 0             0             1             0             0             0             0             0 
 0             0             0             0             0             2             0             1 
 0             1             0             0             1             0             1             0 
 1             1             0             1             0             0             0             0 
 0             0             0             0             0             0             0             0 
 0             0             0             1             1             0             0             2 
 1             0             0             0             0             0             0             1 
 0             1             0             0             1             0             0             1 
 0             0             0             0             0             0             0             0 
 0             1             0             0             0             0             0             0 
 0             0             0             0             1             1             0             0 
 0             1             1             0             0             0             0             0 
 0             0             0             0             1             0             0             1 
 0             0             0             0             1             1             0             0 
 0             0             0             0             0             0             0             1 
 0             0             0             1             0             0             0             0 
 1             0             0             0             0             1             0             0 
 1             0             1             0             0             1             0             0 
 1             2             1             1             0             0             1             0 
 0             0             1             0             0             0             0             0 
 0             0             0             0             0             0             0             0 
 0             0             0             0             1             0             0             0 
 0             0             1             0             0             0             2             0 
 0             0             0             0             1             0             0             0 
 0             0             0             0             0             0             0             0 
 0             0             0             0             0             0             0             0 
 1             0             0             0             0             0             1             1 
 1             0             0             0             0             2             0             0 
 1             0             0             0             1             1             0             0 
 0             0             0             0             2             0             0             0 
 0             0             0             0             0             0             1             0 
