$SPEC_ID:
bMCA Spectrum
$DATE_MEA:
06-24-2022  09:58:54
$MEAS_TIM:
 59.475        60
$DEVICE_ID:
bMCA 06201013
$ACQ_SETTINGS:
 2             60            1000          4             4095 
$HRDW_PARAMS:
PHA
 790
 3             3276          5 
 7             0             1023 
 80            25            45 
-1            -1 
$SPEC_CAL:
-21.59134      2.380025      1.831466E-04
$MCA_CAL:
3
-21.59134      2.380025      1.831466E-04
$ROI:
 40            70            255           1            57Co
$DATA:
 0             1023 
 4             3             5             11            24            36            37            60 
 84            87            70            65            88            74            84            91 
 91            113           139           119           137           134           116           122 
 91            93            108           123           140           147           153           171 
 212           250           279           291           306           298           309           315 
 377           436           506           635           821           1126          1420          1692 
 1948          2025          2159          2150          1947          2026          1964          1924 
 1980          2152          2189          2194          2134          1966          1732          1354 
 1110          873           678           470           363           278           198           156 
 154           102           113           119           75            74            72            72 
 77            75            72            77            78            70            89            61 
 66            44            59            57            66            57            71            54 
 42            62            53            51            57            60            48            60 
 57            47            39            48            51            50            50            46 
 35            44            35            38            39            41            39            31 
 33            33            35            34            28            29            29            30 
 30            27            31            32            22            20            25            29 
 26            32            30            20            24            25            15            23 
 19            23            14            28            23            26            29            15 
 20            16            25            17            22            12            16            16 
 12            26            20            14            18            11            14            11 
 17            12            16            9             11            20            14            6 
 11            17            9             13            13            12            11            11 
 13            14            9             13            13            6             11            8 
 8             9             5             15            6             14            9             9 
 10            16            10            14            15            8             8             10 
 11            8             11            7             11            8             15            13 
 7             4             13            4             6             11            5             12 
 10            8             7             8             9             6             10            5 
 10            8             7             10            13            8             10            12 
 14            10            8             12            9             8             10            5 
 14            14            9             10            9             5             5             17 
 6             12            8             10            10            13            4             10 
 15            11            15            10            13            9             7             8 
 12            9             8             10            10            9             10            8 
 5             14            6             4             10            10            11            6 
 9             4             9             4             4             4             8             3 
 10            8             4             8             5             6             5             4 
 9             11            5             6             5             1             9             2 
 5             9             7             3             3             3             4             7 
 6             5             7             4             3             4             3             5 
 3             6             3             4             6             6             4             8 
 8             6             0             9             1             5             4             4 
 4             4             2             4             3             3             4             1 
 3             2             8             3             0             6             4             3 
 8             2             4             1             4             2             4             3 
 5             4             3             3             6             3             3             5 
 7             4             2             5             8             5             5             5 
 1             6             4             6             5             6             4             4 
 5             6             4             1             3             3             3             2 
 3             3             3             0             7             2             4             0 
 5             6             3             2             6             3             3             2 
 2             3             1             5             1             6             0             1 
 4             6             3             5             0             2             0             0 
 1             1             3             4             3             2             2             4 
 3             3             2             1             2             0             5             2 
 1             2             1             5             3             4             3             8 
 2             2             2             3             2             6             3             0 
 4             1             2             2             2             2             0             2 
 1             1             2             1             3             3             0             0 
 2             2             3             2             0             3             3             3 
 1             0             1             1             0             3             4             5 
 1             3             2             0             0             2             0             2 
 1             2             4             5             3             1             1             2 
 2             2             2             0             4             2             0             4 
 3             2             2             2             1             2             1             2 
 4             2             2             2             1             3             1             1 
 2             0             2             1             2             1             3             1 
 4             1             0             0             1             1             2             2 
 0             2             2             1             2             2             4             3 
 1             2             1             4             2             0             3             1 
 1             3             0             0             1             3             3             2 
 2             1             0             0             1             2             4             3 
 1             1             2             6             4             1             0             1 
 4             2             0             2             2             3             4             2 
 1             8             3             1             3             4             1             4 
 3             3             0             1             0             0             0             1 
 2             0             2             1             0             0             2             0 
 2             0             1             3             1             0             1             0 
 1             2             1             0             0             0             1             0 
 0             1             1             1             0             0             1             0 
 2             0             2             0             0             0             0             1 
 0             0             0             1             0             1             0             2 
 1             0             0             0             1             0             1             0 
 0             0             1             0             0             0             0             1 
 1             1             0             1             1             0             0             1 
 1             0             0             0             0             0             0             0 
 0             0             0             1             1             0             1             0 
 0             1             1             0             0             0             0             1 
 0             2             0             0             0             0             0             1 
 0             0             0             0             3             0             1             0 
 1             0             0             0             0             0             0             1 
 0             0             0             1             2             0             0             1 
 0             0             0             0             0             0             0             0 
 2             1             0             1             0             0             0             0 
 0             0             0             0             0             1             0             0 
 0             1             3             1             0             0             0             0 
 0             0             0             0             0             0             0             0 
 0             1             0             0             0             0             0             0 
 0             0             1             0             0             0             1             0 
 0             0             0             1             3             0             0             0 
 0             0             0             1             1             1             1             0 
 0             0             0             1             0             0             2             0 
 0             0             0             0             0             0             1             0 
 1             0             0             0             0             0             0             0 
 0             0             0             0             0             0             0             0 
 0             0             0             2             0             0             0             0 
 0             0             3             0             1             0             0             0 
 0             0             0             0             0             0             1             0 
 1             0             0             0             1             0             0             0 
 0             1             2             0             0             0             0             0 
 0             1             0             0             0             0             0             0 
 0             1             0             0             0             0             0             0 
 0             0             1             0             0             0             0             0 
 0             0             0             0             1             1             0             1 
 0             0             0             1             0             0             0             0 
 0             0             0             0             0             0             0             0 
 0             0             0             0             0             0             0             0 
 0             0             2             0             0             1             0             0 
 0             0             1             0             0             0             0             0 
 0             0             0             0             0             0             0             0 
 1             0             0             0             0             0             0             0 
 0             0             0             0             0             0             0             0 
 0             0             0             0             0             1             0             0 
 0             0             0             0             0             1             0             0 
 0             0             0             0             0             0             0             0 
 0             0             0             0             0             0             0             0 
 0             0             0             0             0             0             3             0 
