$SPEC_ID:
bMCA Spectrum
$DATE_MEA:
06-24-2022  09:20:53
$MEAS_TIM:
 237.915       240
$DEVICE_ID:
bMCA 06201013
$ACQ_SETTINGS:
 2             240           1000          4             4095 
$HRDW_PARAMS:
PHA
 810
 3             3276          5 
 7             0             1023 
 80            25            45 
-1            -1 
$SPEC_CAL:
-22.21111      2.09241       9.752878E-05
$MCA_CAL:
3
-22.21111      2.09241       9.752878E-05
$ROI:
 49            79            255           1            57Co
$DATA:
 0             1023 
 22            18            35            45            68            108           140           175 
 238           275           299           310           333           343           333           350 
 340           357           411           458           435           507           450           460 
 403           389           422           378           392           376           358           361 
 415           470           548           530           609           764           813           918 
 975           1060          1101          1116          1172          1188          1283          1372 
 1521          1843          2309          2830          3527          4439          5429          6313 
 7088          7534          7618          7780          7634          7401          7348          7295 
 7283          7789          7840          7972          7978          7427          6834          5759 
 4783          4015          3047          2309          1786          1349          1094          900 
 676           577           479           406           362           300           307           316 
 287           250           276           282           259           254           246           242 
 223           241           205           241           236           242           232           222 
 225           209           208           207           194           216           191           180 
 210           168           183           183           194           193           187           156 
 192           156           159           162           142           145           165           154 
 139           139           131           142           147           128           120           131 
 125           112           115           143           112           119           106           118 
 107           124           111           91            87            107           111           92 
 82            88            97            105           97            98            76            93 
 73            83            92            92            77            83            83            80 
 66            82            81            79            76            104           67            56 
 67            60            89            74            46            65            66            63 
 58            57            60            55            74            63            49            56 
 36            62            50            54            52            55            47            53 
 60            34            49            42            51            51            35            48 
 42            64            46            42            47            34            44            49 
 41            36            40            31            49            31            32            24 
 30            41            37            35            25            47            43            30 
 34            29            34            29            35            36            29            28 
 35            43            30            35            36            42            32            30 
 35            37            31            39            32            27            41            35 
 33            27            32            35            30            28            26            28 
 27            35            24            24            29            27            29            24 
 25            25            24            32            42            33            30            25 
 23            20            25            26            28            29            27            26 
 30            31            29            27            37            19            29            33 
 25            40            34            32            43            36            28            36 
 32            28            39            38            38            34            34            46 
 31            30            37            37            31            32            46            39 
 37            33            38            31            21            27            24            35 
 32            33            31            21            22            24            17            21 
 30            22            22            25            25            23            17            21 
 21            20            19            14            21            14            23            13 
 14            13            19            14            17            11            8             17 
 11            19            6             11            16            8             11            16 
 15            9             14            12            17            9             16            16 
 8             9             13            13            8             12            11            9 
 7             8             10            9             9             14            9             15 
 10            14            11            15            18            11            9             8 
 8             8             15            11            11            12            7             9 
 10            18            6             10            15            14            10            4 
 9             16            17            6             12            11            13            15 
 8             15            13            14            13            5             14            10 
 8             10            13            16            13            10            13            8 
 6             15            19            13            13            19            11            12 
 8             10            10            18            13            13            7             17 
 18            8             11            8             14            9             14            7 
 6             7             7             11            19            14            6             12 
 14            13            8             9             7             7             8             12 
 10            3             14            7             10            4             3             9 
 6             13            8             15            7             7             11            8 
 17            14            6             12            3             12            7             10 
 9             13            6             7             11            5             13            11 
 10            12            7             8             8             5             8             12 
 10            9             7             8             6             8             7             10 
 7             9             7             10            7             8             12            13 
 9             9             2             5             11            10            5             4 
 4             9             8             9             11            6             9             6 
 11            11            6             10            10            5             8             15 
 11            7             4             7             9             3             3             6 
 12            4             10            9             7             7             7             9 
 4             6             5             5             9             9             3             8 
 3             7             8             5             7             7             9             8 
 4             2             7             6             6             5             5             9 
 5             10            7             5             1             8             7             0 
 5             7             2             2             5             6             4             7 
 4             8             8             7             3             6             7             8 
 5             16            4             5             6             4             2             5 
 7             6             5             5             4             2             1             4 
 5             4             6             4             8             2             6             7 
 7             6             8             5             8             9             1             4 
 6             8             6             6             6             10            6             11 
 10            10            6             7             6             11            3             9 
 10            6             11            6             6             10            7             9 
 11            10            8             1             8             5             7             8 
 11            10            10            6             6             7             10            3 
 7             10            6             9             7             7             2             5 
 6             9             7             2             8             3             5             6 
 5             3             5             5             1             3             8             3 
 2             2             4             3             1             5             2             4 
 4             4             3             3             6             1             2             0 
 3             3             2             2             4             2             3             1 
 1             1             2             1             3             2             1             2 
 2             1             4             0             0             4             2             2 
 1             3             3             3             3             3             2             1 
 0             2             1             1             0             1             1             1 
 2             2             2             0             3             1             3             1 
 0             0             2             0             4             0             1             1 
 0             1             0             3             0             1             1             1 
 1             3             4             3             1             3             0             0 
 2             3             2             1             0             0             3             3 
 0             1             2             0             0             0             0             1 
 1             2             0             1             1             3             1             0 
 0             4             1             1             0             1             0             1 
 2             0             1             0             2             1             0             0 
 1             2             1             1             2             0             4             2 
 1             1             2             1             0             3             1             1 
 1             0             0             2             1             1             2             0 
 0             0             1             2             2             1             0             0 
 0             1             0             0             1             3             1             0 
 0             3             1             1             2             1             1             1 
 1             0             2             0             2             1             0             0 
 0             0             0             2             1             0             0             0 
 0             0             2             2             0             0             0             0 
 1             0             1             0             1             1             1             1 
 1             1             0             0             0             1             0             2 
 0             0             0             1             0             0             0             2 
 0             1             0             1             1             0             0             0 
 0             0             0             0             0             0             0             0 
 2             0             2             1             0             0             0             1 
 0             2             0             0             0             1             1             0 
 0             2             0             3             2             0             0             1 
 0             1             1             3             1             1             0             0 
 1             0             1             3             2             0             0             0 
 0             1             0             3             0             0             0             0 
 1             0             0             0             1             0             0             1 
 0             1             1             0             4             3             0             1 
