$SPEC_ID:
bMCA Spectrum
$DATE_MEA:
06-24-2022  09:28:56
$MEAS_TIM:
 237.915       240
$DEVICE_ID:
bMCA 06201013
$ACQ_SETTINGS:
 2             240           1000          4             4095 
$HRDW_PARAMS:
PHA
 810
 3             3276          5 
 7             0             1023 
 80            25            45 
-1            -1 
$SPEC_CAL:
-22.21111      2.09241       9.752878E-05
$MCA_CAL:
3
-22.21111      2.09241       9.752878E-05
$ROI:
 49            79            255           1            57Co
$DATA:
 0             1023 
 14            25            32            61            64            101           115           155 
 221           274           349           343           342           314           333           329 
 347           337           376           389           485           463           459           438 
 451           416           385           360           332           342           348           407 
 415           470           527           585           632           733           807           890 
 952           1047          1137          1080          1154          1262          1245          1414 
 1568          1814          2326          2911          3614          4424          5496          6287 
 6985          7481          7791          7683          7554          7480          7439          7364 
 7578          7758          8023          8250          7948          7521          6845          5885 
 4815          3933          3076          2382          1825          1473          1105          906 
 711           581           499           395           363           329           317           312 
 293           281           257           256           258           264           254           244 
 242           252           198           253           215           248           184           239 
 210           206           226           209           222           201           212           202 
 187           176           174           178           175           178           169           174 
 175           162           154           159           175           160           168           144 
 123           121           144           114           116           124           127           128 
 125           111           112           113           114           100           114           116 
 99            100           112           96            85            101           119           97 
 88            93            98            94            81            87            80            99 
 77            86            82            85            63            77            82            77 
 73            96            77            77            71            73            68            84 
 69            68            80            81            75            64            62            69 
 63            59            65            60            62            51            51            53 
 57            49            55            44            43            48            57            54 
 46            58            51            47            50            45            58            44 
 44            39            44            35            39            42            39            49 
 37            39            41            31            37            38            42            38 
 42            45            29            34            27            41            30            33 
 32            39            39            36            35            26            41            31 
 38            36            22            35            43            28            36            33 
 34            30            23            42            41            33            35            36 
 28            40            29            27            34            24            27            25 
 29            22            27            29            27            26            32            27 
 27            26            27            42            14            25            33            28 
 30            24            35            27            29            22            28            46 
 34            32            26            36            27            33            36            38 
 29            39            20            25            30            27            28            36 
 33            37            33            39            34            37            19            39 
 29            36            36            40            32            28            39            38 
 39            32            28            28            28            28            26            27 
 18            31            23            30            26            17            24            28 
 19            23            19            26            32            15            17            23 
 12            21            19            17            15            17            19            21 
 8             18            19            18            13            10            13            16 
 15            14            12            18            11            18            16            16 
 15            12            13            9             16            11            13            16 
 19            9             11            13            14            12            10            16 
 16            17            12            11            11            16            21            12 
 13            11            13            14            11            12            12            15 
 10            13            11            17            18            7             14            10 
 10            6             14            17            18            10            10            9 
 5             12            12            14            6             8             11            14 
 7             10            9             12            16            10            14            7 
 10            14            14            13            9             9             15            14 
 12            11            15            16            10            15            11            13 
 12            10            15            15            10            14            8             11 
 5             11            12            7             10            13            7             8 
 11            12            13            10            9             9             9             8 
 12            10            10            15            12            9             6             9 
 9             9             7             7             12            5             12            11 
 8             11            9             2             12            8             6             10 
 11            12            11            15            8             9             4             5 
 10            8             8             12            5             9             8             10 
 9             8             8             9             7             11            13            8 
 10            8             8             5             10            17            11            11 
 7             8             8             16            7             3             10            11 
 9             12            9             10            11            10            10            12 
 4             6             5             7             6             8             9             5 
 12            10            10            6             10            10            11            13 
 6             6             6             5             5             5             10            7 
 8             6             8             12            9             10            6             7 
 8             4             11            7             4             5             7             7 
 5             8             2             9             6             6             5             3 
 4             5             7             7             4             6             3             6 
 6             5             8             0             9             15            2             9 
 5             5             7             3             12            4             6             4 
 5             3             2             3             3             4             5             4 
 2             6             4             8             10            6             6             5 
 8             10            5             1             1             4             5             10 
 5             0             5             4             8             5             8             6 
 3             2             7             4             7             5             6             2 
 5             3             9             4             5             10            5             10 
 13            9             5             12            10            9             6             8 
 8             6             6             10            10            9             11            5 
 9             3             10            3             9             7             5             4 
 6             4             9             3             10            6             5             6 
 7             7             9             7             14            1             6             9 
 3             5             7             7             5             8             4             2 
 2             4             4             7             3             2             5             6 
 5             9             2             4             0             2             3             4 
 2             2             5             1             0             6             4             7 
 4             6             1             1             1             4             3             3 
 1             0             0             0             1             3             1             6 
 2             0             2             1             2             1             4             1 
 0             3             1             2             1             5             2             2 
 2             0             1             3             0             0             0             1 
 2             0             4             2             1             0             1             2 
 1             3             1             1             0             3             1             0 
 0             2             1             0             1             0             2             3 
 3             1             2             1             3             4             0             0 
 5             1             1             3             2             1             4             3 
 1             2             0             2             1             1             1             1 
 1             3             2             1             1             2             0             3 
 0             1             2             1             2             1             1             1 
 1             3             2             1             3             0             1             3 
 2             1             1             3             0             0             0             1 
 0             0             2             1             0             2             2             1 
 0             1             1             1             1             0             0             0 
 2             2             0             0             0             1             1             2 
 2             0             0             1             2             2             3             0 
 0             1             0             1             1             1             0             0 
 2             1             2             0             1             3             2             2 
 1             0             0             1             1             2             0             0 
 0             1             2             0             0             1             2             0 
 1             0             0             1             2             0             0             1 
 1             1             1             0             0             0             0             0 
 0             1             0             2             0             0             0             0 
 2             0             1             0             1             0             1             1 
 1             0             0             1             1             1             0             0 
 1             0             1             0             1             1             1             1 
 3             1             2             0             0             1             1             3 
 2             0             0             1             2             1             0             0 
 1             1             1             0             1             0             1             0 
 2             0             2             1             1             0             4             1 
 1             2             1             4             0             1             3             1 
 0             0             0             0             1             1             1             0 
 0             1             0             1             3             0             0             0 
