$SPEC_ID:
bMCA Spectrum
$DATE_MEA:
06-24-2022  10:32:44
$MEAS_TIM:
 118.945       120
$DEVICE_ID:
bMCA 06201013
$ACQ_SETTINGS:
 2             120           1000          4             4095 
$HRDW_PARAMS:
PHA
 790
 3             3276          5 
 7             0             1023 
 80            25            45 
-1            -1 
$SPEC_CAL:
-21.59134      2.380025      1.831466E-04
$MCA_CAL:
3
-21.59134      2.380025      1.831466E-04
$ROI:
 40            70            255           1            57Co
$DATA:
 0             1023 
 6             7             7             26            43            67            96            115 
 152           149           179           157           145           140           162           216 
 191           234           212           267           276           270           223           231 
 198           206           227           224           242           251           330           363 
 398           512           575           534           582           638           652           682 
 722           806           1008          1284          1727          2206          2769          3361 
 3921          4223          4258          4195          4164          3989          3916          3861 
 4104          4261          4342          4321          4274          3893          3398          2827 
 2257          1686          1236          945           675           537           436           325 
 277           226           177           155           149           169           166           165 
 140           164           161           159           126           145           121           123 
 138           135           127           126           115           119           122           108 
 110           113           121           113           109           107           124           113 
 122           96            97            90            102           87            102           79 
 91            83            69            81            79            78            66            69 
 57            78            65            79            58            57            71            64 
 61            53            54            60            65            55            60            47 
 61            51            50            52            54            49            50            34 
 54            45            42            56            53            48            45            40 
 38            33            41            36            40            27            46            32 
 22            34            30            31            24            42            33            21 
 25            32            40            32            25            26            27            26 
 23            31            33            24            29            22            25            24 
 17            21            32            26            32            21            17            22 
 19            29            25            17            16            20            20            24 
 23            21            23            28            13            10            15            19 
 19            24            20            17            31            22            18            11 
 13            23            21            28            20            19            14            20 
 15            11            20            20            13            15            15            9 
 21            12            9             16            19            12            11            16 
 5             15            24            17            14            12            17            16 
 20            25            18            13            21            15            14            20 
 19            20            14            20            24            26            20            13 
 20            18            20            16            18            17            15            23 
 23            19            13            19            21            16            14            25 
 15            18            16            20            15            16            14            15 
 11            22            19            19            13            18            22            12 
 7             15            11            13            12            6             21            9 
 9             8             7             9             7             12            7             8 
 7             9             11            13            8             9             8             6 
 12            11            10            10            7             10            10            6 
 8             4             16            4             6             10            8             6 
 10            8             10            14            6             9             8             7 
 5             14            7             7             10            11            5             5 
 6             5             7             8             7             5             6             7 
 8             10            6             10            6             5             5             9 
 8             5             9             8             8             9             12            4 
 4             11            5             7             7             7             10            10 
 8             5             7             9             2             1             8             3 
 5             2             10            1             8             6             7             5 
 10            7             5             11            7             3             11            9 
 10            7             7             9             4             6             12            4 
 5             10            5             9             2             7             2             5 
 8             6             8             6             2             2             5             6 
 4             8             1             11            4             4             5             6 
 5             8             5             7             2             3             5             5 
 10            1             1             6             6             5             7             2 
 10            3             5             3             11            5             4             7 
 6             4             5             3             5             9             6             5 
 4             4             5             6             10            6             5             5 
 3             7             5             4             4             7             5             3 
 8             1             3             9             6             4             7             4 
 2             3             5             2             5             2             2             2 
 2             3             3             6             3             5             2             7 
 3             4             3             4             5             6             0             5 
 7             4             2             5             2             4             3             5 
 1             4             3             2             2             2             6             1 
 2             2             3             4             5             1             8             5 
 4             4             1             4             4             5             3             2 
 2             2             3             4             5             2             2             2 
 5             6             1             4             3             3             1             3 
 4             2             2             3             5             4             3             2 
 4             3             6             3             5             6             2             3 
 8             4             2             4             7             4             4             5 
 3             8             7             2             2             3             2             5 
 3             6             5             4             4             4             3             2 
 4             4             3             5             3             5             3             4 
 2             0             1             7             6             4             2             1 
 1             5             3             2             5             1             0             5 
 1             1             2             2             2             1             0             1 
 2             2             0             0             0             2             2             2 
 2             2             0             1             1             1             1             0 
 2             1             0             1             1             0             3             3 
 1             0             2             0             0             1             0             1 
 0             0             1             1             0             1             0             0 
 1             1             0             3             2             0             0             0 
 3             0             0             0             1             1             1             0 
 1             0             1             3             2             2             0             0 
 1             0             3             2             1             2             0             0 
 1             1             2             0             1             0             0             1 
 0             2             2             1             0             1             2             1 
 0             3             0             1             1             0             1             2 
 1             0             0             0             0             0             2             1 
 1             0             0             0             0             0             3             0 
 0             1             1             2             0             0             0             0 
 0             3             0             0             0             1             0             1 
 2             0             0             0             0             1             0             0 
 0             1             1             0             1             0             0             0 
 0             0             1             0             1             0             1             0 
 0             1             1             1             0             0             1             0 
 0             1             2             0             0             1             0             0 
 0             1             0             0             0             0             0             1 
 1             0             0             0             0             0             0             1 
 1             0             1             1             1             0             1             1 
 0             1             0             0             0             0             0             2 
 0             2             1             0             0             0             0             0 
 0             0             0             0             1             2             1             0 
 1             0             1             0             0             1             1             2 
 1             0             0             0             0             0             0             1 
 1             0             0             0             0             0             2             1 
 0             1             0             0             0             0             0             0 
 0             2             0             0             1             0             0             0 
 1             0             1             1             1             2             0             0 
 2             0             2             0             0             1             1             0 
 0             1             0             0             0             0             0             1 
 0             0             0             1             1             0             2             0 
 1             0             0             0             0             1             0             1 
 0             0             0             0             0             0             0             0 
 0             0             0             0             1             1             0             0 
 1             0             0             1             0             0             0             0 
 0             0             0             0             0             0             0             0 
 0             0             0             0             0             0             0             1 
 0             0             0             1             0             0             1             0 
 1             0             0             0             1             0             0             1 
 1             0             0             0             0             0             0             1 
 0             0             0             0             1             1             0             1 
 0             1             0             2             0             0             0             0 
 0             0             0             0             0             0             0             0 
