$SPEC_ID:
bMCA Spectrum
$DATE_MEA:
06-17-2022  09:20:46
$MEAS_TIM:
 59.495        60
$DEVICE_ID:
bMCA 06201013
$ACQ_SETTINGS:
 2             60            1000          4             4095 
$HRDW_PARAMS:
PHA
 800
 3             3277          5 
 7             0             1023 
 80            25            45 
-1            -1 
$SPEC_CAL:
 19.48485      1.975924      3.540608E-04
$MCA_CAL:
3
 19.48485      1.975924      3.540608E-04
$ROI:
 51            70            255           1            57Co
$DATA:
 0             1023 
 0             0             3             7             8             22            21            39 
 57            66            67            83            67            83            58            74 
 81            83            94            113           124           109           106           104 
 96            86            80            89            75            94            114           121 
 133           126           135           166           198           241           238           231 
 242           278           310           329           344           324           416           495 
 668           814           1000          1283          1520          1768          1856          1944 
 1942          1923          1834          1788          1844          1853          1925          1997 
 1869          1971          1858          1662          1492          1201          920           716 
 526           431           324           257           189           183           120           128 
 104           84            85            69            98            64            66            67 
 70            68            85            74            70            48            67            62 
 61            71            62            70            69            66            48            62 
 53            62            52            38            57            58            53            46 
 52            46            45            57            57            44            37            45 
 48            42            41            46            45            42            42            32 
 39            32            33            21            35            27            34            27 
 41            31            43            34            27            33            33            34 
 32            33            23            20            25            32            22            24 
 27            24            20            18            19            19            23            26 
 25            23            28            22            17            17            11            15 
 26            24            10            22            23            17            16            18 
 26            19            14            22            21            16            17            16 
 16            11            13            16            15            15            9             14 
 13            8             15            11            18            17            18            19 
 12            17            15            11            13            14            17            12 
 13            15            8             9             11            7             9             9 
 11            11            13            16            10            14            14            12 
 17            8             11            15            12            10            7             8 
 10            7             9             11            5             9             10            8 
 16            11            8             9             8             10            9             4 
 11            5             7             8             7             6             9             8 
 5             8             8             14            10            4             6             8 
 6             6             6             15            7             9             4             10 
 9             7             7             7             6             10            8             9 
 11            5             4             7             6             10            6             6 
 10            8             9             9             11            9             8             14 
 8             6             9             14            7             10            7             8 
 8             13            12            13            10            8             13            14 
 3             10            9             1             8             7             8             8 
 7             7             9             7             6             5             2             5 
 8             2             10            9             3             4             5             1 
 4             4             4             7             4             7             3             3 
 5             8             1             3             4             2             5             3 
 1             2             0             2             2             3             6             7 
 1             3             5             0             2             5             8             2 
 2             7             5             6             2             0             3             2 
 7             6             4             3             2             2             4             4 
 1             1             1             4             1             3             2             3 
 5             3             3             4             0             6             2             2 
 2             2             1             3             3             0             3             1 
 3             2             1             1             3             1             2             1 
 2             4             5             4             2             1             2             6 
 2             4             3             3             4             2             7             4 
 2             3             2             4             3             2             1             5 
 5             0             6             2             5             2             4             3 
 5             1             4             2             1             1             2             3 
 1             3             2             3             1             1             1             1 
 1             2             3             2             1             4             1             5 
 2             2             3             3             1             4             3             4 
 2             1             1             0             0             2             2             1 
 0             2             2             3             5             2             3             1 
 3             1             1             1             1             3             3             4 
 4             1             3             2             4             1             1             5 
 1             4             2             3             3             0             2             3 
 2             2             3             2             4             2             3             2 
 5             0             7             1             5             2             3             1 
 1             3             4             0             3             0             0             3 
 0             1             2             3             1             1             1             3 
 2             0             0             1             1             3             0             1 
 2             1             1             1             0             1             2             0 
 1             1             0             4             0             0             0             1 
 0             2             3             2             1             1             3             3 
 5             2             1             0             0             1             3             2 
 1             1             3             0             1             2             1             1 
 1             1             0             1             1             1             1             2 
 3             2             0             0             5             2             0             0 
 1             4             1             3             2             3             2             1 
 2             0             1             0             3             1             3             1 
 3             3             0             1             1             1             3             4 
 3             4             1             3             2             3             1             3 
 1             5             5             2             4             0             3             5 
 0             1             0             1             1             2             3             3 
 0             2             2             1             0             0             1             1 
 0             1             2             2             3             2             2             2 
 0             2             2             0             1             2             0             1 
 2             0             2             0             0             1             0             0 
 2             0             0             1             0             1             0             0 
 1             0             1             0             0             1             1             0 
 1             1             1             0             0             0             0             0 
 0             0             2             1             0             0             2             0 
 1             0             1             2             2             0             0             0 
 1             0             0             1             0             0             0             1 
 0             0             1             1             0             0             1             1 
 1             0             0             0             0             1             0             0 
 0             0             0             0             0             0             0             0 
 0             0             0             1             1             0             2             0 
 0             0             0             0             0             0             1             0 
 0             0             0             0             1             0             0             0 
 1             0             0             1             1             0             0             0 
 0             0             1             0             0             0             0             1 
 0             0             0             0             0             2             0             0 
 0             0             0             0             0             0             1             0 
 0             1             0             0             0             0             0             0 
 1             0             0             0             0             0             0             0 
 0             0             0             0             0             0             0             0 
 0             0             0             0             0             0             0             1 
 0             1             0             0             0             0             0             0 
 0             0             0             0             0             0             0             0 
 0             0             1             0             0             0             0             0 
 0             0             0             0             0             0             1             0 
 0             1             0             0             0             0             0             0 
 0             1             0             0             0             0             0             1 
 0             0             0             0             0             0             0             1 
 0             0             0             1             0             0             0             0 
 0             0             0             0             0             0             0             0 
 0             0             0             0             0             0             0             1 
 0             2             1             0             0             0             1             0 
 0             0             1             2             0             1             0             1 
 1             0             0             0             0             0             0             0 
 0             0             1             0             0             0             0             0 
 2             0             0             1             0             0             0             2 
 0             0             0             0             1             0             0             1 
 0             0             0             0             1             0             0             1 
 0             0             0             1             1             1             0             1 
 0             0             0             0             0             0             0             0 
 1             0             0             0             0             0             0             0 
 0             0             0             0             0             0             0             0 
