$SPEC_ID:
bMCA Spectrum
$DATE_MEA:
06-24-2022  10:01:57
$MEAS_TIM:
 59.475        60
$DEVICE_ID:
bMCA 06201013
$ACQ_SETTINGS:
 2             60            1000          4             4095 
$HRDW_PARAMS:
PHA
 790
 3             3276          5 
 7             0             1023 
 80            25            45 
-1            -1 
$SPEC_CAL:
-21.59134      2.380025      1.831466E-04
$MCA_CAL:
3
-21.59134      2.380025      1.831466E-04
$ROI:
 40            70            255           1            57Co
$DATA:
 0             1023 
 2             5             10            16            17            36            49            57 
 79            78            93            71            77            85            92            91 
 115           101           138           130           132           120           135           126 
 98            111           85            115           130           125           157           184 
 203           229           295           280           316           275           322           348 
 370           447           550           701           884           1163          1388          1759 
 1931          2087          2176          2116          2024          1888          1919          2023 
 1927          2082          2184          2211          2136          1909          1635          1352 
 1082          856           638           447           346           287           201           163 
 112           105           80            96            81            63            68            88 
 91            67            67            70            83            64            78            79 
 60            68            56            64            42            54            74            64 
 61            57            46            55            67            44            48            44 
 44            40            49            45            45            48            50            43 
 37            45            37            47            37            42            33            43 
 29            26            32            33            29            31            32            28 
 23            32            35            15            32            31            34            19 
 37            30            26            28            28            30            17            26 
 20            19            19            16            31            21            25            24 
 17            18            16            20            22            16            22            22 
 24            13            20            10            20            20            13            16 
 12            15            27            11            16            16            14            15 
 12            16            12            13            20            8             17            6 
 14            13            9             6             14            11            10            14 
 9             14            20            16            19            9             13            12 
 15            11            15            12            8             5             11            12 
 17            8             12            11            10            5             11            9 
 6             11            11            13            7             9             8             12 
 8             15            12            11            7             6             12            3 
 9             8             5             7             8             7             9             5 
 10            14            8             9             5             10            14            5 
 9             5             4             6             17            7             13            7 
 5             10            8             6             10            9             7             10 
 14            14            12            15            10            6             9             9 
 12            13            10            10            7             9             10            7 
 7             9             8             5             6             9             11            12 
 7             7             6             10            5             4             2             5 
 7             5             8             4             6             7             8             4 
 4             5             7             6             4             7             3             5 
 3             3             3             5             5             3             4             8 
 4             3             2             5             3             3             5             3 
 3             1             3             4             4             3             2             3 
 9             8             3             3             7             2             3             2 
 2             14            1             2             5             5             4             5 
 5             2             5             3             4             2             0             2 
 1             6             6             2             4             6             3             3 
 4             6             9             0             4             4             3             3 
 3             3             4             1             3             2             5             2 
 1             4             4             3             3             4             3             3 
 1             4             2             1             3             5             0             4 
 1             2             4             1             2             2             7             2 
 3             5             3             1             3             0             1             4 
 2             1             3             1             4             2             4             1 
 4             7             6             4             2             2             2             3 
 1             4             0             0             0             1             2             5 
 1             3             3             4             4             2             2             2 
 1             3             1             3             2             2             4             1 
 1             4             5             1             1             1             4             1 
 3             6             4             2             1             4             0             5 
 3             0             1             2             4             4             1             2 
 1             1             3             2             2             6             1             3 
 4             1             5             1             1             1             4             4 
 2             2             6             1             1             5             1             3 
 2             3             5             0             3             6             3             4 
 2             1             1             1             1             3             0             3 
 1             2             3             1             3             0             3             2 
 4             2             1             4             2             0             0             5 
 2             1             1             0             1             4             3             3 
 1             2             1             0             3             0             1             2 
 2             1             3             0             4             1             1             0 
 2             1             0             1             0             2             3             2 
 1             1             0             1             2             0             0             0 
 1             1             2             2             4             5             1             2 
 0             1             4             7             1             2             1             3 
 0             1             0             3             0             2             0             0 
 2             2             1             3             0             5             2             1 
 3             1             1             3             3             0             1             2 
 0             1             3             3             0             1             1             5 
 1             1             0             2             2             1             1             0 
 2             0             0             1             0             1             1             0 
 0             1             1             3             2             0             0             0 
 0             0             0             1             1             0             0             0 
 0             0             0             0             2             1             0             0 
 0             0             0             1             0             1             1             1 
 2             1             1             2             0             1             1             1 
 1             0             0             0             0             1             0             0 
 0             1             0             0             0             0             0             0 
 0             1             0             0             0             1             0             2 
 0             0             0             0             1             0             0             0 
 2             1             0             0             1             0             1             0 
 1             0             1             0             0             1             1             0 
 1             0             0             0             0             0             0             1 
 2             0             0             0             0             0             1             0 
 0             0             0             0             0             0             0             0 
 0             0             0             0             0             1             0             0 
 2             0             1             0             0             0             1             1 
 0             0             0             0             0             0             0             0 
 0             0             0             0             0             0             0             0 
 0             0             0             0             1             0             0             0 
 0             0             0             1             0             0             1             1 
 0             1             0             0             0             0             0             0 
 1             1             0             0             0             1             1             0 
 0             0             0             0             0             0             0             0 
 0             0             0             0             1             1             0             0 
 0             1             0             0             0             0             0             1 
 0             0             0             0             0             0             0             0 
 1             0             0             0             1             1             1             0 
 0             1             0             2             0             0             0             0 
 1             0             0             0             1             0             1             0 
 2             0             0             0             0             0             0             0 
 0             1             1             0             0             0             0             0 
 0             0             0             0             0             1             1             0 
 0             0             2             0             0             0             0             1 
 0             0             0             0             0             0             0             0 
 0             2             0             0             0             0             0             0 
 1             0             0             0             0             0             1             0 
 0             0             0             1             1             0             0             0 
 0             1             0             1             0             0             0             0 
 0             1             0             0             0             0             0             0 
 0             0             0             0             0             0             0             0 
 0             0             0             0             0             1             0             0 
 0             0             0             0             0             1             0             0 
 0             0             0             0             0             0             0             0 
 0             0             0             0             0             0             0             0 
 0             0             0             1             0             0             0             0 
 0             0             0             0             0             0             0             0 
 0             0             0             0             0             0             0             0 
 0             0             0             0             0             0             0             0 
