$SPEC_ID:
bMCA Spectrum
$DATE_MEA:
06-24-2022  09:00:47
$MEAS_TIM:
 237.895       240
$DEVICE_ID:
bMCA 06201013
$ACQ_SETTINGS:
 2             240           1000          4             4095 
$HRDW_PARAMS:
PHA
 810
 3             3276          5 
 7             0             1023 
 80            25            45 
-1            -1 
$SPEC_CAL:
-22.21111      2.09241       9.752878E-05
$MCA_CAL:
3
-22.21111      2.09241       9.752878E-05
$ROI:
 49            79            255           1            57Co
$DATA:
 0             1023 
 11            29            37            46            61            93            150           179 
 239           294           345           338           323           307           351           361 
 324           369           418           412           439           420           497           470 
 398           380           370           347           344           336           366           376 
 424           452           481           561           612           749           790           922 
 922           1089          1096          1109          1127          1218          1253          1354 
 1430          1803          2205          2831          3714          4427          5293          6227 
 7048          7632          7734          7701          7664          7440          7450          7461 
 7588          7809          7913          8173          8147          7574          6911          6010 
 5032          4088          3092          2372          1831          1430          1047          899 
 687           580           466           458           359           301           293           282 
 269           264           280           264           265           257           251           252 
 217           234           240           219           251           221           247           235 
 233           227           216           226           214           248           205           198 
 193           193           191           190           173           195           161           201 
 181           155           175           144           141           159           154           150 
 162           142           127           158           159           144           111           115 
 128           109           117           117           119           107           109           106 
 129           97            113           117           103           109           88            101 
 98            98            88            104           89            90            78            78 
 94            76            73            100           84            74            68            95 
 75            74            89            79            89            84            56            86 
 65            85            60            76            70            70            57            60 
 52            55            65            58            54            46            63            64 
 66            43            56            50            45            64            52            47 
 46            55            46            45            49            35            44            51 
 36            35            41            47            44            34            38            40 
 39            37            40            35            48            35            40            40 
 43            38            30            41            39            43            44            43 
 34            29            34            37            39            28            31            33 
 43            42            39            36            35            35            37            37 
 39            35            37            41            26            27            35            27 
 37            29            27            29            38            21            22            28 
 32            28            30            19            36            25            27            23 
 36            35            30            30            37            33            35            42 
 30            33            29            29            24            29            30            26 
 40            30            35            32            23            38            30            23 
 29            34            37            36            26            29            38            27 
 43            29            35            31            37            28            36            30 
 41            24            25            41            40            47            32            24 
 34            31            25            33            40            31            30            28 
 31            21            27            27            29            24            29            25 
 21            22            25            27            26            19            13            16 
 18            16            14            18            10            17            13            20 
 10            18            21            17            12            12            12            18 
 11            17            9             13            13            15            10            10 
 14            15            16            9             18            11            12            18 
 10            12            16            16            5             12            16            15 
 11            14            11            7             10            10            10            12 
 14            15            18            13            16            9             16            18 
 17            10            9             14            10            9             9             13 
 18            10            10            16            11            14            12            13 
 19            10            15            9             6             5             12            12 
 11            20            10            10            16            18            13            21 
 10            8             14            14            15            17            15            18 
 9             9             13            14            16            12            11            11 
 15            16            10            11            9             15            13            12 
 11            12            21            14            4             16            11            11 
 14            8             14            13            8             17            7             13 
 7             11            12            7             11            7             5             13 
 12            6             12            7             10            4             6             5 
 9             8             8             8             6             13            10            5 
 4             7             10            6             10            8             8             5 
 7             8             9             13            5             11            8             9 
 8             7             7             10            11            5             9             5 
 6             8             7             8             10            6             9             10 
 9             11            10            9             12            6             14            7 
 13            9             3             6             11            10            12            12 
 8             9             9             6             8             7             7             9 
 11            7             8             9             16            15            8             11 
 12            14            10            6             11            8             12            6 
 6             11            6             2             12            8             7             7 
 5             8             6             10            5             1             7             6 
 8             6             8             6             8             6             9             4 
 2             7             4             4             8             3             12            2 
 6             8             6             7             9             8             7             7 
 4             3             4             10            4             7             8             3 
 7             5             5             8             4             10            4             3 
 4             9             10            2             5             4             2             3 
 10            9             7             7             5             6             3             3 
 7             9             4             9             5             2             5             6 
 10            9             4             9             5             9             7             5 
 8             6             6             4             6             5             3             7 
 7             5             8             7             10            8             4             4 
 9             7             5             5             11            7             9             9 
 7             6             13            7             12            9             8             14 
 4             7             10            3             9             9             11            2 
 5             8             7             5             6             11            4             6 
 3             3             2             7             6             9             7             4 
 8             4             2             0             4             6             3             4 
 4             7             5             5             3             4             3             4 
 3             2             5             3             3             1             0             3 
 3             3             3             2             2             5             2             4 
 4             0             3             3             1             4             1             2 
 3             3             1             0             4             2             2             1 
 2             1             1             3             1             2             1             1 
 0             1             0             0             1             4             1             1 
 2             0             0             1             1             2             1             1 
 0             2             1             0             3             0             0             3 
 1             2             1             1             1             1             2             3 
 1             2             1             0             7             0             0             3 
 1             3             0             2             2             4             3             2 
 1             2             1             2             1             1             1             2 
 4             2             1             1             1             2             2             3 
 2             2             1             2             0             1             2             1 
 0             3             2             2             1             2             0             1 
 2             3             3             0             1             1             1             1 
 1             1             1             1             4             1             1             1 
 1             1             2             0             2             2             1             3 
 1             0             2             0             0             2             0             3 
 3             0             1             1             2             1             2             1 
 1             1             0             1             0             1             1             0 
 1             2             1             1             2             3             3             0 
 1             1             1             1             1             0             1             0 
 1             2             1             1             2             1             2             2 
 0             0             0             1             0             0             0             0 
 3             0             0             0             0             0             1             3 
 0             1             1             0             0             0             0             1 
 0             1             1             0             0             0             0             0 
 1             0             1             1             0             1             0             0 
 0             0             0             0             1             0             0             1 
 0             1             0             0             3             1             0             1 
 1             1             1             0             1             0             1             0 
 1             2             0             1             0             1             1             2 
 0             0             0             1             0             0             0             1 
 0             1             1             0             0             1             0             1 
 0             2             0             0             1             1             2             1 
 2             1             1             1             0             0             3             2 
