$SPEC_ID:
bMCA Spectrum
$DATE_MEA:
06-22-2022  10:45:59
$MEAS_TIM:
 178.48        180
$DEVICE_ID:
bMCA 06201013
$ACQ_SETTINGS:
 2             180           1000          4             4095 
$HRDW_PARAMS:
PHA
 800
 3             3276          5 
 7             0             1023 
 80            25            45 
 1             1 
$SPEC_CAL:
-21.61505      2.251173      8.800329E-05
$MCA_CAL:
3
-21.61505      2.251173      8.800329E-05
$ROI:
 45            74            32768         1            57Co
$DATA:
 0             1023 
 2             2             6             19            22            57            127           134 
 171           245           187           222           231           223           251           243 
 260           290           303           377           387           357           384           361 
 324           333           280           309           355           329           330           351 
 398           447           498           604           686           749           767           829 
 812           830           856           954           969           1195          1402          1688 
 2148          2921          3648          4442          5023          5444          5775          5829 
 5692          5534          5393          5512          5465          5694          5730          5925 
 5974          5702          5197          4553          3718          3060          2306          1781 
 1322          1027          774           636           501           420           348           293 
 253           296           261           219           252           247           179           212 
 195           209           213           198           213           194           209           195 
 197           182           211           178           190           172           183           167 
 173           172           153           167           149           139           163           160 
 138           135           140           147           152           142           137           137 
 130           125           125           107           125           114           100           119 
 114           130           100           89            106           113           95            104 
 93            106           87            102           80            79            82            83 
 85            71            91            84            68            87            80            87 
 67            79            72            68            80            62            77            79 
 84            84            65            65            70            58            52            56 
 68            74            61            65            56            60            61            63 
 53            57            53            40            48            48            50            43 
 43            57            48            44            61            45            39            44 
 48            52            45            41            39            43            45            35 
 30            28            41            36            45            38            36            32 
 51            35            39            30            27            35            24            35 
 30            36            34            41            39            27            32            32 
 27            35            32            34            29            33            32            29 
 29            35            28            36            32            36            29            25 
 24            30            25            41            34            30            29            25 
 26            29            27            24            18            30            30            33 
 30            23            28            24            36            19            32            25 
 26            29            27            25            25            32            43            25 
 29            26            32            34            42            34            24            29 
 31            35            39            36            27            32            38            34 
 32            28            24            40            49            35            44            37 
 35            44            32            35            32            38            36            45 
 33            46            37            20            25            32            36            39 
 26            27            22            24            24            29            20            25 
 29            20            22            13            15            17            19            27 
 9             16            21            18            9             17            18            13 
 20            14            15            12            23            11            18            12 
 19            11            15            14            13            13            10            20 
 11            18            12            8             14            13            13            15 
 14            15            13            9             13            16            7             17 
 20            12            17            13            11            17            9             7 
 8             14            7             15            8             8             12            12 
 12            16            9             14            4             10            17            8 
 9             11            11            10            11            13            12            13 
 5             16            14            16            15            13            14            14 
 13            11            12            10            11            9             7             16 
 12            14            11            13            9             12            16            14 
 9             13            21            15            8             6             9             11 
 16            15            12            10            6             10            11            7 
 8             12            11            7             10            6             15            19 
 8             12            10            9             7             10            12            11 
 12            5             12            12            11            7             7             8 
 13            5             2             12            8             7             9             15 
 7             10            6             16            8             5             9             7 
 10            8             10            8             6             7             6             5 
 8             11            13            8             9             10            8             15 
 9             14            11            5             5             10            9             11 
 13            15            12            7             15            13            15            7 
 12            7             6             8             8             23            11            9 
 14            13            18            9             13            11            7             13 
 12            12            15            9             13            12            8             10 
 2             8             6             5             12            8             10            13 
 9             5             5             2             4             3             5             9 
 13            8             8             2             4             4             1             5 
 4             10            3             4             5             4             6             6 
 11            6             10            9             10            6             9             7 
 8             5             6             9             5             9             7             6 
 7             7             9             6             16            6             4             1 
 7             12            4             11            9             6             8             7 
 10            5             8             7             4             8             4             11 
 8             6             3             7             4             11            6             4 
 7             5             13            9             7             3             3             7 
 5             9             4             9             8             5             10            4 
 9             3             9             7             4             13            7             11 
 6             6             5             6             6             9             7             4 
 7             4             8             5             3             1             3             11 
 8             5             2             5             2             3             6             2 
 6             8             4             3             4             6             3             4 
 3             1             3             1             4             2             2             3 
 4             3             2             2             5             2             4             2 
 4             3             0             3             3             3             9             1 
 2             2             3             3             1             1             3             0 
 3             1             0             1             1             2             1             2 
 1             2             3             2             3             0             1             2 
 1             2             0             1             0             0             3             1 
 0             2             0             1             1             1             3             0 
 1             2             3             1             1             1             0             0 
 0             0             1             0             2             0             0             0 
 0             3             1             0             1             2             1             1 
 0             1             0             1             1             2             0             0 
 1             2             1             1             0             0             0             2 
 0             0             2             2             0             1             3             2 
 1             0             1             0             1             0             3             2 
 0             1             1             2             1             1             1             1 
 0             0             0             0             2             0             0             1 
 4             0             0             1             2             2             0             1 
 2             0             1             1             1             1             0             3 
 0             1             1             0             2             0             1             0 
 0             0             0             0             0             0             0             0 
 0             1             0             0             0             0             1             0 
 2             0             1             0             0             1             1             0 
 0             1             1             1             0             0             1             1 
 1             0             0             0             1             1             0             0 
 0             0             0             1             0             0             0             1 
 0             0             2             0             0             0             1             1 
 0             0             0             0             2             5             1             1 
 0             0             1             3             0             2             1             1 
 0             0             0             2             0             0             0             0 
 0             1             0             2             1             0             1             2 
 0             0             0             0             1             0             2             0 
 1             0             0             1             1             1             1             1 
 0             2             1             1             2             1             0             1 
 1             0             1             1             0             0             0             0 
 2             1             0             0             0             2             0             1 
 0             1             1             2             2             0             2             1 
 2             0             0             0             0             0             1             1 
 0             2             0             1             0             2             0             0 
 1             0             1             0             0             1             1             1 
 0             0             1             1             0             1             0             1 
 1             2             0             3             1             0             0             1 
 1             0             1             0             0             1             0             0 
 0             0             1             0             0             0             0             2 
