$SPEC_ID:
bMCA Spectrum
$DATE_MEA:
06-17-2022  09:18:43
$MEAS_TIM:
 59.495        60
$DEVICE_ID:
bMCA 06201013
$ACQ_SETTINGS:
 2             60            1000          4             4095 
$HRDW_PARAMS:
PHA
 800
 3             3277          5 
 7             0             1023 
 80            25            45 
-1            -1 
$SPEC_CAL:
 19.48485      1.975924      3.540608E-04
$MCA_CAL:
3
 19.48485      1.975924      3.540608E-04
$ROI:
 51            70            255           1            57Co
$DATA:
 0             1023 
 1             2             1             8             12            23            31            32 
 35            82            65            74            75            69            74            73 
 81            84            103           98            128           97            94            83 
 90            87            108           75            86            104           85            105 
 127           122           164           181           210           207           236           233 
 268           274           305           326           328           310           436           556 
 628           851           1019          1312          1538          1705          1919          1933 
 1941          1852          1884          1825          1785          1903          1908          2016 
 2056          2004          1859          1674          1444          1211          901           724 
 568           406           321           255           211           173           106           108 
 85            87            93            81            85            60            63            60 
 72            65            77            68            64            62            79            74 
 72            52            65            51            60            70            74            57 
 73            59            71            55            59            53            60            38 
 48            52            47            51            45            49            47            43 
 44            39            44            43            49            38            41            39 
 33            42            37            38            40            35            31            34 
 27            27            25            30            29            23            28            29 
 26            21            30            22            27            29            28            35 
 30            22            30            30            29            25            21            26 
 22            25            19            21            26            19            18            14 
 24            20            23            16            33            22            26            18 
 23            12            18            17            17            19            11            8 
 22            14            15            14            15            8             12            18 
 8             14            16            11            6             15            12            12 
 8             10            10            15            9             10            5             15 
 14            6             9             7             12            13            12            7 
 12            9             7             18            9             9             8             7 
 10            7             7             13            15            7             10            6 
 9             13            11            7             9             15            7             8 
 10            7             7             11            7             9             5             5 
 9             9             7             13            8             9             6             9 
 8             7             13            10            4             5             9             11 
 7             15            11            9             8             14            7             14 
 14            10            8             11            12            10            13            9 
 13            5             5             9             9             7             10            7 
 2             6             10            16            7             11            10            9 
 14            18            13            7             3             8             11            8 
 14            10            8             12            7             9             8             15 
 11            13            11            7             9             6             5             9 
 10            6             4             1             5             3             2             3 
 3             6             4             4             9             3             3             1 
 5             6             0             2             6             6             2             4 
 2             4             7             7             8             4             5             4 
 3             5             6             2             2             6             3             2 
 5             3             2             6             2             3             1             2 
 6             6             3             1             2             2             3             7 
 5             7             3             2             2             2             4             5 
 3             7             2             2             8             5             2             3 
 4             2             3             5             4             4             6             4 
 4             2             6             5             6             2             5             5 
 5             8             4             1             3             3             3             2 
 6             3             2             1             2             3             2             1 
 2             3             1             5             1             1             4             4 
 3             1             3             4             2             3             1             4 
 6             3             2             2             2             2             1             1 
 4             3             0             2             2             2             2             2 
 2             2             4             2             4             4             1             2 
 2             2             4             2             2             0             5             7 
 2             3             1             2             2             1             0             1 
 1             2             1             2             1             2             5             1 
 2             2             5             2             3             2             3             1 
 1             2             1             2             4             2             0             0 
 3             2             4             4             1             3             5             4 
 3             3             4             3             1             2             1             5 
 3             4             3             2             2             1             0             1 
 2             3             3             2             3             0             1             2 
 2             2             5             0             0             4             2             4 
 3             0             1             3             0             1             2             3 
 0             2             1             2             0             2             2             2 
 2             2             0             2             0             2             2             2 
 0             1             3             2             1             5             1             1 
 4             2             4             2             1             2             0             0 
 0             1             1             0             0             2             0             0 
 1             1             5             2             1             1             3             1 
 2             5             2             0             1             1             0             1 
 1             3             1             4             1             1             0             1 
 3             4             4             0             2             1             2             4 
 1             1             1             2             4             0             4             1 
 2             2             1             2             3             1             2             2 
 2             4             0             3             5             0             2             1 
 1             1             5             3             0             0             6             2 
 2             2             2             2             1             0             2             1 
 1             0             2             2             2             2             1             0 
 1             1             1             3             0             1             1             4 
 2             0             1             0             3             2             0             1 
 0             1             1             3             0             0             0             0 
 1             0             1             0             1             0             1             1 
 1             1             0             1             1             1             2             0 
 0             0             1             0             0             0             0             0 
 1             0             0             0             0             0             1             0 
 1             1             0             0             1             0             0             0 
 0             0             0             1             0             0             0             1 
 0             0             0             0             0             0             0             0 
 0             0             0             0             0             1             0             1 
 0             0             0             0             0             0             0             0 
 0             0             1             2             0             1             0             0 
 0             0             0             1             1             1             0             0 
 0             0             0             0             0             1             1             1 
 0             0             0             2             0             1             0             1 
 0             0             0             0             1             0             0             0 
 2             0             0             0             0             0             0             0 
 0             1             2             0             0             0             0             0 
 0             0             1             0             0             0             0             0 
 0             0             0             0             0             1             0             0 
 1             0             0             1             0             1             0             0 
 0             0             1             0             0             1             0             0 
 0             0             0             0             0             0             1             0 
 0             0             0             0             0             0             0             0 
 0             0             0             0             1             1             0             0 
 0             0             0             1             0             0             0             0 
 0             0             0             1             0             0             0             1 
 0             0             1             0             0             0             0             1 
 0             1             1             0             0             0             0             0 
 0             1             0             0             0             0             0             0 
 0             2             0             0             0             1             0             0 
 0             0             1             0             0             0             1             0 
 0             0             0             0             0             0             0             1 
 0             0             0             0             0             1             0             1 
 0             0             0             1             0             0             0             0 
 0             1             0             2             0             0             0             0 
 0             1             1             0             0             0             1             0 
 0             0             1             1             1             0             0             0 
 0             0             1             0             0             0             1             0 
 0             0             0             2             0             0             1             0 
 0             1             0             0             1             0             0             0 
 0             0             0             0             0             0             0             0 
 1             0             0             0             0             0             0             0 
