$SPEC_ID:
bMCA Spectrum
$DATE_MEA:
06-22-2022  11:35:29
$MEAS_TIM:
 238.04        240
$DEVICE_ID:
bMCA 06201013
$ACQ_SETTINGS:
 2             240           1000          4             4095 
$HRDW_PARAMS:
PHA
 800
 3             3276          5 
 7             0             1023 
 80            25            45 
 1             1 
$SPEC_CAL:
-21.61505      2.251173      8.800329E-05
$MCA_CAL:
3
-21.61505      2.251173      8.800329E-05
$ROI:
 45            74            32768         1            57Co
$DATA:
 0             1023 
 0             3             6             28            51            66            98            174 
 261           283           289           326           289           283           285           314 
 337           375           408           410           473           486           457           455 
 411           392           379           401           405           458           452           496 
 563           600           644           774           927           973           985           1042 
 1115          1121          1175          1192          1382          1473          1882          2337 
 2957          3849          4883          5808          6692          7335          7749          7598 
 7575          7330          6986          7047          7164          7491          7622          8002 
 7917          7591          6870          5883          4995          3875          2984          2277 
 1742          1308          971           827           634           531           437           398 
 334           322           271           295           269           311           250           276 
 254           236           264           260           240           217           251           242 
 204           251           213           234           240           220           196           203 
 217           194           201           227           210           206           218           185 
 191           195           184           186           182           161           156           148 
 147           142           146           150           129           135           126           140 
 138           118           122           117           106           124           120           109 
 100           109           115           120           101           114           120           97 
 69            96            99            88            100           84            81            79 
 88            88            83            88            81            86            93            66 
 92            86            84            79            80            76            61            64 
 66            54            63            65            68            46            68            56 
 56            61            52            48            58            61            51            47 
 55            58            35            48            49            36            52            58 
 52            54            48            47            39            42            31            32 
 34            28            37            44            37            55            41            34 
 41            38            47            34            32            37            42            38 
 42            44            33            39            26            24            36            39 
 39            37            47            42            37            35            34            42 
 22            29            22            40            38            42            33            22 
 38            27            28            32            26            30            35            23 
 24            28            28            27            30            38            32            22 
 23            31            19            28            27            25            31            25 
 24            27            28            27            30            22            26            36 
 30            26            26            34            34            30            37            31 
 23            29            38            20            39            32            32            38 
 32            37            28            40            38            40            24            29 
 39            38            27            40            34            26            32            30 
 34            34            24            27            30            29            31            24 
 27            26            21            26            14            22            23            20 
 21            18            17            11            13            11            10            22 
 17            17            15            17            19            18            14            14 
 14            13            14            19            7             11            20            10 
 15            12            15            16            10            18            17            12 
 16            15            7             10            14            11            5             16 
 11            12            7             10            16            18            16            6 
 11            14            14            11            9             14            12            12 
 8             11            7             8             11            11            13            16 
 17            13            11            9             13            8             9             15 
 11            11            16            18            6             12            4             16 
 13            11            14            8             14            12            6             11 
 11            15            17            16            7             14            9             12 
 5             8             11            8             10            11            13            8 
 12            14            7             11            7             9             5             10 
 12            12            9             8             4             18            9             17 
 11            14            4             7             8             14            11            8 
 14            5             5             14            5             10            11            15 
 10            8             4             7             11            15            12            11 
 10            10            6             11            15            8             5             8 
 15            7             6             10            8             9             13            12 
 6             6             10            7             5             5             13            11 
 11            11            6             8             6             6             8             5 
 9             7             10            11            9             13            10            8 
 17            7             14            11            6             8             6             6 
 6             15            7             7             14            10            9             10 
 7             11            7             7             5             9             10            8 
 10            5             4             15            5             7             6             10 
 7             5             11            4             4             5             13            7 
 5             10            3             5             6             8             8             5 
 9             4             2             7             2             9             0             9 
 4             4             4             6             6             2             4             3 
 7             9             3             2             5             3             5             4 
 1             6             4             2             10            3             3             6 
 4             8             9             5             7             4             4             3 
 6             9             2             5             4             4             7             6 
 3             3             0             4             5             7             4             3 
 3             6             3             9             3             3             8             8 
 4             7             7             9             10            6             5             6 
 6             4             5             10            7             7             8             8 
 9             7             4             7             7             8             9             13 
 7             6             8             10            9             9             4             9 
 12            7             13            4             7             10            8             4 
 3             8             9             4             7             9             8             5 
 8             3             3             12            7             6             5             5 
 8             4             6             3             4             4             5             5 
 1             1             1             3             2             4             1             5 
 2             3             1             5             4             6             3             6 
 2             3             1             1             2             4             1             3 
 1             3             4             1             2             2             2             0 
 3             1             3             3             1             1             2             2 
 3             1             0             3             1             1             1             0 
 0             1             4             1             4             1             3             0 
 1             1             2             3             0             3             4             1 
 0             0             1             2             3             1             2             5 
 3             1             5             0             3             0             2             0 
 1             1             3             1             3             2             1             1 
 0             1             1             4             0             1             1             1 
 2             1             1             3             1             1             2             0 
 0             4             0             0             3             0             3             3 
 2             2             2             2             1             0             1             1 
 5             1             1             0             4             0             0             1 
 1             1             1             2             2             0             3             0 
 4             1             1             1             1             0             3             2 
 2             2             1             2             1             1             1             0 
 0             0             0             0             0             2             1             1 
 3             0             2             1             3             0             0             0 
 1             2             1             0             0             0             0             1 
 0             0             0             0             1             0             0             1 
 3             1             1             1             1             0             0             0 
 1             3             1             0             1             1             1             0 
 0             1             1             1             1             1             0             2 
 1             0             2             0             0             0             1             2 
 0             1             0             0             2             0             1             0 
 2             0             2             0             1             4             0             0 
 1             2             1             3             2             0             0             2 
 0             2             0             0             2             2             1             1 
 1             1             1             1             0             4             1             1 
 0             2             0             1             2             2             3             0 
 1             1             0             2             2             0             2             1 
 0             0             1             2             2             3             1             1 
 1             0             1             1             0             1             1             0 
 0             1             2             1             1             1             0             0 
 0             3             0             1             1             0             0             1 
 1             0             0             1             0             0             3             0 
 0             2             1             0             1             1             0             0 
 0             0             0             0             1             1             0             0 
 1             2             0             0             0             0             1             0 
 1             0             0             0             2             1             3             1 
