$SPEC_ID:
bMCA Spectrum
$DATE_MEA:
06-24-2022  07:56:32
$MEAS_TIM:
 59.47         60
$DEVICE_ID:
bMCA 06201013
$ACQ_SETTINGS:
 2             60            1000          4             4095 
$HRDW_PARAMS:
PHA
 810
 3             3276          5 
 7             0             1023 
 80            25            45 
 1             1 
$SPEC_CAL:
-22.21111      2.09241       9.752878E-05
$MCA_CAL:
3
-22.21111      2.09241       9.752878E-05
$ROI:
 49            79            255           1            57Co
$DATA:
 0             1023 
 1             0             0             10            10            27            45            38 
 55            56            106           92            93            91            89            96 
 105           94            89            126           136           112           121           110 
 113           104           95            92            85            97            101           75 
 106           103           104           146           163           149           211           228 
 232           265           250           292           280           310           283           334 
 358           397           477           566           849           1015          1217          1489 
 1706          1808          1877          1983          1969          1910          1874          1843 
 1898          1923          1956          2064          2090          1890          1769          1644 
 1362          1073          836           708           491           427           313           228 
 181           157           121           136           88            79            86            85 
 78            67            77            65            67            61            55            43 
 56            56            55            63            46            49            60            60 
 46            49            43            46            46            59            38            48 
 51            60            51            40            46            50            48            47 
 50            34            44            32            28            51            39            48 
 47            35            31            33            32            35            28            27 
 38            32            27            27            30            25            27            31 
 27            24            27            25            31            28            26            18 
 19            22            19            20            21            28            24            28 
 18            34            15            19            30            16            21            17 
 18            21            25            25            21            18            21            16 
 15            22            11            19            25            14            16            15 
 14            14            18            10            14            14            18            11 
 10            20            14            14            11            7             18            9 
 10            10            10            10            10            13            9             11 
 10            11            15            10            11            12            9             17 
 13            7             4             7             10            6             12            9 
 10            16            9             10            6             13            12            13 
 13            15            6             9             6             5             6             4 
 12            11            6             3             13            6             5             6 
 6             10            8             7             8             8             5             5 
 11            12            6             11            9             9             8             9 
 4             10            12            8             9             7             9             6 
 11            7             3             3             4             4             9             7 
 7             7             5             8             14            6             9             7 
 8             13            10            10            7             7             9             4 
 8             5             6             11            5             2             5             7 
 5             7             4             7             6             9             7             11 
 8             5             3             8             5             10            9             6 
 9             12            4             6             12            12            12            12 
 4             8             4             8             3             5             4             5 
 5             4             3             8             8             8             4             5 
 3             2             4             6             2             3             2             5 
 2             8             2             6             4             6             2             1 
 3             4             4             3             4             6             2             8 
 5             6             5             1             6             3             3             7 
 5             2             0             2             1             1             4             3 
 2             5             1             1             2             1             3             2 
 2             1             3             3             0             2             2             1 
 4             2             2             3             2             1             2             4 
 4             5             1             4             3             3             3             3 
 7             5             1             6             6             2             1             4 
 2             2             0             3             4             0             2             4 
 3             0             5             6             4             0             3             1 
 0             1             5             2             6             3             3             4 
 1             3             2             1             3             2             3             3 
 3             1             2             1             1             6             4             2 
 3             1             4             6             3             5             0             2 
 2             8             2             2             0             3             3             5 
 2             0             2             2             5             3             2             2 
 1             2             2             1             3             2             5             4 
 1             2             2             4             2             2             1             2 
 2             0             2             3             0             3             1             2 
 2             0             4             2             4             0             3             0 
 2             0             0             4             1             2             1             2 
 0             2             3             1             1             3             2             1 
 2             1             0             2             5             1             3             2 
 5             4             3             2             2             3             3             2 
 1             1             1             1             0             3             1             2 
 2             1             1             1             1             1             3             2 
 4             3             1             0             1             0             1             3 
 3             2             1             1             1             2             1             3 
 0             1             0             3             2             4             0             0 
 3             1             0             1             3             1             1             0 
 4             1             1             1             3             0             3             1 
 1             3             0             0             2             1             1             0 
 1             1             0             0             2             4             2             1 
 1             1             1             0             1             1             1             1 
 2             2             1             1             2             0             0             1 
 3             3             0             2             0             1             3             1 
 1             1             0             1             1             2             1             0 
 0             0             1             1             3             2             3             2 
 1             1             0             3             1             2             3             1 
 1             2             2             0             1             2             1             1 
 2             2             1             1             3             2             1             0 
 2             2             4             2             0             4             4             2 
 1             3             2             1             3             0             2             4 
 3             5             1             2             0             1             2             0 
 3             2             2             1             0             1             0             1 
 1             0             0             2             1             1             1             1 
 0             5             2             1             0             1             0             0 
 1             0             1             1             0             0             1             0 
 0             0             0             2             0             0             2             2 
 0             0             0             1             0             0             2             0 
 0             0             0             0             0             0             1             0 
 0             0             1             0             0             0             0             0 
 0             0             1             0             1             0             0             1 
 0             0             0             0             0             0             0             0 
 1             1             1             0             0             0             0             0 
 0             1             1             0             1             1             0             0 
 0             0             0             0             1             0             0             0 
 0             0             0             0             0             0             0             0 
 0             0             2             1             0             0             0             1 
 0             1             0             0             0             0             1             3 
 0             0             1             0             0             2             0             0 
 0             1             2             0             0             1             0             0 
 0             1             0             0             0             0             0             0 
 1             1             0             1             1             0             0             0 
 0             0             0             1             0             1             0             0 
 0             1             0             0             1             0             0             0 
 0             0             1             0             0             0             0             0 
 0             0             0             0             0             0             0             1 
 1             0             0             0             1             0             1             0 
 0             1             0             1             0             0             0             0 
 0             0             0             0             0             0             0             0 
 0             0             0             0             0             0             0             1 
 0             0             1             0             1             0             0             0 
 0             1             0             1             0             0             0             0 
 0             1             0             0             0             0             0             0 
 0             0             0             0             0             0             0             0 
 0             0             0             1             0             0             0             0 
 0             0             1             0             1             0             0             0 
 0             1             0             0             0             0             0             0 
 0             1             0             0             0             0             0             0 
 0             0             0             0             0             0             0             0 
 0             0             0             0             0             0             0             0 
 2             0             1             0             0             0             1             2 
