$SPEC_ID:
bMCA Spectrum
$DATE_MEA:
06-22-2022  10:24:51
$MEAS_TIM:
 118.985       120
$DEVICE_ID:
bMCA 06201013
$ACQ_SETTINGS:
 2             120           1000          4             4095 
$HRDW_PARAMS:
PHA
 800
 3             3276          5 
 7             0             1023 
 80            25            45 
 1             1 
$SPEC_CAL:
-21.61505      2.251173      8.800329E-05
$MCA_CAL:
3
-21.61505      2.251173      8.800329E-05
$ROI:
 45            74            32768         1            57Co
$DATA:
 0             1023 
 0             1             4             12            22            43            57            100 
 120           123           149           143           139           157           159           149 
 175           204           219           222           234           248           271           207 
 237           223           201           209           201           231           257           244 
 297           317           336           416           438           497           516           508 
 544           566           616           656           665           753           958           1192 
 1511          1889          2384          2854          3303          3640          3866          3924 
 3782          3673          3610          3536          3543          3723          3878          4024 
 3885          3834          3468          3050          2560          2008          1518          1211 
 915           678           564           443           314           288           254           215 
 197           162           156           178           178           171           128           139 
 157           147           156           142           137           132           161           149 
 136           139           113           135           122           122           121           141 
 122           110           133           136           112           95            129           115 
 110           110           94            119           93            89            80            86 
 102           105           83            103           89            92            87            68 
 81            63            66            74            61            59            72            70 
 71            58            64            72            65            61            55            52 
 53            64            51            52            45            58            52            65 
 45            48            46            45            45            60            67            47 
 41            32            53            50            46            43            52            38 
 43            53            50            42            38            35            31            35 
 34            32            33            46            30            35            28            26 
 25            22            28            35            24            19            22            26 
 34            28            17            31            40            20            24            24 
 25            21            33            24            24            22            28            18 
 23            27            18            16            16            26            17            18 
 21            34            26            31            24            27            21            28 
 24            22            12            24            20            27            20            20 
 25            21            22            18            22            19            19            21 
 13            18            19            13            22            17            20            16 
 16            19            18            21            15            21            22            20 
 21            22            20            17            15            21            22            13 
 18            16            19            24            15            22            12            16 
 14            17            18            19            18            24            21            20 
 26            20            17            19            20            17            21            20 
 17            16            30            18            21            23            23            13 
 20            27            17            25            18            24            20            25 
 26            27            11            18            13            20            26            10 
 22            17            22            14            6             17            18            13 
 15            15            13            18            15            10            10            5 
 12            9             10            13            10            23            11            10 
 10            9             13            15            12            4             9             8 
 8             10            13            10            10            5             8             6 
 5             9             12            5             12            12            12            10 
 6             7             7             8             8             13            4             10 
 12            12            11            7             12            7             7             7 
 9             11            10            13            8             7             10            10 
 6             4             9             6             6             6             12            10 
 8             8             3             7             11            13            11            16 
 10            13            7             6             12            3             11            3 
 12            10            10            6             10            10            7             11 
 4             3             9             7             3             8             5             7 
 8             7             3             7             7             13            5             9 
 12            4             9             6             10            8             6             12 
 10            7             10            5             9             9             4             2 
 4             5             6             5             4             3             0             6 
 12            5             4             4             5             7             4             6 
 4             3             6             8             6             3             8             7 
 5             8             10            3             6             8             8             3 
 2             7             5             5             8             5             5             8 
 6             4             8             8             3             9             4             5 
 7             6             4             7             6             8             7             2 
 6             3             5             5             5             8             10            4 
 4             10            9             6             9             7             5             12 
 13            9             4             4             5             8             3             7 
 5             6             3             5             6             9             6             4 
 4             8             4             7             2             8             7             4 
 10            0             4             4             2             3             3             5 
 6             6             0             1             12            2             4             3 
 3             5             3             5             4             8             4             3 
 4             7             2             4             2             2             5             6 
 3             2             3             4             6             4             3             8 
 4             6             6             1             5             7             5             3 
 5             3             7             5             7             3             5             5 
 1             1             5             8             2             3             5             8 
 5             3             3             4             0             0             4             2 
 4             6             3             7             6             3             4             4 
 4             1             6             6             4             4             3             0 
 6             4             8             3             5             4             8             6 
 6             4             4             6             6             5             7             5 
 4             4             1             1             6             8             3             4 
 3             5             6             4             3             2             3             1 
 0             0             1             5             3             1             2             3 
 2             2             4             5             2             1             4             3 
 3             0             0             2             3             2             2             1 
 0             1             2             1             4             1             1             1 
 0             0             1             0             1             0             0             1 
 1             0             2             0             0             0             0             3 
 0             1             0             0             1             2             2             1 
 0             0             1             1             0             0             1             3 
 0             0             1             2             0             1             1             1 
 1             1             1             1             0             2             0             0 
 2             1             2             4             0             2             0             1 
 0             0             2             1             0             0             0             0 
 2             1             2             1             4             0             2             2 
 0             0             0             1             1             1             1             0 
 0             1             0             1             1             0             3             1 
 0             1             2             0             0             3             1             2 
 1             0             0             0             0             0             0             0 
 1             0             2             0             0             0             0             2 
 1             0             1             1             1             1             1             1 
 0             0             0             0             2             0             0             0 
 2             1             0             0             0             0             1             0 
 0             1             0             1             2             1             2             0 
 0             0             0             0             1             1             1             1 
 1             0             0             0             0             2             0             1 
 0             0             0             0             0             0             0             0 
 1             0             0             0             0             0             0             0 
 0             0             0             0             0             1             0             1 
 0             0             0             1             1             0             1             0 
 1             2             1             1             0             0             0             1 
 0             0             0             0             1             0             0             0 
 0             0             0             0             0             1             0             0 
 1             0             0             0             0             1             0             0 
 0             0             2             1             0             0             1             1 
 1             0             0             0             0             1             1             0 
 1             0             0             0             1             1             0             1 
 0             0             1             0             1             1             1             0 
 0             3             2             0             0             0             1             0 
 0             0             0             0             0             0             1             0 
 1             0             0             2             0             0             0             1 
 1             0             0             2             0             0             0             0 
 0             0             0             1             1             0             0             1 
 0             2             1             0             1             0             1             0 
 0             0             1             1             2             0             1             1 
 1             1             0             0             2             0             0             0 
 0             0             1             0             0             0             0             1 
