$SPEC_ID:
bMCA Spectrum
$DATE_MEA:
06-24-2022  10:02:58
$MEAS_TIM:
 59.475        60
$DEVICE_ID:
bMCA 06201013
$ACQ_SETTINGS:
 2             60            1000          4             4095 
$HRDW_PARAMS:
PHA
 790
 3             3276          5 
 7             0             1023 
 80            25            45 
-1            -1 
$SPEC_CAL:
-21.59134      2.380025      1.831466E-04
$MCA_CAL:
3
-21.59134      2.380025      1.831466E-04
$ROI:
 40            70            255           1            57Co
$DATA:
 0             1023 
 2             8             5             14            16            27            37            63 
 67            90            76            79            94            96            67            93 
 103           113           142           132           127           128           116           108 
 100           112           118           108           119           149           170           167 
 213           244           250           293           306           321           370           341 
 343           419           507           641           858           1142          1424          1788 
 1974          2064          2181          2130          2073          1880          1870          1951 
 2003          2118          2113          2168          2114          1959          1759          1398 
 1058          883           599           434           343           246           228           156 
 120           121           100           76            80            69            89            88 
 90            74            69            78            62            70            60            68 
 55            61            70            56            55            65            68            46 
 53            64            62            57            48            45            62            31 
 56            54            43            52            55            46            43            31 
 47            35            40            38            44            44            36            18 
 27            35            25            28            26            25            30            26 
 29            32            36            35            27            22            21            23 
 36            26            33            23            27            28            28            25 
 21            28            25            26            25            15            22            22 
 23            25            13            17            20            15            14            16 
 15            8             13            11            13            17            20            14 
 13            13            15            15            13            10            11            10 
 16            25            14            7             10            12            7             17 
 13            9             18            13            9             8             13            13 
 17            16            16            7             11            6             14            9 
 7             9             15            9             10            10            5             11 
 9             13            12            9             9             8             8             9 
 9             7             3             12            11            5             8             5 
 7             10            10            12            9             3             11            9 
 10            12            9             9             9             3             10            8 
 6             9             8             11            8             12            11            4 
 5             17            10            13            5             7             11            12 
 9             8             11            5             8             14            14            10 
 8             5             8             9             9             12            9             10 
 9             10            11            8             5             10            7             9 
 12            7             4             11            10            11            17            4 
 9             5             8             10            9             8             6             6 
 7             6             2             7             3             2             2             6 
 6             3             6             6             8             5             3             4 
 1             5             3             7             7             3             7             5 
 3             2             4             2             2             5             4             3 
 4             6             4             6             2             5             2             7 
 4             3             5             2             2             4             4             6 
 4             2             5             3             3             4             5             4 
 3             2             4             6             1             1             6             3 
 1             2             4             6             0             1             4             3 
 1             1             3             4             4             4             3             7 
 6             3             4             1             1             4             1             8 
 3             3             5             2             4             3             2             4 
 1             3             0             5             4             3             3             2 
 3             1             3             1             4             6             1             1 
 2             2             3             2             2             4             8             4 
 2             3             4             1             3             2             4             4 
 11            3             4             4             4             4             3             3 
 5             1             1             4             4             3             3             1 
 2             0             2             4             6             3             5             1 
 3             0             1             1             2             7             3             2 
 4             3             1             0             2             3             4             1 
 2             4             3             0             3             2             4             3 
 2             3             3             0             3             5             3             4 
 2             2             5             2             2             2             1             2 
 2             3             3             5             0             0             3             1 
 0             0             2             4             1             1             2             2 
 1             4             1             3             1             2             2             1 
 4             2             3             2             0             1             0             2 
 1             3             0             2             0             3             2             0 
 2             5             2             1             3             4             2             2 
 4             2             1             0             2             1             2             2 
 0             1             1             3             1             1             1             2 
 0             0             2             0             7             2             3             3 
 2             0             1             2             2             2             1             2 
 0             0             4             0             1             2             5             0 
 1             0             5             4             1             3             3             1 
 0             5             1             4             3             3             0             1 
 6             1             2             2             2             1             6             1 
 4             4             2             1             3             0             0             4 
 3             0             2             2             1             3             1             3 
 1             6             1             0             1             0             1             1 
 0             2             1             0             0             0             1             0 
 2             0             0             0             0             2             0             1 
 2             0             2             0             1             0             1             0 
 1             0             1             0             0             0             0             0 
 2             0             0             0             0             1             0             0 
 0             1             0             0             3             0             0             1 
 0             0             0             0             1             0             0             2 
 0             0             0             0             1             1             0             0 
 0             0             1             0             2             0             0             1 
 0             0             0             1             0             0             0             0 
 0             0             0             1             1             0             1             0 
 0             0             0             1             0             0             0             1 
 0             1             1             0             0             2             1             0 
 1             0             0             1             0             0             0             0 
 0             0             0             1             0             0             0             1 
 0             0             0             0             0             0             0             0 
 0             0             1             1             0             0             0             0 
 1             0             0             0             1             0             0             0 
 1             1             0             0             0             0             1             0 
 2             0             0             0             0             0             0             0 
 0             0             0             0             0             0             0             0 
 0             0             1             0             0             1             0             1 
 0             1             0             0             0             0             0             1 
 1             0             0             0             0             0             0             0 
 0             1             0             0             0             0             0             0 
 0             0             0             0             0             0             0             0 
 1             0             0             0             0             0             0             0 
 0             0             0             1             0             0             0             1 
 1             1             0             0             1             0             0             1 
 1             1             0             0             0             1             1             0 
 1             0             0             0             1             0             2             0 
 0             1             1             0             0             0             0             0 
 0             0             0             0             1             0             0             0 
 2             0             1             1             0             0             0             0 
 0             0             0             1             0             0             0             1 
 0             0             1             0             0             0             0             0 
 0             0             0             0             0             0             0             0 
 1             0             0             0             0             0             1             2 
 0             0             0             0             0             0             0             0 
 1             0             0             1             0             0             0             0 
 0             0             0             0             0             0             0             0 
 0             0             0             0             0             0             0             0 
 0             0             1             0             0             0             0             0 
 0             0             0             0             0             0             0             0 
 0             0             0             0             0             0             0             0 
 0             0             0             0             0             0             0             0 
 0             0             0             0             0             0             0             0 
 0             0             0             0             0             0             0             0 
 0             0             0             0             0             1             0             0 
 1             0             0             0             0             0             0             0 
