$SPEC_ID:
bMCA Spectrum
$DATE_MEA:
06-24-2022  07:54:30
$MEAS_TIM:
 59.475        60
$DEVICE_ID:
bMCA 06201013
$ACQ_SETTINGS:
 2             60            1000          4             4095 
$HRDW_PARAMS:
PHA
 810
 3             3276          5 
 7             0             1023 
 80            25            45 
 1             1 
$SPEC_CAL:
-22.21111      2.09241       9.752878E-05
$MCA_CAL:
3
-22.21111      2.09241       9.752878E-05
$ROI:
 49            79            255           1            57Co
$DATA:
 0             1023 
 1             1             5             10            15            22            30            50 
 68            78            79            79            78            88            73            98 
 80            89            100           105           117           101           115           112 
 119           95            73            88            78            80            82            103 
 97            111           111           108           134           161           200           217 
 229           246           263           272           302           282           314           332 
 335           390           471           597           772           1024          1231          1532 
 1651          1843          1938          1943          1920          1872          1829          1853 
 1889          1954          2104          2073          2011          1904          1763          1564 
 1367          1100          842           658           519           383           325           247 
 205           153           110           107           94            79            75            64 
 83            66            85            71            74            71            71            65 
 57            57            50            59            50            62            52            56 
 66            59            53            42            46            52            60            53 
 50            49            60            48            47            52            40            48 
 39            42            54            36            35            36            40            28 
 41            41            38            29            27            34            28            34 
 24            28            32            33            25            19            33            19 
 21            30            35            25            22            27            16            36 
 23            25            28            24            20            24            29            18 
 27            24            20            22            18            16            15            16 
 27            26            17            19            20            15            21            20 
 16            15            21            14            18            18            11            26 
 10            14            11            10            17            14            12            13 
 22            19            11            15            11            24            12            11 
 15            10            12            14            5             14            11            6 
 11            9             9             7             9             14            13            11 
 11            12            13            7             7             11            14            8 
 7             14            7             10            14            8             11            9 
 8             11            8             8             14            6             7             11 
 8             8             10            8             10            8             9             8 
 11            11            8             11            4             8             6             5 
 10            12            8             7             9             3             14            6 
 8             6             7             5             4             7             3             6 
 3             6             16            7             7             7             4             10 
 5             10            5             8             5             5             7             12 
 6             6             9             9             5             8             6             12 
 7             9             11            6             7             6             7             5 
 8             11            8             4             7             9             10            5 
 8             8             11            9             6             6             6             9 
 11            9             5             4             5             2             9             8 
 7             5             12            8             12            7             6             6 
 7             6             5             3             3             4             6             3 
 3             3             5             3             3             4             6             5 
 3             5             3             4             1             1             4             5 
 6             5             3             4             2             2             7             5 
 6             2             5             2             0             5             4             2 
 1             3             5             0             3             1             3             2 
 0             1             3             5             5             5             2             0 
 1             4             3             6             4             3             2             2 
 0             2             5             1             1             4             4             2 
 3             2             3             1             5             6             1             4 
 4             2             4             2             3             2             2             4 
 3             3             1             2             4             3             1             3 
 4             3             2             6             2             4             0             5 
 1             3             1             1             2             2             5             3 
 4             3             2             2             1             1             2             2 
 2             5             4             3             2             0             3             4 
 0             2             1             2             2             3             1             2 
 0             5             3             5             2             0             3             1 
 3             3             3             1             2             3             3             1 
 0             3             1             1             1             2             2             0 
 2             1             2             4             1             1             3             0 
 0             3             1             2             1             2             1             2 
 2             2             2             0             1             4             3             0 
 1             1             0             1             3             1             0             1 
 0             2             2             1             3             1             0             0 
 5             2             2             3             1             1             2             0 
 1             7             2             3             4             3             0             1 
 1             2             4             1             0             0             0             1 
 2             2             2             0             4             0             1             3 
 1             3             1             3             1             3             2             0 
 4             2             2             1             1             0             2             1 
 1             4             1             1             0             2             0             1 
 1             0             1             2             0             3             2             1 
 5             3             0             1             0             3             1             1 
 0             3             3             0             3             1             1             1 
 3             1             1             1             0             1             2             1 
 0             1             0             0             3             0             1             0 
 1             0             0             0             0             0             2             1 
 1             2             1             0             1             2             0             1 
 2             2             1             2             1             0             2             0 
 3             0             1             1             2             1             2             2 
 2             1             1             0             0             2             1             1 
 0             3             2             0             0             2             2             2 
 3             2             1             2             5             2             1             2 
 3             1             2             1             1             2             3             0 
 3             4             0             4             0             4             2             1 
 1             0             2             2             1             1             5             1 
 3             1             0             0             0             1             0             3 
 1             2             1             1             2             0             1             1 
 0             1             0             0             0             0             0             0 
 0             0             1             1             1             0             0             3 
 0             2             0             1             0             1             0             1 
 0             1             1             1             0             1             1             0 
 1             0             1             1             1             0             0             0 
 0             0             0             1             0             0             1             0 
 0             0             0             0             0             0             0             0 
 1             0             0             0             1             0             0             0 
 0             0             0             1             0             2             0             1 
 0             0             0             0             2             1             1             1 
 0             1             0             1             0             0             1             1 
 0             0             0             0             0             0             0             0 
 1             0             0             0             0             1             0             0 
 1             0             1             0             0             0             0             0 
 0             1             0             0             1             0             0             0 
 1             0             0             0             0             0             0             0 
 0             0             1             0             0             1             0             0 
 0             0             1             0             0             1             0             0 
 0             0             0             0             0             1             0             0 
 0             0             0             0             0             1             0             2 
 1             0             0             0             0             0             0             0 
 0             1             0             0             0             1             0             0 
 0             1             0             0             0             1             0             0 
 0             0             0             0             0             0             0             0 
 1             0             0             0             0             0             0             0 
 0             0             0             0             0             0             1             0 
 1             1             1             0             0             0             0             0 
 0             0             0             0             0             0             0             0 
 0             1             0             1             0             1             0             0 
 0             0             0             0             1             0             0             0 
 0             0             0             0             3             0             1             0 
 0             0             0             0             0             1             0             0 
 0             0             0             0             0             0             0             1 
 0             0             0             0             0             1             0             0 
 0             0             0             0             0             0             0             0 
 0             0             0             0             0             2             0             0 
 1             0             0             0             0             0             0             1 
