$SPEC_ID:
bMCA Spectrum
$DATE_MEA:
06-22-2022  10:14:46
$MEAS_TIM:
 118.98        120
$DEVICE_ID:
bMCA 06201013
$ACQ_SETTINGS:
 2             120           1000          4             4095 
$HRDW_PARAMS:
PHA
 800
 3             3276          5 
 7             0             1023 
 80            25            45 
 1             1 
$SPEC_CAL:
-21.61505      2.251173      8.800329E-05
$MCA_CAL:
3
-21.61505      2.251173      8.800329E-05
$ROI:
 45            74            32768         1            57Co
$DATA:
 0             1023 
 0             0             3             7             26            36            57            103 
 128           143           125           149           155           121           137           138 
 181           179           221           228           236           253           246           265 
 218           218           188           179           221           223           238           244 
 270           315           333           415           466           500           526           560 
 558           617           576           619           663           827           909           1151 
 1497          1888          2405          2888          3378          3599          3948          3848 
 3774          3740          3597          3597          3468          3726          3912          3993 
 3906          3872          3450          2968          2537          2030          1603          1208 
 901           678           516           438           355           273           243           224 
 197           176           156           180           157           138           172           160 
 171           145           153           143           144           138           146           146 
 142           126           133           108           129           138           125           119 
 125           126           126           117           107           108           113           94 
 109           106           102           103           102           89            92            101 
 99            75            90            93            86            85            90            72 
 75            83            67            75            69            75            81            58 
 70            59            60            60            71            68            52            60 
 48            47            56            66            67            46            61            54 
 52            36            59            50            46            54            44            59 
 52            52            49            47            43            52            41            46 
 53            40            59            46            54            39            51            42 
 26            39            34            43            31            25            37            27 
 29            40            38            30            41            29            27            26 
 32            37            28            21            31            24            33            19 
 29            31            25            21            17            19            29            28 
 35            25            26            32            25            14            25            21 
 31            26            22            25            28            19            18            23 
 20            24            28            18            16            24            17            28 
 22            22            20            16            13            20            28            23 
 16            15            23            12            20            28            17            20 
 15            19            19            15            23            18            19            15 
 14            22            14            16            20            21            16            15 
 19            14            19            18            16            19            12            15 
 23            13            14            15            17            20            16            22 
 26            20            14            18            22            20            31            18 
 18            24            24            21            24            19            21            28 
 23            32            16            21            26            28            20            18 
 20            19            29            22            26            15            14            21 
 20            19            22            19            15            12            14            19 
 10            14            12            13            18            11            11            15 
 12            7             7             9             5             7             8             8 
 9             9             6             11            7             10            8             16 
 18            7             8             6             9             10            9             10 
 14            10            10            6             4             10            11            14 
 12            13            9             8             4             11            10            14 
 14            12            5             9             12            8             15            4 
 13            9             9             8             10            7             10            8 
 4             8             7             13            9             9             8             4 
 10            7             6             8             15            8             7             6 
 9             4             6             8             9             7             5             5 
 8             9             4             7             5             4             9             4 
 11            11            12            3             8             11            8             2 
 10            9             9             6             6             7             6             10 
 12            8             8             10            3             4             10            5 
 6             7             2             9             9             10            6             8 
 8             7             8             4             5             6             9             7 
 6             11            3             2             5             5             5             4 
 6             4             3             8             6             5             11            7 
 9             9             4             5             7             2             4             11 
 5             1             4             3             5             5             10            11 
 4             6             4             6             5             11            6             4 
 4             4             6             4             6             12            4             8 
 12            7             5             5             7             11            5             11 
 4             7             7             6             4             7             8             5 
 10            14            3             11            7             3             8             9 
 7             5             2             5             0             6             5             7 
 8             10            6             2             7             4             6             4 
 6             5             6             7             5             2             5             3 
 4             7             7             5             5             1             3             7 
 3             6             6             3             2             2             5             8 
 8             6             8             4             5             3             0             8 
 4             2             4             3             5             8             5             3 
 7             4             4             4             4             3             4             4 
 2             7             3             0             5             4             8             7 
 3             8             4             8             4             8             3             1 
 3             2             6             3             3             1             1             1 
 1             6             5             3             7             6             4             5 
 5             3             5             4             6             4             3             4 
 6             2             6             2             8             3             1             3 
 5             9             2             0             5             5             5             6 
 3             5             7             1             8             2             3             2 
 1             3             6             4             0             4             6             1 
 2             1             2             3             3             1             2             4 
 2             0             2             2             2             1             7             2 
 1             3             2             1             1             4             2             0 
 0             4             1             1             0             0             0             2 
 0             1             1             0             0             0             1             1 
 1             0             1             0             1             1             0             1 
 3             0             2             3             2             0             1             2 
 0             2             0             0             0             1             2             0 
 0             1             1             1             0             1             0             1 
 3             1             0             3             0             1             0             0 
 4             0             1             3             0             1             1             0 
 2             0             0             0             1             1             1             1 
 0             0             3             0             0             1             1             2 
 1             0             1             0             4             1             1             2 
 0             1             2             1             1             0             0             2 
 1             0             0             1             1             0             1             0 
 0             1             0             2             1             0             0             0 
 1             3             0             0             1             0             1             0 
 1             0             1             1             0             0             0             1 
 2             1             0             0             1             1             0             1 
 0             1             0             1             0             1             3             0 
 0             0             1             0             0             0             0             0 
 0             0             0             0             1             1             0             0 
 1             0             0             0             0             1             1             0 
 0             0             0             0             0             1             0             0 
 0             0             0             0             3             0             0             0 
 2             1             0             1             1             0             2             1 
 0             1             0             1             1             0             1             0 
 1             0             0             0             0             0             0             0 
 0             0             1             0             1             0             0             1 
 1             0             0             0             1             0             0             0 
 0             0             2             1             0             0             1             0 
 0             0             0             1             2             0             0             0 
 0             0             0             0             1             0             0             0 
 0             0             1             0             0             0             0             0 
 0             1             0             0             0             1             3             2 
 0             1             0             0             0             1             2             0 
 0             0             0             0             0             0             0             2 
 1             0             0             1             0             1             1             1 
 0             0             0             1             1             1             2             0 
 1             0             3             0             1             0             0             0 
 0             0             0             0             0             0             0             1 
 0             0             0             1             1             0             0             0 
 1             0             0             1             0             0             1             0 
 0             2             0             0             0             1             0             0 
