$SPEC_ID:
bMCA Spectrum
$DATE_MEA:
06-22-2022  11:43:31
$MEAS_TIM:
 238.045       240
$DEVICE_ID:
bMCA 06201013
$ACQ_SETTINGS:
 2             240           1000          4             4095 
$HRDW_PARAMS:
PHA
 800
 3             3276          5 
 7             0             1023 
 80            25            45 
 1             1 
$SPEC_CAL:
-21.61505      2.251173      8.800329E-05
$MCA_CAL:
3
-21.61505      2.251173      8.800329E-05
$ROI:
 45            74            32768         1            57Co
$DATA:
 0             1023 
 2             2             8             23            51            80            120           166 
 232           283           305           302           292           262           270           320 
 317           347           403           445           470           525           506           454 
 432           392           398           382           432           387           419           496 
 563           562           696           767           870           895           990           1011 
 1082          1128          1105          1232          1425          1465          1801          2240 
 3090          3900          4923          5795          6636          7379          7676          7650 
 7513          7406          7021          6991          7124          7353          7721          7960 
 8025          7366          6966          5971          4894          3891          3040          2365 
 1719          1341          1027          798           660           508           413           369 
 325           284           253           312           255           248           281           272 
 278           268           226           244           218           231           252           220 
 219           222           216           234           222           179           203           191 
 198           197           194           189           179           187           198           180 
 167           179           165           169           158           176           178           143 
 145           160           155           149           144           142           124           147 
 136           119           124           129           130           120           119           103 
 95            118           105           102           118           74            117           93 
 102           85            88            99            90            113           95            95 
 97            83            87            74            68            65            74            77 
 78            65            82            67            85            85            71            67 
 60            63            68            72            67            56            52            55 
 41            58            65            60            51            63            48            52 
 48            60            39            63            47            58            54            34 
 42            37            39            51            62            31            34            42 
 43            36            44            57            34            43            39            39 
 31            32            43            36            45            40            43            40 
 38            34            42            24            30            55            39            44 
 40            36            24            32            29            32            34            43 
 31            36            37            30            28            28            45            28 
 33            31            34            34            27            23            34            31 
 27            21            27            32            33            31            39            23 
 24            24            18            29            25            36            29            35 
 37            31            27            26            35            27            26            34 
 37            29            30            31            30            29            25            36 
 32            23            28            18            41            32            37            36 
 34            26            23            31            33            43            32            41 
 31            31            36            32            28            38            32            31 
 31            39            24            33            27            21            30            24 
 29            15            23            20            23            15            15            14 
 16            13            17            14            16            13            25            18 
 22            15            19            12            16            14            17            11 
 14            12            18            21            15            14            23            16 
 15            10            13            15            11            11            14            17 
 11            16            14            13            22            10            12            15 
 6             4             11            8             18            14            9             13 
 10            13            17            11            13            14            10            9 
 14            13            14            15            6             8             14            6 
 9             16            21            7             9             12            12            14 
 19            13            13            19            9             10            9             8 
 7             9             8             17            16            19            15            11 
 9             10            11            10            13            15            3             15 
 12            19            9             10            12            13            13            13 
 2             7             12            13            13            12            13            9 
 13            11            9             14            15            10            5             11 
 10            9             10            6             12            9             6             12 
 17            7             6             2             9             7             9             8 
 8             11            7             6             12            8             9             5 
 8             12            4             11            9             8             9             4 
 5             13            9             7             9             8             10            6 
 6             10            5             10            4             7             8             8 
 5             7             12            6             3             6             6             9 
 11            12            6             12            9             10            13            14 
 6             4             8             11            1             8             9             9 
 12            9             14            8             12            6             8             8 
 12            2             6             8             10            7             8             3 
 10            7             6             4             10            6             9             7 
 6             6             10            8             10            7             14            4 
 3             6             9             8             9             3             6             4 
 8             8             6             2             6             4             7             5 
 7             5             6             5             9             4             7             3 
 10            4             3             9             5             10            8             4 
 3             7             6             3             3             4             1             4 
 3             1             7             7             2             5             5             1 
 6             6             3             6             12            5             6             6 
 1             2             0             4             6             4             4             3 
 9             2             4             6             3             6             3             6 
 5             3             3             6             4             5             5             8 
 9             6             10            7             10            12            6             5 
 7             4             12            10            8             10            8             9 
 14            7             9             11            8             11            4             11 
 7             3             4             9             7             5             8             13 
 9             7             4             8             7             8             3             5 
 9             7             7             5             3             4             5             2 
 1             3             2             2             5             3             3             7 
 3             3             5             9             4             2             3             2 
 2             4             4             2             3             6             2             3 
 2             2             1             3             3             0             3             2 
 2             2             3             0             2             1             2             2 
 3             0             0             4             1             1             2             1 
 6             1             4             2             1             1             0             2 
 2             1             0             1             0             0             0             3 
 2             0             2             0             3             0             1             0 
 0             1             1             0             0             1             3             1 
 1             1             2             1             0             0             1             0 
 1             2             0             1             3             1             3             0 
 1             2             1             4             1             3             1             0 
 0             2             1             0             1             1             2             0 
 2             2             3             1             2             1             2             2 
 2             1             0             2             2             2             1             0 
 0             0             2             1             1             3             1             1 
 2             0             3             1             1             0             2             3 
 1             0             1             1             1             2             1             1 
 1             1             1             2             2             3             0             1 
 2             3             2             1             0             1             2             2 
 1             1             1             0             1             1             0             0 
 0             1             1             2             1             0             1             1 
 1             1             0             1             0             1             0             0 
 2             2             3             1             0             0             1             1 
 0             0             0             0             1             1             3             0 
 0             1             1             1             1             2             0             1 
 2             1             1             1             0             0             2             0 
 1             0             2             0             0             1             0             0 
 0             0             0             1             0             0             1             0 
 0             1             0             2             2             0             1             0 
 1             0             3             1             3             0             0             1 
 1             0             0             4             0             1             0             2 
 3             1             1             0             0             0             2             1 
 0             1             1             0             0             2             2             0 
 1             0             0             0             2             0             0             0 
 0             1             1             0             1             0             0             0 
 2             0             1             1             1             0             1             0 
 1             1             0             0             2             1             0             1 
 2             1             1             1             2             1             0             0 
 0             1             1             0             0             0             1             0 
 1             0             0             4             0             0             0             0 
 0             0             0             1             0             0             2             1 
 0             0             0             0             0             0             0             0 
