$SPEC_ID:
bMCA Spectrum
$DATE_MEA:
06-24-2022  08:53:53
$MEAS_TIM:
 178.43        180
$DEVICE_ID:
bMCA 06201013
$ACQ_SETTINGS:
 2             180           1000          4             4095 
$HRDW_PARAMS:
PHA
 810
 3             3276          5 
 7             0             1023 
 80            25            45 
-1            -1 
$SPEC_CAL:
-22.21111      2.09241       9.752878E-05
$MCA_CAL:
3
-22.21111      2.09241       9.752878E-05
$ROI:
 49            79            255           1            57Co
$DATA:
 0             1023 
 6             17            21            34            43            69            100           147 
 219           211           272           241           230           271           230           282 
 296           276           273           327           335           379           369           357 
 312           280           251           260           271           292           292           275 
 311           327           423           427           491           560           576           714 
 711           795           782           822           836           906           919           1007 
 1078          1387          1654          2071          2626          3373          4078          4713 
 5154          5651          5770          5775          5627          5579          5478          5515 
 5518          5890          6113          6015          5847          5600          5039          4462 
 3679          2935          2344          1832          1412          1042          861           662 
 541           436           347           311           270           230           231           206 
 215           202           175           193           232           188           191           179 
 204           162           175           187           155           182           164           150 
 152           172           147           156           179           157           127           145 
 137           147           136           152           136           138           110           120 
 124           118           110           133           116           118           86            116 
 128           115           102           113           82            86            84            100 
 98            75            72            85            90            86            84            76 
 99            73            77            82            70            78            83            74 
 64            85            64            59            72            70            64            69 
 51            61            76            73            56            57            57            62 
 61            63            42            56            65            50            57            61 
 56            47            47            54            55            49            59            52 
 53            47            45            36            51            35            38            44 
 29            36            53            39            45            36            27            38 
 31            34            25            43            39            30            32            30 
 35            29            36            31            34            23            28            31 
 42            24            36            34            23            28            24            24 
 26            22            18            22            31            21            30            33 
 34            22            31            33            18            25            22            26 
 21            35            30            34            30            23            42            16 
 29            22            24            30            22            29            28            21 
 29            34            28            23            22            17            20            20 
 18            25            23            24            24            22            21            17 
 22            17            27            24            27            26            29            11 
 27            29            18            14            15            21            23            28 
 24            23            18            18            30            25            23            22 
 28            23            21            26            28            18            18            22 
 29            18            25            22            24            21            26            31 
 23            20            27            14            25            24            25            27 
 23            23            19            29            24            23            20            21 
 15            27            19            15            15            22            15            11 
 18            20            9             16            17            14            13            7 
 8             16            10            16            6             7             11            7 
 13            11            10            14            9             15            15            16 
 13            10            11            7             12            9             16            9 
 14            12            13            14            12            10            18            12 
 12            7             8             11            11            12            6             9 
 11            13            4             6             7             12            6             12 
 7             5             9             12            12            4             9             13 
 9             4             9             8             9             12            8             4 
 7             10            9             7             3             13            9             6 
 6             4             11            12            10            10            6             9 
 14            12            10            3             10            10            9             13 
 15            9             7             3             10            9             6             6 
 11            13            14            12            9             11            10            4 
 10            11            6             8             9             5             9             11 
 10            7             8             7             9             11            2             4 
 10            8             6             12            9             6             3             8 
 11            5             9             8             3             4             14            5 
 8             3             5             7             9             9             6             4 
 6             5             7             6             7             5             6             7 
 5             6             6             1             5             9             8             8 
 8             5             9             4             5             11            5             14 
 6             10            5             5             5             6             2             7 
 6             9             4             9             7             9             9             8 
 4             9             5             9             11            10            9             4 
 9             13            5             6             6             8             10            0 
 6             5             5             5             6             11            4             8 
 4             9             4             9             10            10            7             4 
 4             6             5             6             4             7             3             13 
 7             11            6             5             1             8             5             6 
 3             7             6             2             6             6             7             3 
 7             9             11            5             5             4             5             7 
 6             2             4             3             4             4             5             3 
 5             2             5             5             3             2             2             3 
 7             7             7             3             5             4             4             5 
 5             4             2             3             4             4             4             2 
 6             8             5             3             3             6             2             7 
 4             4             2             4             5             5             4             3 
 9             3             4             8             4             5             3             7 
 6             4             6             6             4             6             5             7 
 6             6             3             5             4             8             10            4 
 5             3             5             6             12            6             4             6 
 9             2             5             8             9             7             7             11 
 6             5             5             8             10            3             3             5 
 5             4             5             4             2             5             7             9 
 2             3             5             11            5             6             5             2 
 3             6             4             2             6             2             5             3 
 3             4             3             3             3             5             4             1 
 2             0             5             2             1             3             4             2 
 2             1             3             2             2             2             0             4 
 3             0             0             2             2             2             1             1 
 3             2             1             1             5             2             0             2 
 1             0             2             0             1             2             1             1 
 0             0             0             2             1             0             0             1 
 0             0             1             2             1             0             3             1 
 2             0             1             1             0             0             1             4 
 1             1             0             1             1             0             3             1 
 0             2             2             2             0             2             4             0 
 0             0             0             0             1             1             1             0 
 3             0             3             2             1             0             1             1 
 1             2             0             0             0             2             0             2 
 1             3             0             2             0             1             3             0 
 2             0             2             1             2             1             0             2 
 2             1             2             1             0             0             0             0 
 1             1             1             0             2             0             0             0 
 1             1             1             0             1             0             2             1 
 2             2             1             2             1             1             1             0 
 1             0             1             1             2             0             0             2 
 0             0             1             0             1             0             1             1 
 0             0             1             0             0             0             0             1 
 0             0             1             0             2             1             1             1 
 1             2             1             0             1             0             0             0 
 0             0             0             0             0             0             2             1 
 0             1             1             0             0             0             3             0 
 0             0             0             0             1             0             0             0 
 1             0             0             1             0             0             0             0 
 1             0             2             0             0             0             2             2 
 0             0             0             0             0             1             2             0 
 0             0             1             1             0             0             0             0 
 1             1             0             0             0             1             1             0 
 0             1             0             1             0             2             1             1 
 1             2             2             1             2             1             1             1 
 1             0             1             0             0             1             2             0 
 0             0             2             0             0             1             2             0 
 0             1             2             2             2             2             0             0 
 0             0             0             3             0             0             0             1 
