$SPEC_ID:
bMCA Spectrum
$DATE_MEA:
06-24-2022  09:53:36
$MEAS_TIM:
 59.48         60
$DEVICE_ID:
bMCA 06201013
$ACQ_SETTINGS:
 2             60            1000          4             4095 
$HRDW_PARAMS:
PHA
 790
 3             3276          5 
 7             0             1023 
 80            25            45 
-1            -1 
$SPEC_CAL:
-21.59134      2.380025      1.831466E-04
$MCA_CAL:
3
-21.59134      2.380025      1.831466E-04
$ROI:
 40            70            255           1            57Co
$DATA:
 0             1023 
 4             4             6             15            19            40            44            54 
 72            80            102           81            83            92            96            75 
 89            99            136           125           147           138           124           131 
 86            121           119           116           137           128           152           174 
 206           247           265           274           289           310           336           350 
 370           445           501           665           861           1120          1441          1647 
 1919          2121          2183          2131          2035          1912          2050          1990 
 1979          2104          2156          2161          2113          1934          1660          1402 
 1091          893           616           459           356           293           205           168 
 120           104           86            95            86            75            87            78 
 69            80            76            97            56            70            77            68 
 71            70            58            56            53            59            47            57 
 42            60            58            47            48            61            47            63 
 50            48            54            39            41            49            55            42 
 40            51            37            47            40            49            38            33 
 43            31            37            29            34            35            33            37 
 28            22            28            27            25            29            29            30 
 13            24            28            25            20            29            26            25 
 18            27            18            26            15            19            20            17 
 19            13            23            15            20            23            15            13 
 21            15            16            16            12            18            13            14 
 6             14            14            13            12            19            15            10 
 14            16            11            17            15            12            10            11 
 9             6             17            16            11            11            17            10 
 10            9             15            12            7             12            8             8 
 12            14            10            14            5             8             11            8 
 8             10            9             16            11            5             9             11 
 10            11            6             8             10            11            8             10 
 10            8             11            5             3             11            14            10 
 8             4             5             6             7             8             8             11 
 9             2             4             7             9             11            9             5 
 6             2             5             9             7             10            12            10 
 9             6             9             7             6             7             6             13 
 9             7             8             6             10            8             9             16 
 7             6             11            8             6             10            11            8 
 12            10            9             11            11            6             2             6 
 6             8             9             5             5             4             2             10 
 6             3             6             6             8             6             7             3 
 5             5             5             4             2             5             3             4 
 3             5             1             4             5             5             5             3 
 3             4             0             3             4             5             5             3 
 3             4             4             3             2             3             8             4 
 0             3             6             1             3             5             3             3 
 6             6             2             2             5             2             6             1 
 2             2             4             2             1             5             5             8 
 3             5             5             4             2             2             3             2 
 4             2             0             4             2             1             0             2 
 4             2             2             3             2             5             3             1 
 7             5             2             3             3             5             1             3 
 3             2             4             5             3             3             3             7 
 2             5             1             4             3             1             4             1 
 4             3             1             1             2             4             2             0 
 5             0             5             2             3             7             3             3 
 3             3             1             2             3             2             2             0 
 3             4             4             2             2             4             3             3 
 2             2             2             1             6             3             2             2 
 2             2             2             2             3             3             3             2 
 3             2             1             4             3             4             1             3 
 3             1             2             2             7             7             1             1 
 3             4             1             0             3             4             1             3 
 4             2             2             3             6             2             1             3 
 9             1             3             2             2             1             3             1 
 1             1             6             2             2             3             1             2 
 2             2             2             2             2             1             1             1 
 3             3             1             0             1             1             2             2 
 3             0             1             2             5             0             0             1 
 3             2             0             3             1             4             1             2 
 1             3             2             1             4             3             3             2 
 1             3             5             2             1             0             1             1 
 3             2             1             2             2             3             0             3 
 3             2             2             1             0             4             0             2 
 0             2             3             1             3             3             2             3 
 2             1             2             3             1             0             1             2 
 5             4             3             3             3             2             4             1 
 1             3             3             0             2             4             3             0 
 4             3             2             3             0             1             0             2 
 3             2             4             0             2             3             0             2 
 3             1             2             2             1             1             0             1 
 2             0             0             2             1             1             1             1 
 2             0             0             1             1             0             1             0 
 0             2             1             0             0             0             1             2 
 1             1             1             0             1             0             0             1 
 1             1             0             0             0             0             0             0 
 0             0             0             0             1             2             0             0 
 0             0             1             0             0             0             1             1 
 2             0             0             0             0             2             1             1 
 3             0             0             0             0             2             0             1 
 0             0             1             0             0             1             0             0 
 0             0             0             0             1             1             2             2 
 0             1             0             0             0             2             1             0 
 3             0             1             1             1             0             2             0 
 1             1             0             0             0             0             0             0 
 2             1             0             0             0             0             0             0 
 0             0             1             0             0             0             0             0 
 0             1             0             0             1             0             0             1 
 0             0             0             2             1             0             0             0 
 0             0             0             0             0             0             0             0 
 1             0             0             0             0             0             0             0 
 1             0             0             0             0             0             0             0 
 0             0             0             0             1             0             0             0 
 0             0             0             1             0             0             1             1 
 0             0             0             0             0             0             0             0 
 0             0             0             0             0             0             1             0 
 0             2             0             0             0             1             1             0 
 0             0             0             1             1             0             0             0 
 1             0             0             0             0             0             2             1 
 0             0             0             0             1             0             0             1 
 0             1             0             0             0             0             0             0 
 0             0             0             1             0             0             0             0 
 0             0             0             0             0             0             0             1 
 0             1             0             0             1             0             1             0 
 0             1             0             0             0             1             0             0 
 0             0             1             1             0             0             0             1 
 0             0             1             1             0             0             0             0 
 0             1             0             0             0             0             0             0 
 0             0             0             0             0             0             0             0 
 1             0             1             0             1             0             1             0 
 0             0             0             1             0             0             0             0 
 1             0             0             0             0             0             0             0 
 0             0             0             0             0             0             0             0 
 0             0             0             0             0             0             1             0 
 0             0             0             0             0             0             0             0 
 0             0             0             0             0             0             0             0 
 0             0             1             0             0             0             0             0 
 0             0             0             0             0             0             0             0 
 0             0             0             0             0             0             0             0 
 0             0             0             0             0             0             0             0 
 0             0             0             0             0             0             0             0 
