$SPEC_ID:
bMCA Spectrum
$DATE_MEA:
06-24-2022  09:36:58
$MEAS_TIM:
 237.905       240
$DEVICE_ID:
bMCA 06201013
$ACQ_SETTINGS:
 2             240           1000          4             4095 
$HRDW_PARAMS:
PHA
 810
 3             3276          5 
 7             0             1023 
 80            25            45 
-1            -1 
$SPEC_CAL:
-22.21111      2.09241       9.752878E-05
$MCA_CAL:
3
-22.21111      2.09241       9.752878E-05
$ROI:
 49            79            255           1            57Co
$DATA:
 0             1023 
 6             20            14            41            46            85            113           158 
 239           288           338           347           336           315           367           380 
 334           353           386           415           425           471           432           446 
 415           372           351           311           361           350           393           428 
 415           490           543           548           668           702           855           894 
 961           1006          1077          1175          1109          1186          1218          1407 
 1505          1849          2274          2848          3725          4592          5440          6459 
 7070          7551          7750          7664          7683          7258          7298          7367 
 7415          7881          7923          8201          7859          7321          6706          5833 
 4827          3870          3053          2396          1761          1422          1050          805 
 668           571           388           396           345           324           321           275 
 281           253           246           253           248           258           277           256 
 254           239           218           236           265           216           242           228 
 223           236           227           206           204           178           206           193 
 193           182           193           192           187           194           203           179 
 184           168           190           150           172           171           161           134 
 151           160           154           125           156           115           134           140 
 110           134           110           126           133           113           109           111 
 113           122           114           96            93            100           97            116 
 99            91            86            100           72            85            91            77 
 85            81            96            85            69            81            71            75 
 69            78            87            64            70            76            61            77 
 72            76            77            65            79            76            59            60 
 60            75            55            51            55            67            65            61 
 51            40            53            57            52            44            48            42 
 52            48            40            45            45            37            51            49 
 42            36            38            50            46            36            34            31 
 35            31            46            44            29            46            41            28 
 41            38            34            32            22            27            44            35 
 33            32            32            40            42            28            32            34 
 40            29            38            34            32            35            33            30 
 31            34            35            32            38            40            30            41 
 31            45            34            36            32            25            37            29 
 34            26            31            37            25            24            36            28 
 25            26            24            36            31            30            38            35 
 23            35            28            22            28            32            32            27 
 35            29            21            25            34            27            20            34 
 24            34            26            29            24            31            40            35 
 33            43            30            36            35            29            33            43 
 33            31            30            34            37            33            32            35 
 42            38            40            32            40            32            30            38 
 31            20            23            25            25            23            26            22 
 19            14            24            24            24            19            13            19 
 13            15            25            17            16            13            23            14 
 18            14            4             18            18            13            16            13 
 14            20            19            17            16            12            9             14 
 24            18            17            7             10            15            21            10 
 7             11            21            9             15            12            18            15 
 9             16            16            10            18            10            6             18 
 13            9             6             12            15            9             17            12 
 15            9             8             16            11            16            12            8 
 10            16            9             9             16            14            9             10 
 16            17            11            16            14            12            15            6 
 15            10            14            9             12            6             15            13 
 12            10            12            9             8             8             15            13 
 20            11            10            11            8             13            17            19 
 13            14            5             12            14            16            13            9 
 8             8             19            14            8             10            17            12 
 11            10            11            3             7             8             8             13 
 11            14            9             6             9             6             5             11 
 6             9             14            10            9             11            6             15 
 8             11            5             3             6             3             5             5 
 20            9             12            9             13            8             5             4 
 12            7             6             10            10            4             10            13 
 11            10            10            10            6             7             3             7 
 9             8             8             5             12            15            13            4 
 17            8             12            5             10            9             5             8 
 8             11            9             7             8             12            3             10 
 8             7             7             7             8             11            10            9 
 14            7             5             8             11            10            5             10 
 9             8             11            15            9             5             10            9 
 7             7             7             6             12            7             8             5 
 8             6             10            10            6             5             6             12 
 5             7             3             5             2             8             1             3 
 11            10            3             12            4             4             8             2 
 5             7             6             3             6             5             4             5 
 10            6             3             6             6             3             5             4 
 4             6             5             8             6             6             9             3 
 2             5             7             5             6             7             2             3 
 10            7             3             1             6             9             4             9 
 1             4             8             7             6             5             6             1 
 8             8             7             9             5             4             6             6 
 8             12            4             4             7             4             7             4 
 11            4             6             11            2             3             5             8 
 10            6             10            7             8             11            9             9 
 13            4             9             9             8             10            11            3 
 8             6             5             6             6             6             3             11 
 7             3             6             3             5             2             7             7 
 4             6             4             4             3             5             4             3 
 10            3             4             2             3             9             4             3 
 6             2             2             2             2             1             2             6 
 2             2             0             1             1             4             4             0 
 3             2             4             3             3             4             2             2 
 2             1             1             0             4             0             1             1 
 3             1             2             2             0             4             2             1 
 1             2             2             2             1             0             0             2 
 2             0             0             3             2             1             3             1 
 2             1             1             0             0             0             1             3 
 3             1             2             2             3             1             1             0 
 2             1             0             0             3             2             3             2 
 1             2             2             2             1             2             3             1 
 0             0             0             1             2             0             0             0 
 4             1             1             0             3             1             4             2 
 0             1             4             1             1             3             1             3 
 0             2             4             2             4             2             2             1 
 0             0             2             1             0             2             0             1 
 1             1             1             0             1             1             1             2 
 1             2             5             2             0             1             1             3 
 1             0             2             1             1             0             0             2 
 2             1             2             1             0             1             1             2 
 2             1             0             0             1             3             1             0 
 2             1             2             0             0             0             2             0 
 3             2             0             0             0             2             3             1 
 0             0             1             1             2             0             1             3 
 2             0             1             0             2             3             0             0 
 0             1             1             0             0             0             3             0 
 1             0             0             0             1             1             1             1 
 1             2             1             0             1             1             1             0 
 1             2             0             0             1             1             1             0 
 0             1             1             1             3             0             1             0 
 0             1             2             1             0             2             0             0 
 0             2             0             0             2             1             0             1 
 0             2             1             0             1             2             1             0 
 1             1             2             3             0             1             0             0 
 0             0             0             1             1             0             0             2 
 0             1             1             0             2             0             1             3 
 0             0             1             0             0             1             0             0 
 0             2             2             1             3             2             0             0 
