$SPEC_ID:
bMCA Spectrum
$DATE_MEA:
06-17-2022  09:14:39
$MEAS_TIM:
 59.495        60
$DEVICE_ID:
bMCA 06201013
$ACQ_SETTINGS:
 2             60            1000          4             4095 
$HRDW_PARAMS:
PHA
 800
 3             3277          5 
 7             0             1023 
 80            25            45 
-1            -1 
$SPEC_CAL:
 19.48485      1.975924      3.540608E-04
$MCA_CAL:
3
 19.48485      1.975924      3.540608E-04
$ROI:
 51            70            255           1            57Co
$DATA:
 0             1023 
 0             2             3             4             7             16            30            39 
 54            70            65            72            75            57            70            82 
 90            83            101           105           110           123           109           88 
 101           89            84            67            96            78            90            83 
 115           141           159           173           215           212           244           262 
 271           287           313           306           328           363           391           547 
 640           811           1030          1291          1519          1748          1903          1959 
 1894          1853          1876          1783          1813          1831          1865          2068 
 1931          1928          1896          1625          1443          1182          924           744 
 551           437           338           247           185           163           133           130 
 102           94            100           85            72            77            88            79 
 66            73            75            59            78            72            60            69 
 69            56            61            49            53            66            57            61 
 52            77            56            66            60            56            54            60 
 46            49            67            42            42            41            46            37 
 41            49            37            36            33            31            38            29 
 51            29            43            47            33            41            42            34 
 33            32            38            23            39            25            35            17 
 30            28            18            23            35            25            25            25 
 22            22            25            29            20            30            23            23 
 29            17            17            29            20            22            30            21 
 27            20            15            14            15            13            13            20 
 16            13            17            21            19            14            21            14 
 17            15            12            10            14            14            11            14 
 18            15            10            12            16            13            12            15 
 14            14            14            10            13            13            10            16 
 11            6             12            7             10            11            12            13 
 7             17            5             10            15            6             6             3 
 13            5             12            8             10            7             7             9 
 13            13            9             9             5             10            10            13 
 10            7             8             6             14            8             8             8 
 13            11            10            14            11            9             12            9 
 7             13            9             10            10            6             11            12 
 11            11            6             12            9             9             6             7 
 9             9             11            9             3             7             8             10 
 6             7             5             11            4             7             7             9 
 6             16            9             9             13            9             10            9 
 6             9             12            10            10            11            11            8 
 12            12            11            7             6             5             9             12 
 6             9             9             9             8             7             7             4 
 6             9             7             5             2             11            5             5 
 6             8             5             12            6             7             3             6 
 2             4             3             1             8             8             5             1 
 4             3             3             6             3             6             3             4 
 3             2             4             7             2             2             2             1 
 6             7             5             6             5             6             6             3 
 5             2             5             3             4             3             1             4 
 2             2             1             3             5             2             2             2 
 1             3             2             3             3             8             5             0 
 5             4             2             4             2             1             2             3 
 3             3             3             1             1             1             4             2 
 4             2             1             5             4             7             1             1 
 2             1             2             5             3             6             5             1 
 3             4             4             2             2             4             7             3 
 2             3             2             3             3             2             2             1 
 2             5             6             3             4             2             1             1 
 1             7             3             4             3             0             0             0 
 1             3             1             3             0             3             4             0 
 1             4             1             0             4             3             1             3 
 5             3             0             0             1             3             5             2 
 2             0             1             2             0             2             4             1 
 2             1             2             4             2             3             4             1 
 3             3             2             2             2             2             1             3 
 0             0             3             2             4             4             2             2 
 1             1             1             2             2             4             4             2 
 1             4             1             1             6             1             1             3 
 2             4             4             1             3             1             2             3 
 2             2             4             3             1             3             3             3 
 3             1             4             1             3             3             4             0 
 1             1             1             2             0             1             2             1 
 1             2             2             1             1             2             2             0 
 1             2             1             4             1             5             1             3 
 2             0             0             1             1             1             1             1 
 2             0             0             3             2             2             2             2 
 0             3             0             0             1             3             1             1 
 0             2             0             1             1             2             1             1 
 4             0             4             3             0             1             2             2 
 1             3             1             2             4             1             2             1 
 4             0             2             2             0             2             2             3 
 3             2             2             4             3             0             2             1 
 3             2             0             0             3             2             0             0 
 2             6             2             2             4             1             0             3 
 1             1             1             0             1             2             0             4 
 3             1             2             3             0             1             3             0 
 2             0             1             1             3             0             0             0 
 1             2             0             0             1             1             1             1 
 0             0             1             2             3             2             0             1 
 0             1             2             0             1             0             0             2 
 0             1             0             0             1             0             0             0 
 0             1             0             0             1             1             2             2 
 1             0             0             0             1             0             1             0 
 0             0             0             0             0             0             1             0 
 1             0             1             0             0             2             1             1 
 0             0             1             0             0             0             0             1 
 1             1             1             0             1             0             0             0 
 0             0             1             0             0             1             1             0 
 0             1             0             0             0             0             1             0 
 0             0             0             0             2             0             1             0 
 1             0             0             0             2             0             1             1 
 0             0             0             0             1             0             0             0 
 2             0             0             0             0             0             0             0 
 0             1             0             0             0             0             0             0 
 0             0             0             0             0             0             0             0 
 0             0             0             0             0             0             1             0 
 0             0             0             0             0             0             0             0 
 0             0             1             1             0             1             1             0 
 1             0             0             0             0             0             0             0 
 0             0             0             0             0             0             0             0 
 0             0             0             0             0             0             0             0 
 0             0             1             0             0             0             0             0 
 0             0             0             1             1             1             0             0 
 0             0             1             0             0             1             1             0 
 0             0             1             0             0             1             1             0 
 0             0             0             1             0             0             1             2 
 0             0             0             0             0             0             0             0 
 0             0             1             0             0             0             0             0 
 0             0             0             0             0             0             0             1 
 0             0             0             0             0             0             1             0 
 0             0             0             0             0             0             0             0 
 0             0             0             0             1             0             0             1 
 1             0             0             0             0             0             1             0 
 0             1             0             0             0             0             0             0 
 0             0             0             0             0             0             0             1 
 1             0             0             0             0             0             1             0 
 0             0             0             0             0             0             0             1 
 0             0             0             0             0             0             0             2 
 0             0             0             0             0             0             0             0 
 0             2             0             1             2             0             0             0 
