$SPEC_ID:
bMCA Spectrum
$DATE_MEA:
06-24-2022  10:24:39
$MEAS_TIM:
 118.96        120
$DEVICE_ID:
bMCA 06201013
$ACQ_SETTINGS:
 2             120           1000          4             4095 
$HRDW_PARAMS:
PHA
 790
 3             3276          5 
 7             0             1023 
 80            25            45 
-1            -1 
$SPEC_CAL:
-21.59134      2.380025      1.831466E-04
$MCA_CAL:
3
-21.59134      2.380025      1.831466E-04
$ROI:
 40            70            255           1            57Co
$DATA:
 0             1023 
 4             9             21            34            39            60            109           114 
 130           201           174           144           164           162           187           191 
 200           266           278           274           267           286           228           259 
 224           216           214           246           270           293           299           404 
 431           478           530           591           566           629           682           671 
 697           876           1034          1259          1631          2285          2850          3321 
 3810          4044          4311          4284          4175          3851          3846          3775 
 3957          4070          4425          4481          4147          3910          3319          2823 
 2150          1673          1224          910           649           506           386           316 
 266           232           196           158           191           151           149           172 
 142           152           134           147           146           138           129           127 
 144           121           122           113           117           111           103           117 
 103           90            116           110           109           114           115           108 
 109           93            96            82            93            77            118           101 
 76            82            99            79            71            63            68            71 
 65            65            57            61            70            84            62            55 
 66            53            56            51            59            55            60            54 
 39            55            41            52            53            50            55            44 
 48            49            52            38            47            42            44            45 
 42            38            51            39            36            45            39            34 
 35            40            31            28            43            32            24            34 
 27            23            26            29            33            26            22            30 
 25            20            27            28            25            29            29            26 
 24            28            20            24            24            17            23            26 
 15            18            27            16            20            31            19            17 
 24            23            17            22            23            25            13            25 
 16            23            20            20            21            12            19            18 
 23            22            19            24            20            23            11            18 
 19            21            16            15            19            14            19            13 
 22            21            24            22            16            17            17            13 
 12            18            15            17            18            25            24            17 
 25            14            18            21            20            21            12            9 
 17            24            21            18            14            12            14            25 
 23            21            20            15            15            19            18            14 
 20            19            16            17            22            15            18            19 
 14            19            26            21            17            11            23            21 
 8             15            15            11            13            11            13            12 
 10            8             14            11            11            13            5             6 
 9             6             11            11            7             8             9             13 
 10            7             5             11            12            8             11            10 
 6             11            12            8             8             10            14            4 
 8             9             9             10            7             7             10            2 
 7             9             8             5             7             6             6             6 
 4             6             7             7             7             7             4             6 
 2             12            7             8             9             5             5             6 
 4             3             3             9             5             5             10            4 
 5             4             6             4             5             7             5             7 
 8             7             6             8             7             8             8             9 
 3             7             6             10            10            6             13            5 
 5             6             5             5             5             11            5             2 
 6             7             6             4             7             10            9             5 
 3             4             9             8             6             8             9             1 
 5             5             11            3             4             4             8             3 
 2             6             1             2             5             4             9             7 
 6             4             4             2             5             2             4             6 
 4             3             3             2             2             2             6             8 
 7             4             4             3             6             4             4             6 
 6             3             7             9             8             4             7             5 
 10            3             7             3             2             6             6             6 
 7             5             5             4             3             9             6             1 
 5             3             5             4             1             5             7             1 
 5             5             0             6             5             7             4             4 
 1             4             4             5             6             4             0             0 
 3             4             6             2             2             2             5             2 
 5             7             1             4             3             1             7             2 
 3             4             4             3             2             4             3             6 
 3             1             6             1             3             4             2             4 
 2             8             3             1             4             3             2             1 
 4             3             3             6             3             6             2             4 
 4             0             3             2             3             1             3             3 
 4             7             1             4             1             6             1             1 
 5             4             2             1             3             2             2             3 
 2             3             4             5             6             4             3             5 
 4             3             5             2             6             3             3             5 
 4             3             1             3             3             7             4             1 
 2             5             3             5             5             3             2             3 
 3             4             3             6             5             2             2             3 
 2             1             5             1             6             2             1             3 
 1             4             4             3             3             1             2             2 
 5             3             0             0             2             3             2             1 
 0             2             0             0             1             2             0             2 
 2             1             0             0             0             0             2             0 
 2             1             0             3             1             0             0             2 
 0             0             0             0             0             0             0             0 
 1             0             0             0             0             0             1             1 
 0             2             1             1             0             0             0             0 
 1             1             2             1             1             0             1             3 
 2             0             1             0             0             1             0             1 
 0             2             1             0             1             0             0             1 
 0             0             1             1             2             1             1             0 
 0             2             0             0             1             0             2             1 
 1             0             1             0             0             0             1             0 
 1             1             0             1             1             0             1             1 
 0             0             1             0             1             2             0             0 
 1             0             0             0             0             0             0             0 
 1             1             0             0             0             0             0             1 
 0             1             0             1             0             1             1             0 
 1             1             0             0             1             0             0             1 
 0             0             0             0             0             0             1             1 
 2             0             0             0             0             0             1             0 
 0             1             1             1             0             0             2             1 
 0             0             0             1             0             0             1             0 
 1             2             0             1             0             0             0             0 
 1             0             0             1             1             1             0             0 
 0             0             0             0             0             0             0             0 
 0             0             0             0             0             0             1             1 
 0             2             0             0             0             0             0             0 
 0             0             0             1             1             1             0             0 
 0             0             1             0             2             0             3             1 
 0             0             2             0             0             0             0             0 
 0             0             0             0             0             0             0             0 
 0             0             0             1             1             1             0             0 
 0             0             0             4             0             0             0             0 
 1             1             0             0             1             0             0             0 
 1             1             2             1             1             2             2             0 
 0             0             0             0             0             2             0             0 
 1             0             0             0             1             0             1             0 
 0             0             1             0             0             0             0             1 
 0             1             0             0             0             1             0             0 
 0             0             0             0             0             0             0             0 
 0             0             2             0             0             0             0             0 
 1             1             0             0             0             0             0             0 
 0             1             0             0             0             0             1             0 
 0             0             0             0             0             0             0             0 
 0             0             0             0             1             0             0             0 
 1             0             0             0             0             1             0             0 
 0             0             0             0             0             0             0             0 
 0             0             0             0             0             0             0             0 
