$SPEC_ID:
bMCA Spectrum
$DATE_MEA:
06-17-2022  09:13:37
$MEAS_TIM:
 59.495        60
$DEVICE_ID:
bMCA 06201013
$ACQ_SETTINGS:
 2             60            1000          4             4095 
$HRDW_PARAMS:
PHA
 800
 3             3277          5 
 7             0             1023 
 80            25            45 
-1            -1 
$SPEC_CAL:
 19.48485      1.975924      3.540608E-04
$MCA_CAL:
3
 19.48485      1.975924      3.540608E-04
$ROI:
 51            70            255           1            57Co
$DATA:
 0             1023 
 2             3             0             6             8             28            30            38 
 60            62            75            86            72            72            66            66 
 79            84            86            100           127           127           90            108 
 81            86            93            71            85            89            88            112 
 114           152           143           181           198           226           249           245 
 246           268           308           298           311           339           414           508 
 647           785           1082          1313          1541          1742          1864          1949 
 1885          1920          1834          1917          1879          1855          1881          2008 
 2043          1983          1870          1678          1459          1179          961           729 
 534           383           333           227           186           162           154           124 
 91            94            86            90            81            67            74            71 
 70            64            70            61            77            56            67            61 
 58            83            59            54            64            64            65            56 
 54            77            50            57            48            61            51            52 
 58            60            42            51            45            47            30            39 
 40            50            40            31            39            49            36            32 
 33            29            32            48            42            28            24            33 
 35            34            42            38            30            32            28            28 
 27            22            33            33            28            30            25            28 
 35            23            24            21            18            17            26            29 
 21            18            24            19            15            30            21            28 
 16            18            16            21            22            23            18            16 
 10            18            16            11            19            8             15            8 
 12            21            19            13            26            15            13            14 
 11            18            14            15            13            15            10            12 
 13            15            13            9             15            15            14            14 
 8             5             10            10            8             12            20            13 
 12            14            12            7             6             23            7             14 
 7             11            13            11            5             12            14            6 
 11            7             9             11            8             5             11            11 
 9             7             7             8             13            10            3             7 
 9             6             13            5             8             6             5             9 
 10            9             8             5             11            5             13            8 
 3             7             8             7             13            6             6             6 
 5             5             7             15            9             3             11            7 
 6             10            11            13            11            3             8             11 
 15            12            9             10            10            3             16            8 
 9             7             16            7             7             11            9             9 
 11            8             5             10            7             11            6             9 
 5             9             9             10            12            7             6             9 
 11            7             5             5             9             6             4             7 
 8             3             8             5             4             4             6             4 
 6             1             7             6             4             3             6             4 
 6             5             5             4             2             2             4             5 
 5             3             2             3             6             5             4             4 
 3             0             6             3             5             2             2             6 
 5             2             3             5             1             2             1             2 
 5             1             3             4             4             4             3             2 
 2             2             2             2             0             3             1             2 
 3             4             2             7             3             1             4             2 
 5             3             4             1             8             4             6             2 
 12            3             7             5             2             2             2             3 
 4             1             4             5             3             3             0             7 
 3             1             3             1             4             5             0             3 
 6             1             1             3             3             3             2             0 
 2             2             4             4             3             3             3             3 
 3             4             2             3             5             0             1             1 
 1             2             4             0             3             2             3             6 
 4             1             4             4             2             2             2             5 
 4             1             3             3             4             3             0             0 
 3             1             2             3             1             1             3             1 
 1             2             3             1             2             4             2             1 
 3             4             3             2             2             4             5             3 
 2             0             1             4             2             3             4             1 
 1             3             2             3             3             2             1             3 
 2             2             4             2             5             2             6             1 
 2             4             2             1             1             2             3             0 
 2             2             1             1             3             3             2             1 
 4             1             2             1             1             1             1             3 
 1             3             2             3             4             2             1             1 
 1             2             4             3             0             5             1             0 
 1             0             0             0             1             3             0             2 
 2             0             0             2             0             2             0             1 
 0             1             3             0             3             2             1             1 
 2             0             1             1             0             4             3             1 
 1             1             1             2             0             1             0             0 
 1             2             0             2             1             3             3             1 
 0             1             2             1             2             2             0             2 
 1             1             2             1             1             1             2             3 
 2             3             2             1             1             0             3             2 
 0             0             1             2             1             1             0             0 
 1             0             2             3             3             0             1             1 
 1             3             2             1             2             1             0             1 
 0             4             1             3             1             1             3             3 
 1             3             3             0             4             4             1             1 
 0             2             3             1             0             0             0             0 
 0             1             0             0             1             0             2             1 
 2             0             2             1             3             3             0             1 
 1             0             0             0             0             0             1             0 
 2             0             2             0             0             0             0             0 
 0             1             1             0             0             0             0             0 
 0             0             2             1             1             0             0             0 
 0             1             1             1             1             0             1             1 
 0             0             1             0             0             0             0             0 
 0             0             0             0             0             0             0             0 
 0             0             0             0             0             1             1             0 
 1             0             0             0             1             0             0             1 
 1             0             0             2             0             0             1             0 
 0             0             0             0             0             4             1             0 
 0             0             0             1             0             0             0             2 
 0             0             0             0             0             1             0             0 
 1             1             2             0             1             0             0             0 
 0             1             0             0             0             0             0             0 
 0             1             0             0             0             0             0             0 
 0             0             0             1             0             0             0             0 
 0             0             0             1             0             0             0             0 
 0             1             0             0             0             0             0             0 
 0             0             0             0             2             0             0             0 
 1             0             1             0             0             0             0             0 
 0             0             0             0             0             1             0             0 
 0             0             0             0             0             0             0             1 
 0             1             0             0             0             0             0             0 
 0             0             0             0             1             0             0             1 
 1             0             1             0             0             0             0             0 
 0             0             0             0             0             0             1             0 
 0             0             0             0             1             0             1             0 
 0             0             0             0             0             0             0             0 
 1             0             0             1             0             0             0             0 
 0             0             0             0             0             1             0             0 
 1             1             0             0             0             0             0             1 
 0             0             0             0             0             1             0             0 
 0             0             0             0             0             0             1             1 
 1             0             0             0             0             3             1             0 
 0             0             0             0             0             0             0             0 
 0             0             0             0             0             0             0             0 
 0             0             0             0             0             0             0             0 
 0             0             1             0             0             0             1             0 
 0             1             0             0             0             0             0             0 
