$SPEC_ID:
bMCA Spectrum
$DATE_MEA:
06-24-2022  10:03:59
$MEAS_TIM:
 59.475        60
$DEVICE_ID:
bMCA 06201013
$ACQ_SETTINGS:
 2             60            1000          4             4095 
$HRDW_PARAMS:
PHA
 790
 3             3276          5 
 7             0             1023 
 80            25            45 
-1            -1 
$SPEC_CAL:
-21.59134      2.380025      1.831466E-04
$MCA_CAL:
3
-21.59134      2.380025      1.831466E-04
$ROI:
 40            70            255           1            57Co
$DATA:
 0             1023 
 6             7             6             19            21            34            55            58 
 67            78            80            86            87            77            83            111 
 109           126           130           157           133           141           104           108 
 103           106           120           121           127           138           180           183 
 190           218           272           290           345           334           315           294 
 349           444           493           650           842           1179          1431          1777 
 1891          2124          2148          2070          2017          2083          1968          1860 
 2060          2093          2272          2214          2133          1981          1750          1336 
 1062          859           604           499           335           260           235           154 
 129           116           108           85            80            90            79            85 
 74            91            68            68            61            76            76            55 
 63            49            60            74            63            56            57            64 
 53            69            59            51            66            42            65            52 
 44            52            53            60            46            41            50            53 
 51            49            36            40            33            29            40            22 
 41            27            22            47            27            26            34            25 
 29            21            35            28            27            31            20            24 
 25            28            19            18            28            30            37            32 
 20            23            29            15            23            16            23            26 
 26            23            22            17            19            22            17            16 
 27            16            17            13            17            17            16            15 
 12            9             18            8             15            5             11            14 
 12            17            14            10            14            16            10            17 
 11            11            21            12            14            8             9             10 
 11            2             10            17            8             14            11            11 
 11            7             7             8             15            10            9             13 
 11            11            11            13            7             4             6             5 
 11            14            8             6             6             14            13            4 
 4             12            7             9             6             13            8             5 
 12            3             7             11            14            7             4             8 
 5             12            9             7             8             11            7             9 
 7             8             6             5             9             6             13            7 
 11            3             7             6             10            10            9             8 
 8             3             9             9             13            11            12            5 
 8             10            16            8             12            10            10            6 
 7             9             6             16            5             6             6             8 
 2             3             8             6             6             6             4             4 
 4             5             6             5             5             8             11            3 
 9             5             6             5             6             6             7             3 
 5             5             5             4             8             5             3             3 
 5             3             5             7             1             7             5             6 
 4             2             2             4             3             2             3             1 
 3             5             6             3             4             2             4             2 
 2             0             3             3             4             2             3             4 
 3             5             3             3             3             5             2             6 
 6             4             3             3             7             4             3             3 
 4             0             2             3             4             5             2             4 
 2             2             6             4             7             4             4             4 
 9             4             5             4             2             3             4             5 
 5             0             2             2             1             5             1             5 
 2             5             4             2             1             1             2             7 
 3             4             4             2             2             5             2             2 
 1             3             4             5             1             2             5             3 
 1             2             2             3             2             0             3             4 
 4             1             2             3             0             1             1             4 
 4             1             2             3             5             2             4             1 
 1             2             3             3             5             1             4             3 
 3             3             1             1             3             3             5             2 
 3             3             1             7             0             2             1             4 
 1             1             5             4             0             3             3             5 
 4             4             1             2             3             4             5             4 
 4             2             2             3             2             2             1             0 
 1             4             4             4             1             2             0             4 
 3             1             1             1             1             1             1             1 
 4             2             2             3             1             2             1             2 
 2             1             2             3             0             0             3             0 
 4             1             3             2             0             1             2             2 
 1             2             4             4             3             2             2             0 
 2             1             0             3             2             3             2             4 
 1             6             1             0             3             1             2             1 
 0             2             1             4             1             4             1             1 
 3             3             1             1             0             0             2             3 
 5             3             1             1             2             1             1             1 
 4             0             2             1             0             3             3             4 
 3             3             2             0             3             1             2             0 
 0             1             3             3             1             3             2             1 
 1             0             1             1             2             1             2             0 
 1             0             2             1             1             0             0             1 
 1             1             0             2             0             1             1             0 
 0             0             2             0             1             0             0             1 
 0             0             1             0             0             0             2             1 
 0             1             0             1             0             0             0             0 
 2             0             0             0             1             1             0             1 
 0             0             0             1             0             0             1             2 
 0             0             0             0             0             0             0             0 
 3             0             0             0             1             0             0             1 
 0             0             0             0             0             0             0             1 
 1             0             1             1             0             0             0             0 
 0             1             1             0             0             0             0             2 
 2             0             0             1             0             0             0             1 
 1             1             2             2             0             1             0             0 
 1             0             0             0             0             0             0             1 
 1             0             0             0             1             0             0             1 
 0             0             0             0             1             1             0             1 
 1             0             0             0             0             1             1             0 
 0             1             0             0             0             0             0             0 
 0             0             1             0             1             0             0             0 
 0             0             1             0             0             1             0             1 
 0             0             0             0             0             0             0             0 
 0             0             0             2             1             0             0             1 
 1             0             0             0             0             0             0             0 
 1             1             1             0             0             1             0             0 
 0             0             0             0             0             0             0             0 
 0             2             1             0             1             0             0             0 
 0             1             0             0             0             0             1             0 
 0             0             0             0             0             0             0             2 
 1             0             0             1             0             0             0             0 
 1             1             0             0             0             0             2             0 
 0             0             0             0             0             0             0             0 
 0             0             0             0             1             0             0             0 
 1             0             0             0             0             2             0             0 
 0             0             0             0             0             0             0             0 
 1             1             0             1             0             0             0             0 
 0             0             0             0             0             0             0             0 
 1             0             0             0             0             0             1             1 
 0             0             0             1             1             0             0             0 
 0             0             0             0             0             0             0             0 
 0             0             1             0             0             0             0             0 
 0             0             1             0             0             0             0             0 
 0             1             0             0             0             1             0             0 
 0             0             0             0             0             0             0             0 
 0             0             0             0             0             0             0             0 
 0             0             0             0             0             0             0             0 
 0             0             0             0             0             0             0             0 
 0             0             1             0             0             0             0             1 
 0             0             0             0             0             0             0             0 
 0             1             0             0             0             0             0             1 
 0             0             0             0             0             0             0             0 
