$SPEC_ID:
bMCA Spectrum
$DATE_MEA:
06-22-2022  10:52:01
$MEAS_TIM:
 178.53        180
$DEVICE_ID:
bMCA 06201013
$ACQ_SETTINGS:
 2             180           1000          4             4095 
$HRDW_PARAMS:
PHA
 800
 3             3276          5 
 7             0             1023 
 80            25            45 
 1             1 
$SPEC_CAL:
-21.61505      2.251173      8.800329E-05
$MCA_CAL:
3
-21.61505      2.251173      8.800329E-05
$ROI:
 45            74            32768         1            57Co
$DATA:
 0             1023 
 3             8             8             15            29            63            90            128 
 209           220           233           232           234           221           231           200 
 237           263           313           335           391           392           362           345 
 342           300           295           291           313           321           319           373 
 431           411           546           572           699           701           812           809 
 880           773           880           934           1035          1121          1347          1797 
 2293          2846          3598          4434          5098          5570          5740          5786 
 5500          5529          5358          5227          5407          5460          5857          5958 
 5790          5747          5120          4668          3653          2995          2229          1753 
 1296          952           815           582           456           382           284           276 
 239           251           227           205           192           203           173           193 
 191           185           189           162           177           168           152           175 
 174           184           155           145           162           179           175           167 
 168           157           152           156           151           127           140           124 
 139           157           136           140           126           112           109           124 
 132           111           113           105           99            109           96            92 
 95            97            81            91            85            91            102           78 
 87            73            82            80            89            72            63            69 
 69            81            66            66            57            49            64            63 
 63            46            50            72            45            73            52            55 
 55            63            53            51            70            52            58            47 
 57            46            52            49            57            47            47            51 
 54            33            47            38            48            45            28            33 
 31            33            31            37            35            30            33            31 
 36            23            28            34            35            34            37            30 
 27            28            23            24            35            21            30            26 
 32            23            29            27            29            28            21            24 
 40            30            28            37            31            35            25            30 
 20            26            20            30            32            23            27            28 
 38            19            19            20            18            32            18            15 
 24            21            28            20            31            21            24            18 
 22            23            24            22            31            21            19            18 
 23            17            15            25            16            14            13            21 
 31            17            19            21            15            27            24            17 
 18            23            20            21            22            25            20            19 
 20            26            20            15            16            19            27            24 
 23            24            21            34            29            27            17            22 
 18            19            30            19            23            18            29            33 
 20            35            11            13            17            20            16            18 
 14            20            25            18            18            15            19            13 
 14            20            7             12            14            10            14            13 
 11            18            14            14            11            10            11            8 
 8             11            8             12            9             8             8             11 
 9             13            6             14            6             6             10            13 
 11            2             10            10            11            10            15            9 
 6             11            9             8             6             11            13            6 
 9             14            8             11            5             15            9             11 
 10            6             6             7             5             11            10            6 
 10            6             8             14            5             12            10            5 
 11            8             14            7             10            6             8             12 
 7             6             8             13            8             6             11            8 
 12            3             11            9             5             8             9             6 
 7             5             5             8             7             11            11            3 
 11            8             9             4             7             7             12            11 
 7             8             8             7             8             8             8             3 
 8             4             4             8             8             8             12            3 
 7             3             7             11            5             8             4             1 
 6             5             11            5             6             2             3             8 
 9             6             5             3             6             8             5             5 
 6             6             5             6             6             4             9             4 
 8             5             11            5             6             9             6             4 
 5             8             7             2             5             8             6             3 
 3             3             6             12            7             9             5             6 
 4             11            11            4             6             7             7             6 
 7             10            5             8             4             7             8             5 
 4             8             9             5             2             8             4             9 
 10            5             4             2             8             5             10            5 
 6             7             8             7             3             5             8             4 
 6             4             3             5             6             4             2             3 
 6             2             7             4             2             2             3             3 
 10            6             4             3             4             4             4             2 
 2             3             5             4             2             2             2             7 
 2             3             6             5             6             5             0             4 
 9             3             4             4             5             1             3             7 
 5             3             2             3             2             7             2             0 
 2             3             5             3             3             4             4             2 
 4             2             0             2             6             4             5             3 
 4             3             5             7             8             6             5             3 
 8             3             3             2             8             5             5             6 
 8             2             2             3             8             8             3             8 
 7             6             6             5             6             5             1             9 
 9             8             6             0             3             2             6             13 
 2             7             2             7             7             6             5             3 
 7             2             5             4             2             3             2             3 
 1             2             3             2             3             3             4             2 
 3             4             5             2             2             4             2             0 
 2             2             3             3             1             1             1             4 
 0             1             2             2             4             3             0             0 
 2             0             1             2             0             0             3             0 
 0             0             2             3             2             3             1             0 
 1             1             2             1             2             1             0             2 
 0             1             1             0             2             0             2             0 
 0             0             2             0             0             0             2             2 
 1             2             2             3             2             4             1             0 
 2             2             1             1             1             1             4             2 
 2             1             1             1             4             0             2             2 
 0             3             2             2             1             0             2             0 
 0             1             1             2             4             0             2             0 
 2             1             0             1             1             0             1             0 
 1             2             0             0             1             1             0             1 
 1             3             1             2             0             1             2             0 
 1             0             0             1             0             0             1             0 
 0             1             1             0             0             0             1             2 
 0             3             1             1             1             0             2             1 
 0             0             0             1             0             0             1             0 
 1             0             0             1             0             0             1             1 
 2             0             0             2             0             1             1             0 
 0             1             0             0             0             0             0             2 
 0             0             0             0             1             0             0             1 
 0             0             0             0             0             1             2             0 
 1             0             1             1             1             1             0             1 
 0             0             0             2             1             2             0             1 
 1             0             0             1             0             1             0             0 
 0             0             1             1             1             0             2             2 
 1             0             2             1             0             0             2             1 
 0             1             2             2             0             1             0             2 
 2             0             1             1             0             0             0             1 
 1             0             0             1             0             1             0             2 
 2             1             0             0             1             1             1             1 
 0             3             1             0             0             1             1             2 
 1             0             1             0             2             1             0             0 
 0             0             0             0             1             0             2             0 
 0             0             1             0             1             0             2             1 
 0             0             1             0             1             1             0             0 
 1             0             1             0             0             0             1             0 
 0             1             0             1             0             1             0             1 
 0             0             0             2             1             0             2             2 
 1             0             0             1             0             1             0             0 
