$SPEC_ID:
bMCA Spectrum
$DATE_MEA:
06-24-2022  09:42:24
$MEAS_TIM:
 178.43        180
$DEVICE_ID:
bMCA 06201013
$ACQ_SETTINGS:
 2             180           1000          4             4095 
$HRDW_PARAMS:
PHA
 810
 3             3276          5 
 7             0             1023 
 80            25            45 
-1            -1 
$SPEC_CAL:
-22.21111      2.09241       9.752878E-05
$MCA_CAL:
3
-22.21111      2.09241       9.752878E-05
$ROI:
 49            79            255           1            57Co
$DATA:
 0             1023 
 9             11            15            34            46            60            87            153 
 187           205           223           250           266           271           245           244 
 286           279           299           312           368           347           368           340 
 325           305           272           271           269           243           267           290 
 253           335           397           424           550           538           608           697 
 697           742           824           850           877           890           932           1028 
 1223          1365          1783          2206          2696          3420          3970          4822 
 5185          5698          5859          5717          5566          5556          5577          5489 
 5529          5877          6076          5966          5960          5536          5091          4497 
 3561          2872          2253          1751          1342          986           824           687 
 524           428           358           296           256           224           221           205 
 222           202           193           182           188           209           169           228 
 160           176           197           167           179           184           169           178 
 171           161           155           158           159           157           153           143 
 158           110           135           139           123           155           118           131 
 120           137           121           142           118           139           121           111 
 114           108           119           102           104           86            82            99 
 92            99            93            102           66            89            86            73 
 90            86            80            62            72            60            61            74 
 63            69            77            62            77            60            65            73 
 70            67            60            71            69            61            66            58 
 59            55            68            59            48            53            59            58 
 58            59            54            46            63            53            47            54 
 59            46            50            42            39            42            49            36 
 40            35            32            23            35            35            45            37 
 43            43            30            38            30            29            38            42 
 41            32            33            31            28            38            32            21 
 28            20            45            30            28            32            24            29 
 24            29            36            34            31            27            25            31 
 30            24            21            21            38            24            26            32 
 25            26            20            30            30            26            22            29 
 18            28            31            15            27            15            23            21 
 20            25            25            30            25            26            25            18 
 19            24            19            19            21            19            25            19 
 29            21            19            20            20            26            16            22 
 26            24            22            23            17            18            23            25 
 25            26            25            15            23            22            20            27 
 23            27            21            19            30            18            22            24 
 26            27            30            22            25            34            25            24 
 30            27            22            32            26            37            27            22 
 14            20            22            24            15            24            18            20 
 27            23            15            21            24            27            25            19 
 13            21            15            11            17            19            15            13 
 15            17            13            11            17            10            14            12 
 9             12            11            17            13            15            7             7 
 11            14            9             13            9             12            11            10 
 14            8             15            10            10            14            10            13 
 12            10            10            11            17            4             10            10 
 15            11            4             6             15            3             14            11 
 10            5             15            4             4             8             7             4 
 10            11            8             11            9             11            14            11 
 6             6             7             11            7             7             11            11 
 4             11            13            8             5             7             5             11 
 7             14            7             8             9             10            5             5 
 12            7             7             5             6             9             9             17 
 5             9             2             4             13            4             6             11 
 9             10            12            7             6             14            7             8 
 9             12            11            5             6             9             7             8 
 11            4             10            6             7             4             9             6 
 4             9             6             8             2             8             8             4 
 7             6             9             5             10            5             7             8 
 5             8             5             5             7             6             12            4 
 4             6             6             6             7             4             7             7 
 6             6             6             3             11            3             6             4 
 3             5             7             7             8             7             2             8 
 8             4             9             9             9             7             7             7 
 7             6             7             5             5             6             6             7 
 8             11            3             6             10            7             11            7 
 6             7             5             6             7             8             5             6 
 9             10            5             4             6             8             7             6 
 5             3             5             7             3             4             8             2 
 7             3             5             12            4             4             7             4 
 3             4             6             7             4             4             9             5 
 1             4             2             6             1             10            6             6 
 1             5             2             5             5             4             5             4 
 6             4             4             4             3             1             8             7 
 7             4             5             1             0             3             3             5 
 7             5             3             2             6             7             2             2 
 12            2             4             6             5             4             2             4 
 4             4             4             2             2             6             5             7 
 1             3             4             3             3             5             1             5 
 4             3             3             3             4             5             1             9 
 2             3             3             3             7             5             5             6 
 7             7             7             5             6             4             2             10 
 4             4             4             5             4             6             6             8 
 3             4             6             7             2             5             6             11 
 2             6             9             4             7             5             3             6 
 4             4             4             1             5             8             2             4 
 6             2             2             1             0             5             0             2 
 4             1             6             1             4             0             2             2 
 3             3             2             2             2             2             2             1 
 1             3             3             0             1             1             1             2 
 0             4             2             2             1             1             3             2 
 1             1             0             1             1             1             2             2 
 7             0             1             0             2             1             0             0 
 0             0             2             2             2             1             3             3 
 0             2             1             2             1             1             2             2 
 2             1             3             0             0             1             0             0 
 3             1             2             1             0             2             0             2 
 1             1             0             2             4             0             1             0 
 3             1             3             0             1             1             0             2 
 3             3             1             0             1             1             0             1 
 0             1             1             2             1             1             0             3 
 1             1             0             1             0             4             3             0 
 2             1             1             1             0             0             1             0 
 1             1             2             1             0             1             0             0 
 0             2             0             0             0             2             2             0 
 1             2             1             0             1             1             1             0 
 0             0             0             0             0             0             0             2 
 1             2             0             1             0             0             2             0 
 1             1             1             0             1             0             0             0 
 2             1             0             0             0             0             1             0 
 2             0             0             0             2             2             0             0 
 0             0             0             1             0             0             1             0 
 2             1             1             0             1             2             0             0 
 0             2             0             0             0             0             0             0 
 1             2             2             0             1             0             0             1 
 0             0             0             1             1             1             0             0 
 2             2             0             1             0             0             0             0 
 1             2             0             2             0             0             0             0 
 0             0             0             1             0             0             1             2 
 0             1             0             0             0             2             0             1 
 2             0             2             1             0             1             0             0 
 1             1             0             0             0             1             0             1 
 0             2             1             0             1             2             0             0 
 1             2             1             0             0             0             0             0 
 1             0             0             1             2             0             0             1 
 0             1             1             0             0             0             0             0 
