$SPEC_ID:	$DATE_MEA:	$MEAS_TIM:	$DEVICE_ID:	$ACQ_SETTINGS:	$HRDW_PARAMS:	$SPEC_CAL:	$MCA_CAL:	$ROI:	$DATA:
bMCA Spectrum	06-17-2022  09:12:36	 59.495        60	bMCA 06201013	 2             60            1000          4             4095 	PHA	 19.48485      1.975924      3.540608E-04	3	 51            70            255           1            57Co	 0             1023 
					800		 19.48485      1.975924      3.540608E-04		 0             0             6             4             15            16            31            33 
					 3             3277          5 				 60            71            75            81            78            69            54            65 
					 7             0             1023 				 80            89            102           115           109           112           102           97 
					 80            25            45 				 97            88            73            90            87            102           100           106 
					-2				 101           115           169           180           204           232           215           259 
									 284           258           300           293           323           367           421           478 
									 637           844           997           1279          1509          1817          1896          1931 
									 1957          1913          1876          1811          1788          1778          1944          1983 
									 1982          1972          1909          1635          1430          1212          869           740 
									 574           453           331           256           192           195           131           112 
									 82            87            77            89            86            81            78            63 
									 67            62            71            73            67            71            62            68 
									 74            82            67            71            55            57            49            53 
									 46            54            59            64            46            53            54            42 
									 57            59            48            31            47            39            37            31 
									 50            34            46            35            30            35            40            37 
									 31            46            31            27            30            30            24            24 
									 43            37            32            32            28            24            36            24 
									 27            23            18            31            32            25            33            28 
									 25            19            20            20            22            24            37            14 
									 19            16            26            17            13            22            22            15 
									 12            16            28            25            23            18            12            22 
									 12            11            15            9             17            20            14            12 
									 10            16            19            19            10            10            20            12 
									 17            9             19            10            12            15            13            15 
									 17            16            11            16            18            10            9             7 
									 7             13            9             10            11            13            12            10 
									 8             16            9             11            8             13            9             16 
									 11            9             14            7             16            8             11            14 
									 11            3             6             6             13            15            8             13 
									 10            13            13            6             5             14            7             9 
									 9             7             5             2             8             11            13            10 
									 5             9             8             7             6             9             8             5 
									 6             6             10            6             8             11            8             15 
									 15            6             6             7             12            4             9             10 
									 7             8             9             11            5             9             12            12 
									 8             11            9             11            13            10            6             11 
									 9             7             9             11            11            8             8             9 
									 8             11            9             16            13            10            4             7 
									 5             6             11            14            8             11            5             8 
									 5             5             9             7             7             6             4             4 
									 6             4             6             5             12            4             3             5 
									 7             3             4             5             10            2             2             2 
									 5             4             5             4             0             5             6             5 
									 5             7             3             2             6             4             5             2 
									 5             2             2             5             1             3             5             3 
									 5             4             5             4             6             2             4             3 
									 4             3             7             5             4             6             7             5 
									 1             3             3             4             2             4             4             1 
									 4             6             2             3             4             5             7             2 
									 4             3             1             3             1             1             1             1 
									 3             2             3             3             1             5             1             4 
									 1             2             0             2             3             4             2             1 
									 1             1             3             2             4             2             2             3 
									 2             4             4             6             0             1             3             6 
									 2             1             0             1             3             4             6             3 
									 3             3             1             7             3             2             1             1 
									 4             2             1             1             8             3             2             1 
									 0             6             5             2             3             4             2             2 
									 0             0             2             1             5             1             2             1 
									 1             1             2             5             0             1             2             2 
									 2             3             1             4             2             1             0             2 
									 1             4             2             4             2             2             5             3 
									 3             3             3             3             5             3             2             5 
									 2             4             2             0             1             2             5             5 
									 3             4             3             2             3             2             2             6 
									 0             3             3             3             2             4             0             3 
									 4             3             1             4             2             2             2             0 
									 1             0             0             2             2             1             2             2 
									 1             2             0             1             1             1             1             3 
									 1             2             2             3             0             2             1             2 
									 1             2             2             0             1             0             0             0 
									 1             2             1             2             0             3             0             1 
									 1             1             1             2             1             1             1             0 
									 0             3             2             3             0             0             1             2 
									 0             1             1             2             3             2             0             3 
									 0             0             1             1             0             2             1             0 
									 4             1             0             4             5             1             1             2 
									 3             1             3             2             1             2             1             1 
									 1             5             0             3             2             3             1             2 
									 1             3             4             0             0             1             4             0 
									 1             0             2             0             2             4             2             1 
									 3             3             2             3             3             4             1             1 
									 1             2             1             2             3             1             1             1 
									 4             2             2             0             2             1             2             2 
									 0             0             1             1             0             1             0             0 
									 2             2             1             3             2             0             0             0 
									 0             0             1             0             0             1             1             1 
									 1             1             1             0             0             0             0             0 
									 0             1             1             0             1             2             0             0 
									 0             0             0             0             0             1             1             2 
									 0             0             0             0             0             0             0             0 
									 0             0             0             0             0             0             0             0 
									 0             0             1             1             0             0             1             1 
									 0             0             0             0             1             1             0             1 
									 0             0             1             0             1             0             0             0 
									 0             1             0             0             0             0             1             2 
									 0             0             0             0             0             0             0             0 
									 1             0             1             1             0             1             1             0 
									 0             0             0             0             0             0             0             0 
									 0             1             0             0             0             0             0             0 
									 0             1             0             0             0             0             0             2 
									 0             1             1             0             0             0             3             0 
									 0             0             0             1             0             0             0             0 
									 0             0             0             1             0             1             0             0 
									 0             1             1             0             0             0             1             0 
									 0             0             0             0             0             0             0             0 
									 0             0             1             0             0             0             0             0 
									 1             0             1             0             0             1             0             0 
									 0             0             0             0             0             0             0             1 
									 0             0             0             0             0             0             0             0 
									 0             1             0             1             1             0             0             1 
									 1             0             1             0             0             1             0             1 
									 1             0             0             0             1             1             1             0 
									 0             0             0             1             0             0             1             0 
									 2             0             0             0             0             0             0             0 
									 0             0             0             0             0             0             0             0 
									 0             0             0             0             0             0             0             0 
									 0             0             0             0             0             0             1             0 
									 0             0             0             0             0             1             0             1 
									 1             0             0             1             0             0             1             0 
									 0             1             0             0             0             2             0             0 
									 0             0             0             0             0             0             0             0 
									 0             0             0             0             0             0             0             0 
									 0             0             0             0             0             1             0             2 
									 0             0             0             0             0             0             0             0 
									 0             0             0             0             1             0             0             0 
									 0             2             0             1             0             0             0             0 
