$SPEC_ID:
bMCA Spectrum
$DATE_MEA:
06-24-2022  08:16:51
$MEAS_TIM:
 118.95        120
$DEVICE_ID:
bMCA 06201013
$ACQ_SETTINGS:
 2             120           1000          4             4095 
$HRDW_PARAMS:
PHA
 810
 3             3276          5 
 7             0             1023 
 80            25            45 
 1             1 
$SPEC_CAL:
-22.21111      2.09241       9.752878E-05
$MCA_CAL:
3
-22.21111      2.09241       9.752878E-05
$ROI:
 49            79            255           1            57Co
$DATA:
 0             1023 
 5             5             16            19            29            54            69            108 
 146           135           189           166           195           191           196           208 
 214           213           222           216           235           256           242           249 
 221           185           184           183           183           181           171           192 
 187           223           206           282           273           353           402           431 
 437           546           510           557           599           561           644           673 
 758           816           1052          1328          1666          2241          2586          3145 
 3535          3618          3896          3820          3917          3888          3759          3670 
 3783          3968          3977          4100          3897          3732          3502          2917 
 2440          2037          1597          1222          969           723           588           441 
 349           291           246           216           184           157           148           141 
 153           150           143           131           127           126           128           122 
 126           122           125           116           113           113           100           105 
 115           109           108           109           96            113           98            76 
 96            91            95            111           82            103           85            83 
 98            85            85            76            81            83            83            66 
 63            70            74            77            64            61            66            60 
 76            59            59            68            52            47            50            50 
 62            51            50            50            44            54            54            41 
 57            41            43            48            55            40            47            46 
 46            30            42            40            52            36            40            38 
 41            35            34            44            42            41            46            36 
 36            35            33            47            22            29            24            35 
 27            18            40            29            28            29            37            27 
 32            29            33            20            25            21            27            29 
 14            27            19            30            25            15            31            24 
 19            13            30            16            16            22            20            13 
 22            24            21            16            23            18            22            26 
 18            19            22            18            14            14            18            21 
 22            14            19            19            16            12            18            18 
 22            14            24            18            28            28            13            20 
 16            22            15            14            19            19            22            23 
 15            17            20            9             24            10            14            13 
 19            21            8             21            15            10            11            12 
 8             16            17            17            14            10            19            16 
 8             9             10            7             17            17            14            13 
 18            11            11            15            14            13            10            9 
 17            15            14            13            13            16            20            16 
 14            15            13            8             16            17            17            17 
 18            18            11            15            17            12            20            9 
 17            18            18            14            16            17            16            16 
 16            10            14            8             12            9             13            13 
 11            10            14            4             7             7             7             6 
 11            13            10            8             12            6             8             10 
 11            9             6             6             6             7             8             11 
 7             3             13            5             3             5             8             9 
 4             8             11            4             5             8             5             9 
 12            8             7             10            3             4             8             5 
 6             11            5             5             8             8             4             10 
 7             8             6             6             8             7             3             8 
 9             6             4             9             9             8             5             3 
 5             5             1             8             5             5             8             5 
 9             8             3             7             6             6             2             3 
 8             5             5             7             7             6             6             5 
 3             13            6             7             8             8             10            7 
 3             8             5             7             7             4             5             5 
 7             4             8             6             4             3             6             5 
 7             4             5             3             6             6             11            2 
 3             3             8             6             7             6             2             2 
 3             6             5             2             7             5             3             1 
 3             9             5             3             6             3             4             5 
 3             1             2             3             6             2             5             2 
 3             3             4             7             2             6             4             4 
 3             3             2             3             3             1             3             6 
 6             7             5             7             3             4             2             7 
 5             7             1             1             1             3             2             3 
 2             6             4             3             5             5             6             6 
 3             4             3             5             3             4             5             6 
 7             1             5             6             4             6             5             3 
 7             1             5             2             3             5             5             8 
 7             9             3             3             5             4             5             5 
 6             1             5             4             2             4             0             4 
 1             2             6             2             3             4             0             3 
 3             3             3             2             1             2             2             2 
 5             3             2             3             2             2             3             2 
 2             3             3             3             2             1             3             4 
 4             2             2             1             1             4             3             0 
 3             4             2             2             0             0             2             3 
 6             4             1             4             4             7             3             5 
 3             4             2             1             2             1             6             4 
 0             0             3             2             0             2             7             0 
 1             0             2             3             2             7             4             3 
 7             4             2             8             0             4             3             0 
 3             3             0             3             4             1             3             3 
 1             7             2             3             5             2             4             2 
 4             4             4             1             3             2             5             7 
 1             6             5             5             7             8             4             7 
 3             4             4             4             0             2             1             9 
 1             0             6             1             5             1             4             1 
 5             1             2             5             0             3             0             4 
 2             4             0             3             1             1             2             3 
 2             1             1             2             0             2             3             2 
 0             1             4             0             0             0             2             0 
 1             1             0             1             1             0             1             1 
 1             2             1             0             3             2             1             1 
 0             2             0             1             0             1             1             0 
 3             1             1             1             1             4             0             1 
 1             1             2             1             1             1             0             0 
 0             0             0             0             3             0             1             0 
 0             0             1             0             0             2             0             1 
 0             0             0             1             3             1             0             0 
 1             1             1             0             0             4             0             1 
 2             1             1             2             2             1             1             0 
 0             2             0             0             1             1             4             1 
 1             0             0             0             0             2             2             0 
 0             0             0             0             0             0             0             0 
 0             0             0             0             1             0             1             0 
 0             1             2             1             0             0             0             3 
 1             2             0             0             0             0             1             1 
 0             0             0             1             1             0             1             0 
 0             0             1             1             0             0             2             0 
 0             0             1             1             1             1             1             0 
 0             0             1             2             0             1             1             0 
 0             1             1             0             0             0             0             1 
 0             0             0             0             0             0             1             0 
 0             0             0             0             0             0             0             0 
 1             0             1             1             0             0             1             0 
 1             0             1             0             0             1             0             0 
 0             0             0             0             1             0             0             1 
 0             1             0             1             0             1             0             0 
 0             0             2             2             1             0             0             0 
 1             0             0             0             0             0             0             0 
 1             0             0             1             1             1             0             0 
 1             0             0             0             0             0             3             0 
 1             1             3             0             1             0             1             1 
 0             0             0             1             0             0             0             0 
 0             0             1             0             2             1             0             1 
 1             0             1             0             0             0             0             1 
