$SPEC_ID:
bMCA Spectrum
$DATE_MEA:
06-24-2022  08:08:47
$MEAS_TIM:
 118.95        120
$DEVICE_ID:
bMCA 06201013
$ACQ_SETTINGS:
 2             120           1000          4             4095 
$HRDW_PARAMS:
PHA
 810
 3             3276          5 
 7             0             1023 
 80            25            45 
 1             1 
$SPEC_CAL:
-22.21111      2.09241       9.752878E-05
$MCA_CAL:
3
-22.21111      2.09241       9.752878E-05
$ROI:
 49            79            255           1            57Co
$DATA:
 0             1023 
 5             2             11            17            32            56            68            102 
 144           149           157           199           192           160           182           170 
 195           224           205           217           233           257           255           245 
 212           190           182           169           167           164           201           162 
 223           206           241           239           296           312           339           412 
 507           524           525           527           588           643           613           616 
 669           866           1060          1349          1620          2141          2518          2961 
 3446          3717          3809          3831          3939          3740          3620          3611 
 3750          3997          4021          4021          4052          3840          3502          3095 
 2563          2091          1686          1262          972           765           609           505 
 364           331           255           218           188           146           153           170 
 141           143           130           138           149           131           115           117 
 160           115           127           131           119           107           105           109 
 89            107           121           109           105           86            107           107 
 97            107           86            87            89            94            91            82 
 103           85            79            66            81            83            77            84 
 65            78            68            65            66            76            63            66 
 68            49            59            64            58            46            58            55 
 64            59            47            58            44            35            34            50 
 45            39            35            48            46            58            42            49 
 52            43            32            36            46            37            40            44 
 31            47            40            30            30            50            29            41 
 43            47            36            23            46            27            25            26 
 37            28            29            27            23            33            21            26 
 24            31            36            16            27            27            20            17 
 21            30            25            20            22            17            16            18 
 25            24            13            26            26            24            21            15 
 20            19            20            18            21            21            25            21 
 23            12            20            21            18            22            19            24 
 17            14            12            14            18            20            17            22 
 19            14            17            19            23            12            16            17 
 30            14            20            14            14            10            16            13 
 23            17            19            17            12            11            13            14 
 13            12            9             9             8             15            19            8 
 12            12            10            13            19            16            18            16 
 7             18            8             15            11            15            11            11 
 9             11            16            11            14            11            20            17 
 19            14            18            10            16            18            17            15 
 8             17            27            11            10            11            15            22 
 11            18            15            14            17            15            17            12 
 17            16            15            18            16            13            14            14 
 12            12            16            12            11            14            13            7 
 6             15            11            8             14            14            11            9 
 10            9             7             8             10            13            10            12 
 9             9             4             7             14            7             5             5 
 7             11            9             4             6             5             8             12 
 4             6             7             2             8             4             3             3 
 6             5             8             7             3             9             5             10 
 7             8             8             5             6             5             3             5 
 5             13            5             6             4             9             9             5 
 6             5             6             9             7             7             5             8 
 5             6             7             7             9             6             4             8 
 5             6             3             9             6             7             4             6 
 9             10            8             6             4             8             6             6 
 3             11            5             7             3             6             6             6 
 5             4             5             5             10            5             7             8 
 5             5             11            8             7             10            3             10 
 4             7             5             4             3             5             7             2 
 4             6             9             8             2             3             0             8 
 5             3             3             6             3             8             4             3 
 7             6             3             6             5             6             7             6 
 4             3             2             3             6             3             5             3 
 3             7             3             3             1             4             1             4 
 0             2             5             5             3             7             2             2 
 1             3             3             6             1             3             4             3 
 7             9             3             2             3             2             3             6 
 3             6             8             4             2             6             5             3 
 2             7             7             8             7             4             3             4 
 2             3             6             7             8             3             2             3 
 6             1             7             3             4             11            4             3 
 5             2             2             1             2             4             3             2 
 4             2             2             7             4             7             1             3 
 3             4             2             5             5             3             1             3 
 5             1             5             2             4             3             2             1 
 2             3             3             3             1             2             3             4 
 1             2             3             2             2             4             1             5 
 0             1             2             2             3             2             5             3 
 3             3             2             1             2             2             3             0 
 2             1             3             1             3             2             2             6 
 4             2             2             2             3             1             3             0 
 2             4             2             3             2             3             4             3 
 2             4             2             1             5             3             2             7 
 2             2             1             3             6             2             5             2 
 4             3             5             1             6             7             3             3 
 1             2             6             2             1             6             3             4 
 4             3             3             5             7             3             3             4 
 7             5             6             3             6             3             2             9 
 4             4             4             0             3             3             10            3 
 5             2             1             3             1             3             3             3 
 3             2             3             2             1             0             2             1 
 4             4             3             3             4             1             3             0 
 2             2             2             1             2             1             0             0 
 2             4             0             2             2             3             1             1 
 2             1             2             2             0             0             0             0 
 1             2             0             2             2             1             0             1 
 1             0             0             0             2             1             2             0 
 0             0             2             1             0             0             0             1 
 1             1             0             1             0             0             1             0 
 1             0             0             1             2             2             1             1 
 0             2             0             0             0             0             1             0 
 0             0             0             1             2             1             2             2 
 0             1             1             0             0             0             2             0 
 1             1             0             0             0             2             0             1 
 1             1             0             0             0             1             1             0 
 1             1             1             0             0             1             1             1 
 2             0             2             1             0             0             0             0 
 0             0             1             0             0             0             0             2 
 1             0             1             0             1             1             3             0 
 0             1             1             0             0             2             1             1 
 0             1             0             0             0             1             0             0 
 0             2             0             0             1             0             0             1 
 0             0             1             1             0             0             0             0 
 0             0             0             0             0             1             0             1 
 0             0             1             0             1             0             0             1 
 0             0             0             2             0             1             1             0 
 0             0             1             0             0             0             1             0 
 0             0             1             1             1             0             0             0 
 0             0             0             0             1             0             1             0 
 0             0             0             1             0             1             0             0 
 2             0             0             0             0             1             1             1 
 1             1             0             0             0             0             1             0 
 2             0             0             0             0             2             0             0 
 3             0             0             0             0             1             1             0 
 0             0             0             0             0             0             2             1 
 0             0             0             0             1             1             1             0 
 0             0             0             1             1             0             0             0 
 1             0             0             0             0             0             0             0 
 0             1             0             0             3             0             1             0 
