$SPEC_ID:
bMCA Spectrum
$DATE_MEA:
06-24-2022  08:10:48
$MEAS_TIM:
 118.945       120
$DEVICE_ID:
bMCA 06201013
$ACQ_SETTINGS:
 2             120           1000          4             4095 
$HRDW_PARAMS:
PHA
 810
 3             3276          5 
 7             0             1023 
 80            25            45 
 1             1 
$SPEC_CAL:
-22.21111      2.09241       9.752878E-05
$MCA_CAL:
3
-22.21111      2.09241       9.752878E-05
$ROI:
 49            79            255           1            57Co
$DATA:
 0             1023 
 3             5             11            20            41            55            79            96 
 148           170           165           200           185           224           196           193 
 216           195           224           249           234           223           237           240 
 208           215           144           179           168           150           174           190 
 232           203           268           274           327           334           365           423 
 417           508           522           538           600           586           636           688 
 714           911           1019          1334          1675          2057          2537          2982 
 3397          3807          3855          4068          3968          3648          3609          3738 
 3818          3928          4003          4084          4120          3881          3510          3043 
 2575          2083          1575          1210          1014          764           597           453 
 361           315           265           215           169           148           159           161 
 141           146           129           120           147           133           119           96 
 132           134           124           116           122           86            111           127 
 102           102           97            96            106           109           99            102 
 77            101           94            91            97            93            80            66 
 81            88            83            94            91            84            86            75 
 84            61            71            70            57            73            64            53 
 54            73            61            58            59            60            46            56 
 51            46            36            58            54            56            42            49 
 40            70            39            40            55            51            44            49 
 35            46            51            46            40            50            33            45 
 45            43            42            44            42            40            39            47 
 38            31            28            37            38            26            27            26 
 39            27            40            26            21            27            31            22 
 22            33            36            15            11            26            35            22 
 31            16            25            21            16            16            29            16 
 15            28            21            18            24            21            20            15 
 20            21            13            23            19            20            17            13 
 15            23            17            17            17            26            20            15 
 14            16            20            23            24            10            14            13 
 12            18            16            17            17            23            12            16 
 12            18            21            12            17            20            24            14 
 21            12            10            15            10            17            13            15 
 15            13            12            20            12            11            15            19 
 16            16            14            7             9             13            18            18 
 12            15            10            11            15            11            14            12 
 15            11            19            14            15            18            11            15 
 15            16            9             12            17            8             24            16 
 18            16            18            14            17            17            18            12 
 19            9             14            19            14            18            16            13 
 15            19            14            15            15            19            17            11 
 19            13            17            20            16            17            11            15 
 11            8             6             14            15            12            10            12 
 12            9             7             6             12            7             3             7 
 11            8             7             4             7             6             5             2 
 8             10            4             7             5             10            12            9 
 7             4             6             5             6             7             7             10 
 5             12            5             7             3             7             9             5 
 7             6             8             8             8             9             7             10 
 6             7             6             10            3             5             4             8 
 7             9             6             6             8             6             8             8 
 6             6             8             9             4             8             6             6 
 9             6             6             4             3             5             3             8 
 4             10            5             5             7             6             2             7 
 4             2             7             3             4             4             3             8 
 8             6             6             6             5             4             4             8 
 4             6             5             5             5             8             11            7 
 5             7             4             7             5             8             4             3 
 1             4             5             8             7             3             8             7 
 2             10            9             2             3             5             8             7 
 6             8             7             3             3             4             4             4 
 3             7             4             4             2             6             2             8 
 4             3             2             2             2             3             3             3 
 7             1             4             5             5             5             6             2 
 2             1             1             2             2             4             7             7 
 4             5             4             4             1             2             5             6 
 3             2             2             6             5             3             2             5 
 2             5             4             5             3             1             6             1 
 5             1             6             3             7             5             6             5 
 3             3             7             4             6             4             7             6 
 2             2             4             2             3             2             5             5 
 1             5             6             3             5             2             1             4 
 1             2             4             1             1             6             1             4 
 2             4             1             3             2             2             4             3 
 1             2             4             3             3             3             3             2 
 2             1             2             3             5             3             2             3 
 5             1             3             7             4             1             1             2 
 3             2             1             1             1             3             3             0 
 3             4             5             2             3             1             0             1 
 3             3             5             4             3             1             1             2 
 0             2             4             2             0             2             3             3 
 3             2             2             2             3             4             1             2 
 2             1             1             4             3             2             7             4 
 4             3             1             2             3             8             3             4 
 3             5             2             2             2             4             3             6 
 3             7             2             5             1             2             3             3 
 3             6             2             4             6             6             2             5 
 4             2             1             3             2             6             3             2 
 5             3             4             0             1             6             1             2 
 3             3             3             1             1             2             0             0 
 1             3             2             4             0             0             3             0 
 1             2             0             0             1             5             2             0 
 2             1             1             1             1             0             4             1 
 1             1             4             3             2             0             0             0 
 1             1             0             1             1             0             2             1 
 0             0             0             1             1             2             1             1 
 1             1             0             0             2             0             0             0 
 1             0             1             0             0             0             0             0 
 1             1             0             1             0             2             0             1 
 0             1             1             1             1             2             0             0 
 0             0             0             0             0             0             2             1 
 1             0             1             1             0             0             0             0 
 2             1             2             0             1             3             0             0 
 0             0             2             2             0             2             0             0 
 0             4             0             0             1             0             0             0 
 0             2             0             1             0             1             3             2 
 0             1             1             0             1             1             0             0 
 0             0             0             1             0             1             1             0 
 1             1             2             0             0             0             2             0 
 0             1             0             0             0             2             0             1 
 1             0             0             1             1             0             0             0 
 0             2             0             1             0             1             0             0 
 1             0             0             0             1             0             0             0 
 2             0             0             0             0             1             0             0 
 0             0             0             0             0             2             0             0 
 0             0             0             0             0             1             1             0 
 0             0             0             0             0             0             0             0 
 1             1             0             1             0             1             0             0 
 1             0             0             1             1             0             0             0 
 0             0             0             0             0             0             0             0 
 0             0             1             0             0             0             0             2 
 0             1             0             1             0             0             0             0 
 1             0             1             0             1             1             0             1 
 0             1             0             2             0             0             1             1 
 0             1             0             1             0             0             0             0 
 0             2             0             0             1             1             1             1 
 0             0             1             1             0             0             0             0 
 1             1             0             0             1             0             0             0 
