$SPEC_ID:
bMCA Spectrum
$DATE_MEA:
06-24-2022  07:59:36
$MEAS_TIM:
 59.47         60
$DEVICE_ID:
bMCA 06201013
$ACQ_SETTINGS:
 2             60            1000          4             4095 
$HRDW_PARAMS:
PHA
 810
 3             3276          5 
 7             0             1023 
 80            25            45 
 1             1 
$SPEC_CAL:
-22.21111      2.09241       9.752878E-05
$MCA_CAL:
3
-22.21111      2.09241       9.752878E-05
$ROI:
 49            79            255           1            57Co
$DATA:
 0             1023 
 3             1             5             7             24            26            39            50 
 65            75            86            88            96            86            103           101 
 108           99            106           116           118           147           125           168 
 121           104           114           97            81            87            99            93 
 97            124           120           136           150           146           200           200 
 235           251           271           259           311           302           312           330 
 364           420           490           657           779           1022          1237          1495 
 1609          1846          1918          1872          2046          1958          1770          1813 
 1855          1930          2009          2040          2150          1955          1785          1540 
 1368          1067          834           647           546           380           324           248 
 185           151           127           118           83            82            71            62 
 75            71            63            62            65            49            64            85 
 57            68            62            51            50            60            66            58 
 53            49            45            43            63            55            53            46 
 56            51            51            45            60            44            35            36 
 31            51            38            36            35            44            37            47 
 38            41            29            31            37            29            37            51 
 36            32            33            31            21            24            17            28 
 21            26            25            31            24            25            26            24 
 29            17            31            16            13            20            18            26 
 17            16            21            16            14            13            20            18 
 17            14            19            17            17            8             13            14 
 15            18            14            18            7             12            14            18 
 27            19            10            14            12            15            14            15 
 11            12            13            9             6             12            12            12 
 12            12            9             12            5             5             12            13 
 10            16            10            10            13            17            9             11 
 6             9             15            6             7             11            4             12 
 12            14            8             5             4             11            14            3 
 5             12            10            11            9             11            13            8 
 8             12            8             11            6             7             8             7 
 8             5             10            9             11            5             10            9 
 9             8             6             5             9             6             11            9 
 6             3             3             3             1             6             7             8 
 8             7             7             7             2             3             7             9 
 5             4             7             6             9             7             14            4 
 4             11            7             12            12            5             7             7 
 4             10            5             8             6             9             12            6 
 5             7             10            9             4             8             8             3 
 13            6             7             9             6             9             6             4 
 7             7             3             11            7             9             13            6 
 6             9             7             16            3             7             4             6 
 8             3             7             3             7             0             6             4 
 3             8             2             3             4             8             3             4 
 3             7             8             2             3             3             6             3 
 5             4             1             6             2             2             5             1 
 3             6             1             4             4             3             4             1 
 3             4             3             3             5             3             3             10 
 1             5             4             2             4             3             3             5 
 5             0             5             3             1             1             2             2 
 4             9             6             3             1             3             2             2 
 3             3             2             1             4             3             3             5 
 2             1             2             2             5             1             4             1 
 1             4             3             3             3             4             6             1 
 1             3             2             1             2             5             0             7 
 3             3             2             4             0             4             0             9 
 4             3             4             2             3             3             4             0 
 2             4             4             4             4             1             2             1 
 1             5             5             4             4             2             5             1 
 1             2             3             0             0             3             4             2 
 1             1             2             3             1             6             1             0 
 2             4             1             1             3             3             2             1 
 1             3             2             3             3             3             2             2 
 1             0             1             0             1             1             1             1 
 0             1             2             4             0             2             3             1 
 1             2             2             1             2             5             0             2 
 2             2             3             2             5             1             2             3 
 3             3             2             1             2             2             1             2 
 2             2             0             0             1             4             2             1 
 2             3             1             6             1             3             3             1 
 4             1             3             2             1             1             1             2 
 4             1             1             2             0             1             2             0 
 2             0             2             0             1             3             5             3 
 2             3             4             2             2             3             3             1 
 1             3             1             0             0             3             3             1 
 0             2             0             1             0             0             1             3 
 0             1             3             0             2             1             1             3 
 2             1             1             1             1             1             0             1 
 2             0             2             1             0             3             2             3 
 2             2             1             1             1             4             1             1 
 1             2             1             3             3             3             0             1 
 1             2             1             0             4             2             1             1 
 3             0             0             4             0             2             3             1 
 2             2             0             2             1             3             4             2 
 1             4             0             1             1             2             7             4 
 0             0             2             0             4             3             1             2 
 3             1             4             1             3             3             0             3 
 1             4             3             0             1             3             0             3 
 4             3             2             0             1             0             1             2 
 2             0             0             0             2             1             0             1 
 0             3             0             3             0             0             3             0 
 1             1             0             0             0             1             1             1 
 1             0             1             0             1             1             0             0 
 0             0             0             1             0             0             1             0 
 0             0             1             0             0             1             0             0 
 0             1             1             1             1             1             0             0 
 0             2             0             0             2             0             1             0 
 0             0             0             1             0             0             0             2 
 0             0             2             1             0             0             1             1 
 0             0             0             1             0             0             0             0 
 0             0             0             0             0             1             1             0 
 0             0             0             2             0             0             0             0 
 0             0             1             0             1             0             0             0 
 0             0             0             0             0             0             0             2 
 0             0             0             0             0             0             0             1 
 1             0             0             0             0             0             0             1 
 0             0             0             0             0             1             0             0 
 0             0             0             0             0             0             1             0 
 0             0             1             0             0             0             1             1 
 0             0             0             0             1             0             0             1 
 2             0             0             0             0             0             0             0 
 0             0             0             0             0             1             0             1 
 0             0             0             0             0             1             0             0 
 0             0             0             1             0             0             0             0 
 0             0             2             0             0             0             1             0 
 0             0             0             0             0             0             0             0 
 0             0             2             0             0             0             0             0 
 0             0             0             0             0             0             0             0 
 0             0             1             0             1             0             1             0 
 0             0             0             0             0             0             1             0 
 0             0             0             0             0             0             0             2 
 0             0             0             0             0             0             0             0 
 0             0             0             0             0             0             0             0 
 0             0             0             0             0             0             1             1 
 1             1             0             0             1             0             0             0 
 0             0             0             0             0             0             0             0 
 0             0             0             2             0             0             2             1 
 0             0             0             1             0             1             0             0 
