$SPEC_ID:
bMCA Spectrum
$DATE_MEA:
06-24-2022  08:00:37
$MEAS_TIM:
 59.47         60
$DEVICE_ID:
bMCA 06201013
$ACQ_SETTINGS:
 2             60            1000          4             4095 
$HRDW_PARAMS:
PHA
 810
 3             3276          5 
 7             0             1023 
 80            25            45 
 1             1 
$SPEC_CAL:
-22.21111      2.09241       9.752878E-05
$MCA_CAL:
3
-22.21111      2.09241       9.752878E-05
$ROI:
 49            79            255           1            57Co
$DATA:
 0             1023 
 1             4             6             13            22            30            30            50 
 54            72            96            89            93            83            75            107 
 82            130           107           130           121           124           123           120 
 109           96            106           89            88            92            89            99 
 103           113           122           146           166           149           187           211 
 252           235           276           253           314           295           306           324 
 339           422           477           616           781           1019          1216          1536 
 1697          1803          1919          1980          1974          1859          1925          1809 
 1874          1882          2080          2077          1976          1909          1859          1500 
 1360          1072          864           650           500           395           296           238 
 191           161           135           114           89            97            80            59 
 67            80            63            74            71            64            69            76 
 57            68            64            68            60            69            49            55 
 52            42            49            56            58            47            44            56 
 57            35            45            42            46            56            44            48 
 46            45            27            41            29            32            48            28 
 30            37            33            32            31            34            36            39 
 28            24            24            32            30            23            22            23 
 36            32            21            19            34            16            28            15 
 24            40            21            19            25            23            24            18 
 21            21            18            22            15            19            24            18 
 26            26            17            15            21            19            19            27 
 23            20            15            16            18            13            14            9 
 14            14            5             21            11            17            11            11 
 11            19            11            14            14            4             12            9 
 16            13            14            11            14            15            9             8 
 9             6             9             9             5             13            7             12 
 11            13            3             8             10            7             8             5 
 12            10            9             5             12            12            9             13 
 6             12            10            11            14            7             4             3 
 7             9             10            10            11            10            11            12 
 9             7             3             5             7             12            2             12 
 5             4             9             10            7             8             6             4 
 11            4             8             6             9             4             3             6 
 7             9             6             8             5             10            8             6 
 5             4             7             10            11            5             3             3 
 3             12            4             6             11            9             6             9 
 6             10            6             9             6             4             7             7 
 8             4             6             8             11            7             7             6 
 7             12            10            16            5             10            6             8 
 11            3             2             11            12            5             9             7 
 7             5             9             5             4             7             6             7 
 5             2             5             7             6             5             5             7 
 7             4             3             5             3             5             3             5 
 4             5             3             0             1             5             2             2 
 8             2             9             5             3             2             1             1 
 1             5             4             4             4             8             3             4 
 2             4             4             0             1             1             2             4 
 4             2             2             5             3             2             5             1 
 3             4             0             4             4             2             1             2 
 4             3             6             2             4             3             4             6 
 1             1             2             2             4             3             5             2 
 1             3             1             3             2             1             0             1 
 1             3             3             0             4             5             4             1 
 4             4             1             3             3             4             2             2 
 1             3             1             2             1             2             2             4 
 4             2             6             5             5             1             3             0 
 2             1             3             3             4             2             1             1 
 2             6             5             4             5             2             1             3 
 1             2             4             4             6             1             1             1 
 5             3             5             1             3             3             4             2 
 5             3             3             1             3             1             2             4 
 2             2             2             1             2             2             3             3 
 2             0             3             3             4             0             3             2 
 1             4             1             1             1             2             2             1 
 0             0             2             0             1             5             0             2 
 4             4             2             0             7             1             6             1 
 4             3             1             2             1             3             2             2 
 3             4             1             1             1             1             1             2 
 0             2             5             3             1             4             6             4 
 2             2             2             0             3             3             1             2 
 0             2             1             1             1             2             0             2 
 1             2             3             2             3             2             1             1 
 1             1             2             1             0             1             3             1 
 3             1             0             4             2             1             0             2 
 1             2             1             1             3             2             1             2 
 1             2             0             2             2             0             2             2 
 2             1             0             0             0             3             1             4 
 5             2             0             1             0             1             1             2 
 2             3             5             2             0             0             3             0 
 1             4             0             4             1             3             1             2 
 2             1             0             2             2             0             0             2 
 0             0             2             2             2             3             1             1 
 1             1             0             0             2             3             1             0 
 2             1             3             1             3             4             3             1 
 3             2             0             0             4             4             1             1 
 1             1             2             2             2             2             3             0 
 4             0             0             5             0             3             3             1 
 1             3             0             1             1             2             0             2 
 2             0             3             1             1             1             0             0 
 1             1             1             2             3             2             0             2 
 1             0             1             1             0             3             0             1 
 3             1             0             0             0             0             3             0 
 0             0             0             0             0             0             1             0 
 0             0             0             0             1             0             1             0 
 0             0             0             0             0             1             1             0 
 1             1             1             0             0             1             0             0 
 0             0             0             0             1             0             0             0 
 0             0             0             0             2             0             1             2 
 0             0             0             1             0             0             0             1 
 1             0             0             0             0             0             1             1 
 1             0             0             0             0             0             1             1 
 1             1             1             0             0             2             1             0 
 0             0             0             3             0             1             0             0 
 0             1             0             0             0             0             0             1 
 0             0             1             0             2             0             0             0 
 0             0             0             0             0             1             1             1 
 0             1             0             0             0             1             0             1 
 0             0             0             0             0             0             0             0 
 0             0             2             1             0             0             0             0 
 0             0             0             0             1             0             0             1 
 0             1             0             0             0             0             0             0 
 1             0             0             0             0             0             0             0 
 0             0             0             1             0             1             0             0 
 0             0             0             0             0             1             0             0 
 0             1             0             1             0             0             0             0 
 0             0             1             0             0             1             0             0 
 0             0             0             0             1             0             0             0 
 1             1             0             0             0             0             0             0 
 0             1             0             0             0             0             1             0 
 0             0             1             0             0             0             1             0 
 0             0             0             0             0             0             0             1 
 0             0             0             0             0             0             0             0 
 0             0             0             0             0             0             1             0 
 1             0             0             0             0             1             0             0 
 1             0             0             0             0             0             1             0 
 0             0             0             0             0             0             0             1 
 2             0             0             1             1             1             0             0 
