$SPEC_ID:
bMCA Spectrum
$DATE_MEA:
06-17-2022  09:17:42
$MEAS_TIM:
 59.495        60
$DEVICE_ID:
bMCA 06201013
$ACQ_SETTINGS:
 2             60            1000          4             4095 
$HRDW_PARAMS:
PHA
 800
 3             3277          5 
 7             0             1023 
 80            25            45 
-1            -1 
$SPEC_CAL:
 19.48485      1.975924      3.540608E-04
$MCA_CAL:
3
 19.48485      1.975924      3.540608E-04
$ROI:
 51            70            255           1            57Co
$DATA:
 0             1023 
 0             1             4             1             9             15            30            41 
 57            70            69            68            61            65            75            85 
 85            92            112           93            110           120           100           115 
 107           95            85            86            101           83            98            114 
 119           135           160           163           191           205           221           262 
 288           269           309           298           315           346           410           501 
 601           849           1087          1255          1518          1778          1855          2002 
 1901          1944          1856          1838          1804          1803          1909          1960 
 1967          1997          1892          1670          1468          1188          923           717 
 547           428           317           234           247           170           154           120 
 98            94            64            78            79            59            87            85 
 58            71            61            68            59            71            73            60 
 67            65            54            57            59            44            60            67 
 75            52            58            48            57            53            43            45 
 50            47            54            44            42            49            41            56 
 37            51            45            34            27            33            35            34 
 44            33            24            35            38            26            25            38 
 36            27            25            23            31            31            25            32 
 23            33            27            22            29            26            25            33 
 30            26            25            24            19            21            18            32 
 25            19            30            17            23            21            22            17 
 15            21            17            19            27            18            12            23 
 21            16            17            19            25            15            23            14 
 14            14            12            12            16            18            12            17 
 16            9             11            15            12            14            18            8 
 10            14            9             16            14            11            11            12 
 11            24            6             10            10            4             9             12 
 8             12            13            13            8             8             9             11 
 16            10            11            8             10            5             7             6 
 13            17            13            15            11            12            11            11 
 20            8             9             10            8             10            4             4 
 7             4             14            12            8             5             11            6 
 2             12            6             10            9             7             6             5 
 10            7             11            10            15            9             6             9 
 10            10            8             6             10            14            14            8 
 10            12            14            12            10            11            6             9 
 11            10            7             9             9             12            8             14 
 8             5             10            6             13            9             8             4 
 13            7             12            12            7             8             10            9 
 11            8             8             9             7             7             9             3 
 5             5             9             3             5             7             9             5 
 6             4             9             5             7             5             3             2 
 4             2             4             3             5             5             6             5 
 1             3             3             3             2             3             2             3 
 4             2             3             2             4             5             1             5 
 4             5             5             1             4             2             4             5 
 3             2             4             2             5             3             2             3 
 3             3             5             2             0             3             3             4 
 3             2             5             2             3             3             2             5 
 3             2             5             5             4             5             3             1 
 2             6             1             6             2             2             2             0 
 4             5             3             6             1             5             2             4 
 3             4             1             2             6             2             1             3 
 5             2             2             2             4             1             4             5 
 3             1             4             3             4             3             2             1 
 1             2             1             2             3             1             2             2 
 0             8             0             2             2             1             1             2 
 0             1             2             4             3             0             2             1 
 2             1             1             2             4             3             2             2 
 4             4             2             1             1             4             4             1 
 4             2             3             1             2             2             0             3 
 2             1             7             2             2             2             3             5 
 0             0             2             0             2             3             3             1 
 1             1             3             4             3             2             2             2 
 1             2             1             3             2             5             3             1 
 2             2             3             3             4             4             3             0 
 3             3             3             3             4             0             2             1 
 1             3             1             2             3             5             1             2 
 0             1             4             0             1             0             2             0 
 3             2             2             1             2             2             1             2 
 2             1             0             2             1             2             2             0 
 0             6             1             1             5             2             1             2 
 0             4             1             3             0             2             1             0 
 3             2             1             1             0             0             1             3 
 2             1             1             3             2             2             4             1 
 1             1             1             1             2             2             1             1 
 1             0             1             0             0             2             2             1 
 1             1             1             1             0             1             1             0 
 4             1             1             2             2             2             3             1 
 0             3             2             1             1             2             0             2 
 3             2             1             3             1             2             0             2 
 1             0             6             2             2             3             0             2 
 3             2             6             2             3             0             0             5 
 4             0             0             1             3             3             0             1 
 4             1             1             1             3             1             2             3 
 0             0             1             0             3             0             0             1 
 2             1             0             0             2             1             0             1 
 1             1             1             2             0             0             0             0 
 0             2             0             1             1             0             0             0 
 0             0             0             0             0             0             0             0 
 0             0             1             2             0             1             1             0 
 0             0             0             1             0             0             0             0 
 1             0             0             1             0             0             0             1 
 0             0             0             0             2             0             0             0 
 0             0             0             0             0             0             0             0 
 1             1             0             0             0             0             1             1 
 0             2             0             2             0             0             0             0 
 0             0             0             2             0             0             0             0 
 2             0             0             0             0             0             0             1 
 0             1             1             1             0             1             0             0 
 0             0             0             0             0             0             0             0 
 0             0             0             0             0             0             0             1 
 0             0             0             0             1             0             0             0 
 0             0             0             1             0             0             0             0 
 0             0             0             0             0             1             0             0 
 0             0             0             0             0             0             0             1 
 0             0             0             1             0             0             0             0 
 0             0             0             1             0             0             0             0 
 0             1             0             0             0             0             0             1 
 0             0             0             1             0             0             0             0 
 0             0             0             0             0             0             0             0 
 0             0             0             0             0             0             0             0 
 0             0             1             0             0             1             1             0 
 0             0             0             0             0             0             0             0 
 0             0             0             1             0             1             0             1 
 0             0             0             0             1             0             1             1 
 1             1             0             0             1             0             1             0 
 0             0             0             0             0             0             0             0 
 0             0             0             0             0             0             0             0 
 0             0             0             0             0             0             0             0 
 0             0             0             0             0             0             0             0 
 0             0             1             0             1             0             1             0 
 0             0             0             0             0             1             0             0 
 0             0             1             0             0             1             0             0 
 0             0             0             0             0             0             0             0 
 0             0             0             0             0             0             0             1 
 0             1             0             0             0             0             1             0 
 0             0             1             0             0             0             0             0 
