$SPEC_ID:
bMCA Spectrum
$DATE_MEA:
06-22-2022  10:26:53
$MEAS_TIM:
 118.98        120
$DEVICE_ID:
bMCA 06201013
$ACQ_SETTINGS:
 2             120           1000          4             4095 
$HRDW_PARAMS:
PHA
 800
 3             3276          5 
 7             0             1023 
 80            25            45 
 1             1 
$SPEC_CAL:
-21.61505      2.251173      8.800329E-05
$MCA_CAL:
3
-21.61505      2.251173      8.800329E-05
$ROI:
 45            74            32768         1            57Co
$DATA:
 0             1023 
 0             4             4             17            26            35            63            90 
 130           137           157           162           140           174           147           175 
 178           203           206           225           290           242           252           254 
 223           219           210           208           231           199           210           239 
 252           284           326           393           455           478           498           526 
 589           583           628           635           676           749           872           1156 
 1481          1880          2405          2940          3426          3628          3863          3892 
 3833          3573          3621          3651          3523          3692          3907          4104 
 3915          3901          3518          3026          2562          1937          1466          1092 
 919           701           503           454           311           259           214           215 
 191           195           161           176           169           160           154           156 
 130           162           137           145           137           134           141           167 
 123           112           137           128           112           130           125           97 
 118           110           126           112           117           128           122           116 
 118           112           111           99            107           109           96            85 
 90            109           87            84            82            84            78            83 
 67            84            71            59            67            70            60            58 
 57            67            62            66            67            42            54            70 
 69            54            47            52            58            55            52            50 
 66            57            55            38            47            61            45            42 
 47            46            43            53            53            50            40            49 
 38            33            39            52            36            40            44            52 
 39            32            30            24            36            41            29            26 
 40            31            24            24            29            36            38            27 
 26            30            35            32            31            24            26            25 
 29            35            31            20            28            20            29            23 
 26            30            26            34            29            22            25            29 
 24            22            14            18            21            24            20            19 
 19            18            25            33            26            16            17            26 
 21            16            22            20            27            22            23            21 
 20            22            21            29            23            23            17            15 
 20            22            18            20            17            14            26            22 
 11            24            22            21            26            14            17            20 
 13            16            21            18            24            22            13            23 
 26            20            20            15            17            21            19            15 
 20            15            18            13            19            15            18            27 
 26            22            25            19            18            29            23            32 
 29            21            26            23            30            25            22            16 
 19            29            25            17            26            29            19            16 
 17            17            11            16            15            14            10            15 
 22            14            15            18            17            19            11            12 
 10            9             14            11            13            14            12            12 
 7             17            11            6             14            8             10            11 
 8             9             9             9             12            11            16            16 
 9             11            13            8             7             6             9             7 
 10            11            9             5             16            5             10            15 
 10            10            7             6             7             7             9             11 
 4             7             9             5             18            8             3             10 
 13            9             6             8             5             13            9             8 
 12            8             9             7             9             6             12            11 
 7             12            5             6             5             10            8             5 
 7             9             6             5             5             10            7             5 
 7             7             8             5             10            4             7             11 
 8             9             13            13            3             7             11            10 
 6             12            6             6             4             8             7             4 
 1             8             6             5             5             6             8             8 
 7             7             8             8             8             3             5             4 
 7             10            6             8             4             5             8             8 
 4             4             6             7             7             5             8             6 
 5             8             7             8             6             5             7             4 
 9             5             4             11            3             3             10            8 
 5             5             6             7             5             4             8             5 
 7             8             5             6             8             4             7             4 
 11            10            6             8             7             6             5             4 
 4             8             5             8             5             6             5             9 
 11            6             9             5             5             8             5             9 
 7             8             7             4             4             7             4             4 
 6             8             6             4             6             9             2             9 
 4             6             5             5             7             6             2             2 
 4             4             8             5             6             2             3             3 
 7             7             3             2             8             2             2             7 
 11            4             5             3             7             7             1             6 
 5             5             4             8             4             5             5             8 
 4             2             5             2             3             9             5             2 
 5             2             2             3             5             4             2             4 
 5             4             3             3             7             5             7             2 
 1             4             2             5             7             3             3             5 
 1             4             8             4             3             1             4             5 
 12            5             4             4             4             3             4             1 
 4             5             3             3             4             8             6             6 
 6             5             4             0             5             4             6             3 
 0             4             3             4             5             5             4             1 
 4             4             2             4             2             0             7             2 
 1             0             1             2             1             4             1             6 
 1             2             2             4             2             1             2             0 
 3             2             3             1             1             1             2             3 
 0             2             2             3             1             3             2             0 
 0             2             0             0             2             2             1             1 
 1             1             1             2             5             1             1             1 
 0             0             0             2             0             0             0             1 
 0             1             1             1             0             0             1             0 
 0             1             3             2             0             3             1             2 
 0             1             0             0             0             0             1             1 
 1             1             1             1             0             1             1             0 
 0             0             2             0             0             1             1             1 
 0             0             1             1             0             0             1             1 
 0             3             1             1             0             1             1             1 
 0             0             0             2             2             1             0             1 
 0             0             0             0             0             1             0             0 
 0             1             0             0             0             1             1             0 
 0             0             2             0             1             0             0             3 
 0             2             0             0             1             2             1             0 
 0             0             0             1             2             0             0             3 
 0             2             0             1             0             1             1             0 
 0             0             0             0             0             0             1             0 
 0             2             0             0             0             0             0             1 
 0             1             0             0             0             1             1             0 
 3             2             1             0             0             1             0             0 
 0             0             0             0             0             0             0             0 
 0             1             0             2             0             0             1             1 
 0             0             1             2             0             0             1             0 
 1             0             2             0             0             1             0             1 
 0             0             1             2             0             0             0             0 
 1             0             0             0             1             1             0             0 
 0             0             0             1             1             1             0             0 
 0             0             0             1             0             1             1             0 
 0             0             0             0             0             0             0             0 
 1             0             1             0             0             2             0             0 
 1             0             1             2             0             0             2             0 
 1             0             0             0             0             0             0             0 
 0             0             0             1             0             0             1             1 
 0             0             1             1             0             0             0             0 
 0             1             1             0             0             1             1             1 
 0             0             1             0             0             0             1             0 
 0             0             0             0             1             0             0             1 
 0             0             0             0             0             0             0             0 
 0             0             0             1             1             0             0             0 
 0             2             0             1             0             0             0             0 
