$SPEC_ID:
bMCA Spectrum
$DATE_MEA:
06-22-2022  11:31:28
$MEAS_TIM:
 238.045       240
$DEVICE_ID:
bMCA 06201013
$ACQ_SETTINGS:
 2             240           1000          4             4095 
$HRDW_PARAMS:
PHA
 800
 3             3276          5 
 7             0             1023 
 80            25            45 
 1             1 
$SPEC_CAL:
-21.61505      2.251173      8.800329E-05
$MCA_CAL:
3
-21.61505      2.251173      8.800329E-05
$ROI:
 45            74            32768         1            57Co
$DATA:
 0             1023 
 1             8             14            30            37            75            116           187 
 229           279           300           313           271           316           303           305 
 288           374           404           495           530           459           484           449 
 475           405           381           401           402           379           469           502 
 540           589           689           843           851           920           1020          987 
 1106          1130          1162          1198          1350          1564          1840          2348 
 2913          3893          4852          5760          6669          7304          7367          7606 
 7433          7265          6883          7085          7070          7535          7759          7982 
 7793          7693          6850          6052          4911          3984          2923          2294 
 1724          1321          1067          831           634           490           443           415 
 331           342           284           305           297           273           255           246 
 251           235           244           232           239           231           235           222 
 218           240           214           239           213           215           215           200 
 212           207           201           172           190           166           158           200 
 174           173           178           172           190           165           159           138 
 157           153           183           165           141           138           156           117 
 134           118           124           109           107           132           119           107 
 115           90            103           110           86            108           98            71 
 80            83            101           89            94            92            93            71 
 76            71            85            70            88            79            95            81 
 75            73            80            88            83            77            86            65 
 62            58            51            62            71            54            69            62 
 56            56            54            52            51            49            60            49 
 49            57            55            52            53            41            41            37 
 43            55            59            47            43            38            41            43 
 36            45            38            37            39            44            36            36 
 46            42            45            33            29            38            39            47 
 37            23            33            36            36            36            34            33 
 36            30            40            25            32            46            37            33 
 21            39            36            35            31            38            29            32 
 34            27            30            22            29            26            30            25 
 29            37            28            21            27            22            36            19 
 22            26            28            24            25            35            25            29 
 24            20            35            21            39            28            34            22 
 27            36            29            28            29            31            28            32 
 25            34            28            27            31            34            32            30 
 28            35            38            33            32            28            30            47 
 27            28            24            31            38            24            31            32 
 30            30            35            29            28            37            25            27 
 39            21            27            26            21            22            25            15 
 20            21            25            9             19            22            17            22 
 14            18            20            16            14            17            13            17 
 15            16            8             12            14            15            18            14 
 16            16            10            10            14            14            12            11 
 16            7             9             11            16            12            13            12 
 8             8             13            16            9             16            13            7 
 14            14            13            15            9             12            14            11 
 9             15            19            18            5             12            12            7 
 7             6             7             17            12            9             10            13 
 10            13            12            11            17            8             9             12 
 15            12            13            14            12            15            7             9 
 10            13            12            11            15            17            17            11 
 11            9             9             9             10            9             6             14 
 8             12            11            16            7             10            10            10 
 12            6             10            13            9             7             11            13 
 6             13            9             9             10            15            5             8 
 4             10            11            10            8             9             4             9 
 8             13            5             8             7             9             6             9 
 7             18            7             11            8             6             5             9 
 13            14            5             6             8             10            12            7 
 4             5             1             1             10            5             9             12 
 3             8             7             9             4             6             4             11 
 2             13            11            14            14            9             6             9 
 11            13            11            10            12            4             9             7 
 7             6             8             11            12            6             16            9 
 6             5             8             12            5             7             5             8 
 13            4             12            4             5             6             13            6 
 9             2             7             13            10            6             8             4 
 4             7             6             2             3             6             6             7 
 6             3             3             4             7             3             2             4 
 5             7             7             8             8             5             10            3 
 4             3             7             4             7             3             3             6 
 3             3             5             3             7             4             8             5 
 4             2             6             7             9             7             6             6 
 3             8             8             4             6             4             5             3 
 6             7             8             7             7             6             1             6 
 3             10            5             2             5             7             4             5 
 5             4             5             5             6             9             4             6 
 6             8             5             6             4             11            9             2 
 5             11            10            5             8             6             8             6 
 2             5             6             22            7             7             11            11 
 6             7             4             10            8             6             5             7 
 7             6             9             7             3             5             6             6 
 6             6             8             6             9             3             8             4 
 3             3             3             3             7             3             5             5 
 0             3             4             2             3             0             1             5 
 2             5             2             0             5             3             3             6 
 1             2             2             4             4             1             2             3 
 0             1             2             1             2             4             2             0 
 0             2             1             1             1             2             1             3 
 3             1             1             1             2             1             1             1 
 1             0             0             3             3             0             2             1 
 3             0             4             1             1             0             3             2 
 1             4             0             2             3             1             0             2 
 2             2             1             0             1             0             4             0 
 1             3             0             2             1             1             3             0 
 1             1             1             0             0             2             0             4 
 1             0             3             4             3             2             2             2 
 1             2             0             1             0             2             3             1 
 1             1             2             1             1             1             1             0 
 0             2             1             2             2             0             1             1 
 1             0             2             2             3             1             1             0 
 2             1             0             1             0             0             1             1 
 0             0             1             1             1             1             0             2 
 1             0             1             0             1             2             0             0 
 1             1             0             0             1             1             1             1 
 3             0             0             3             0             0             0             2 
 1             1             0             1             2             0             1             2 
 0             1             0             1             3             0             1             0 
 1             0             0             1             1             2             0             0 
 0             0             0             0             1             0             1             2 
 1             0             1             0             1             0             0             0 
 0             1             0             1             2             0             1             1 
 1             1             1             2             2             0             0             1 
 0             0             2             0             0             0             2             0 
 0             0             1             0             1             0             3             0 
 1             1             0             2             0             2             2             2 
 2             1             1             0             0             0             0             1 
 2             3             1             2             0             0             0             2 
 0             2             1             2             1             0             1             1 
 1             0             0             1             0             1             0             0 
 1             2             2             0             0             0             0             0 
 0             0             1             1             0             1             1             0 
 1             2             1             0             1             0             0             1 
 0             0             0             0             0             0             1             0 
 3             3             0             0             1             0             0             0 
 0             0             2             1             3             1             1             2 
 0             1             1             1             1             1             0             1 
