$SPEC_ID:
bMCA Spectrum
$DATE_MEA:
06-17-2022  09:16:41
$MEAS_TIM:
 59.495        60
$DEVICE_ID:
bMCA 06201013
$ACQ_SETTINGS:
 2             60            1000          4             4095 
$HRDW_PARAMS:
PHA
 800
 3             3277          5 
 7             0             1023 
 80            25            45 
-1            -1 
$SPEC_CAL:
 19.48485      1.975924      3.540608E-04
$MCA_CAL:
3
 19.48485      1.975924      3.540608E-04
$ROI:
 51            70            255           1            57Co
$DATA:
 0             1023 
 0             1             3             2             12            10            41            40 
 68            79            83            68            63            78            64            86 
 88            81            96            114           96            127           107           107 
 103           84            100           72            83            87            86            95 
 105           118           151           198           181           201           247           269 
 243           282           298           327           311           356           439           550 
 624           894           1056          1226          1553          1756          1864          1906 
 1946          1917          1883          1834          1782          1798          1911          2039 
 1985          1952          1856          1625          1426          1196          927           729 
 582           439           339           240           207           160           127           119 
 98            87            88            81            77            58            75            70 
 77            64            74            65            72            60            56            67 
 57            59            58            72            65            53            78            59 
 61            56            43            52            58            51            57            61 
 49            57            57            41            47            52            44            55 
 43            51            53            36            41            50            53            42 
 46            35            33            20            28            28            34            29 
 44            29            37            30            27            29            35            22 
 31            24            32            19            36            22            31            20 
 30            21            23            19            20            21            25            28 
 18            23            27            21            12            28            21            24 
 24            21            23            11            13            21            20            16 
 10            18            15            18            19            18            18            14 
 13            20            17            11            17            21            13            18 
 12            9             11            12            15            15            10            11 
 13            12            15            10            14            13            10            9 
 12            15            21            10            9             10            12            10 
 7             10            8             8             4             7             9             13 
 13            16            10            9             6             10            14            11 
 5             13            12            5             6             12            15            10 
 9             9             8             5             15            9             11            8 
 13            9             5             9             8             9             7             7 
 10            7             9             4             8             6             12            9 
 6             4             7             8             9             6             10            7 
 8             7             10            7             10            8             6             15 
 9             11            7             11            7             8             10            5 
 8             11            7             14            9             6             9             13 
 8             16            6             12            7             9             8             8 
 4             8             9             5             10            14            8             8 
 10            6             8             6             7             9             9             8 
 9             9             10            3             8             7             2             5 
 7             8             6             6             2             2             6             3 
 7             7             2             1             5             1             6             3 
 6             2             2             5             1             3             5             4 
 6             5             2             3             3             2             2             1 
 5             1             3             1             1             4             2             3 
 1             1             3             3             5             3             2             2 
 2             0             1             1             3             1             1             2 
 6             0             4             3             1             5             4             4 
 4             1             2             2             3             6             2             4 
 1             7             2             3             1             3             3             2 
 5             5             2             7             4             9             1             4 
 7             5             2             5             5             3             2             2 
 3             3             3             6             4             0             2             3 
 3             2             3             6             2             5             5             2 
 3             4             4             3             0             1             2             1 
 3             1             2             2             4             1             0             2 
 3             4             3             1             2             2             1             1 
 1             2             3             3             3             0             1             2 
 2             6             1             2             1             2             4             4 
 2             1             0             3             1             1             3             1 
 2             3             2             1             2             1             0             1 
 4             3             4             2             5             2             1             2 
 2             0             1             3             3             3             0             2 
 2             1             3             5             3             2             3             1 
 2             2             0             2             3             2             1             3 
 1             2             1             1             2             2             2             1 
 0             4             4             5             0             3             3             1 
 5             1             0             3             0             2             3             2 
 2             1             2             4             2             1             2             5 
 3             1             3             1             2             0             0             2 
 3             2             1             1             2             3             4             4 
 2             1             0             3             0             2             3             3 
 3             0             2             2             0             0             1             1 
 0             1             2             0             0             0             0             1 
 3             1             3             1             4             4             2             0 
 3             2             0             2             1             3             1             1 
 0             2             0             4             2             0             1             2 
 2             1             5             2             3             1             2             0 
 4             3             0             1             2             2             2             4 
 2             1             3             3             2             6             3             2 
 4             2             3             1             3             1             3             3 
 1             1             2             2             2             2             2             1 
 1             1             2             2             0             1             0             2 
 1             2             3             2             1             2             2             1 
 0             0             1             1             0             1             1             2 
 3             1             0             1             0             0             1             0 
 1             1             1             1             0             0             0             1 
 0             0             1             3             1             2             0             3 
 0             0             1             1             0             1             0             0 
 1             0             0             2             1             0             1             1 
 0             0             0             0             0             1             0             1 
 1             0             1             0             0             0             0             1 
 0             1             0             2             1             0             1             0 
 1             0             1             0             1             0             0             0 
 0             0             0             0             0             0             0             0 
 0             0             0             0             0             0             1             0 
 0             0             2             0             0             1             1             0 
 0             0             0             0             0             0             0             0 
 0             0             0             1             0             0             0             1 
 0             2             0             0             0             0             1             1 
 0             1             0             1             0             1             1             0 
 1             1             1             0             2             0             0             2 
 0             0             0             0             0             0             0             0 
 0             0             1             0             0             0             0             0 
 0             0             0             0             0             0             1             0 
 1             0             0             0             0             0             0             0 
 0             0             0             0             0             0             0             0 
 0             0             0             1             0             0             1             1 
 0             1             1             0             0             0             0             0 
 1             0             0             0             0             0             0             0 
 1             0             1             0             0             0             1             0 
 0             0             0             0             1             0             0             0 
 0             0             0             0             0             0             0             0 
 1             0             0             0             0             0             1             0 
 0             0             0             0             0             0             0             1 
 0             0             0             2             1             0             0             0 
 0             0             0             0             1             0             1             0 
 1             0             0             0             0             1             1             0 
 0             1             0             0             0             0             0             0 
 0             0             0             1             0             0             0             0 
 0             0             1             0             0             0             0             0 
 0             0             0             0             1             0             0             1 
 0             0             0             0             0             0             0             0 
 1             0             0             0             0             1             0             0 
 1             0             0             0             0             0             1             0 
 0             0             0             0             0             0             1             0 
 0             0             0             0             0             0             0             0 
