$SPEC_ID:
bMCA Spectrum
$DATE_MEA:
06-24-2022  10:16:35
$MEAS_TIM:
 118.955       120
$DEVICE_ID:
bMCA 06201013
$ACQ_SETTINGS:
 2             120           1000          4             4095 
$HRDW_PARAMS:
PHA
 790
 3             3276          5 
 7             0             1023 
 80            25            45 
-1            -1 
$SPEC_CAL:
-21.59134      2.380025      1.831466E-04
$MCA_CAL:
3
-21.59134      2.380025      1.831466E-04
$ROI:
 40            70            255           1            57Co
$DATA:
 0             1023 
 3             6             10            29            47            76            111           120 
 143           161           150           170           159           153           174           192 
 212           258           252           256           276           261           248           204 
 222           210           239           265           224           294           317           362 
 457           493           511           573           597           590           674           688 
 711           824           1047          1312          1730          2240          2914          3477 
 3868          4189          4298          4254          4130          3838          3783          3896 
 4062          4225          4399          4313          4173          3760          3370          2761 
 2161          1656          1210          854           726           474           365           343 
 248           240           200           177           164           181           169           163 
 149           163           154           134           157           129           136           123 
 137           141           132           144           135           132           116           110 
 101           107           125           98            117           113           111           96 
 111           105           101           95            93            89            92            93 
 78            76            97            63            85            74            76            88 
 67            56            57            70            59            66            63            76 
 75            54            53            50            47            51            64            53 
 56            58            54            38            62            39            47            38 
 55            36            30            31            43            34            52            48 
 41            48            45            32            35            41            41            42 
 28            35            35            27            36            33            35            35 
 30            27            28            30            25            27            37            26 
 17            23            34            25            25            35            23            21 
 23            28            21            15            24            26            16            22 
 27            16            25            22            21            21            21            21 
 23            23            24            21            21            22            20            23 
 17            31            27            26            16            17            25            20 
 14            20            19            23            10            19            17            18 
 13            22            22            15            18            19            18            16 
 21            11            15            29            15            10            16            16 
 13            14            25            15            17            15            22            22 
 27            18            18            11            17            19            19            15 
 15            23            18            22            16            24            19            24 
 19            18            16            24            25            21            18            16 
 23            13            22            19            10            16            26            16 
 24            23            13            17            15            18            18            16 
 15            18            13            19            13            12            15            14 
 18            9             11            10            10            7             13            4 
 9             13            7             12            4             10            11            13 
 10            10            3             6             14            8             6             8 
 11            12            12            10            3             11            5             6 
 11            7             6             8             7             8             4             10 
 4             7             7             8             6             9             10            4 
 6             7             6             5             7             4             6             6 
 6             7             3             3             8             10            5             6 
 5             7             8             8             5             5             8             5 
 8             10            5             12            9             5             6             7 
 6             4             7             5             4             4             2             8 
 11            10            4             7             4             8             8             4 
 7             4             2             6             4             7             4             4 
 6             4             4             13            8             3             7             7 
 4             4             4             3             5             7             2             1 
 3             5             6             7             2             7             11            6 
 4             5             3             4             6             5             5             7 
 4             5             2             3             5             6             1             5 
 3             7             3             6             4             6             4             5 
 6             4             3             1             4             6             5             5 
 1             2             7             6             2             4             2             4 
 8             2             7             4             2             5             8             12 
 6             6             7             10            12            3             7             6 
 9             7             6             4             2             7             8             8 
 6             3             6             2             4             4             7             4 
 5             4             7             4             3             3             9             3 
 5             1             1             4             3             4             5             4 
 3             4             1             4             3             7             4             2 
 6             2             3             2             2             5             5             1 
 5             4             2             4             1             4             4             5 
 2             2             2             4             4             3             4             4 
 1             2             4             2             3             7             3             0 
 2             3             1             4             3             5             7             2 
 5             2             6             5             2             5             2             0 
 3             3             7             3             5             4             5             3 
 7             8             4             3             2             3             3             6 
 1             7             7             7             8             5             6             4 
 5             4             5             3             6             6             5             3 
 3             3             4             4             2             4             3             7 
 1             2             1             4             3             2             3             0 
 5             3             3             2             1             2             2             2 
 2             5             3             3             0             0             0             0 
 3             1             1             1             1             1             0             0 
 0             0             2             3             0             0             0             1 
 2             3             1             2             2             1             2             2 
 1             1             2             2             0             1             1             0 
 2             0             2             1             0             0             0             1 
 2             1             2             1             0             1             1             0 
 1             1             2             2             1             2             0             0 
 2             2             0             0             1             2             3             1 
 0             2             0             1             3             1             0             0 
 1             1             3             2             5             0             2             0 
 1             1             1             0             1             0             0             1 
 2             0             1             1             0             1             0             1 
 0             2             1             0             1             1             1             0 
 0             0             2             1             2             0             1             0 
 1             1             2             0             1             1             0             0 
 0             0             0             0             0             2             0             0 
 0             0             3             0             0             0             0             0 
 0             0             0             1             0             0             0             0 
 2             0             0             1             0             1             0             1 
 0             1             2             0             0             0             0             0 
 0             0             0             0             0             0             0             0 
 1             1             1             3             1             0             0             0 
 1             0             0             0             0             0             0             0 
 0             0             0             1             0             1             0             0 
 0             1             1             0             0             0             0             0 
 1             1             0             1             0             0             0             0 
 0             0             0             0             0             3             3             0 
 0             2             0             0             1             1             0             0 
 0             0             0             0             1             0             0             1 
 1             2             1             1             0             0             0             0 
 0             2             2             0             1             2             0             0 
 0             0             1             0             0             0             0             1 
 1             0             1             0             0             1             1             0 
 1             0             0             1             0             1             0             1 
 1             0             1             1             0             0             0             0 
 0             0             1             0             1             0             0             1 
 0             0             1             1             0             0             0             0 
 0             0             1             1             0             0             1             0 
 1             1             0             0             1             0             0             1 
 2             0             2             0             0             1             0             0 
 0             1             0             0             1             0             0             0 
 0             1             1             0             0             0             0             0 
 0             0             0             0             1             0             0             0 
 1             0             0             2             0             1             0             0 
 0             0             0             0             0             0             0             0 
 0             0             0             0             0             0             0             0 
 0             0             1             1             0             0             1             0 
 0             0             0             0             0             0             0             0 
 0             0             0             1             1             0             1             0 
