$SPEC_ID:
bMCA Spectrum
$DATE_MEA:
06-24-2022  08:12:49
$MEAS_TIM:
 118.95        120
$DEVICE_ID:
bMCA 06201013
$ACQ_SETTINGS:
 2             120           1000          4             4095 
$HRDW_PARAMS:
PHA
 810
 3             3276          5 
 7             0             1023 
 80            25            45 
 1             1 
$SPEC_CAL:
-22.21111      2.09241       9.752878E-05
$MCA_CAL:
3
-22.21111      2.09241       9.752878E-05
$ROI:
 49            79            255           1            57Co
$DATA:
 0             1023 
 5             8             13            22            34            42            78            93 
 127           158           174           186           182           181           181           175 
 203           182           235           242           244           256           238           243 
 181           212           198           159           175           178           166           202 
 224           223           260           267           310           318           392           432 
 477           509           545           572           557           588           608           663 
 772           873           1062          1369          1704          2083          2549          2959 
 3448          3671          3851          3905          3848          3716          3712          3620 
 3796          3884          4025          4059          3924          3787          3482          3114 
 2571          2084          1579          1309          886           748           636           454 
 394           278           273           236           166           157           161           132 
 147           146           155           154           124           125           122           111 
 117           129           118           112           120           123           117           103 
 108           115           106           111           97            85            117           98 
 85            114           90            98            95            88            94            97 
 85            73            77            90            97            74            72            87 
 80            67            70            81            68            69            62            61 
 50            59            55            66            51            55            46            40 
 55            47            51            49            51            57            40            53 
 50            41            50            54            55            62            67            45 
 40            53            35            34            39            36            36            29 
 32            56            33            33            46            38            44            41 
 40            43            27            32            36            32            21            39 
 29            28            24            27            30            28            32            24 
 24            34            36            26            26            18            19            31 
 32            19            21            36            22            14            24            19 
 24            20            22            23            20            17            17            18 
 11            20            28            25            20            18            19            17 
 9             19            17            21            11            11            21            12 
 26            10            15            15            15            23            19            11 
 26            14            13            26            29            20            23            16 
 14            14            14            14            13            17            15            14 
 15            20            17            11            16            18            15            12 
 24            16            14            13            8             17            15            15 
 19            10            9             14            14            14            12            10 
 14            15            15            17            9             14            14            20 
 5             15            11            19            23            8             12            13 
 14            14            15            15            14            17            21            18 
 16            10            12            17            13            21            14            13 
 19            21            15            17            17            11            16            11 
 18            10            13            15            13            18            18            15 
 10            5             15            12            20            14            14            9 
 14            16            13            8             7             7             7             13 
 11            9             7             8             8             8             7             10 
 6             1             8             9             6             9             11            9 
 8             12            6             6             5             7             6             7 
 6             9             7             7             8             6             7             8 
 7             9             3             5             6             7             4             7 
 8             9             4             5             9             6             2             10 
 14            9             10            8             5             6             3             8 
 8             5             5             3             3             11            2             5 
 7             7             8             4             0             5             3             8 
 6             6             3             6             4             7             4             6 
 9             10            7             4             6             5             8             5 
 7             3             1             7             2             4             5             4 
 8             6             7             9             6             7             5             3 
 5             4             2             3             4             3             5             4 
 5             4             12            8             4             3             6             6 
 5             2             8             1             3             6             5             4 
 6             7             3             7             6             8             1             2 
 6             3             5             5             2             2             5             2 
 4             5             4             3             3             3             8             3 
 1             2             2             5             9             4             1             4 
 5             4             1             4             4             8             4             4 
 9             1             4             4             4             1             7             1 
 2             4             2             5             1             3             3             3 
 6             5             4             8             5             3             4             6 
 4             5             7             6             3             9             2             3 
 3             2             4             1             5             2             5             5 
 5             10            3             5             8             6             3             3 
 6             3             11            6             1             2             5             5 
 6             2             6             4             3             3             3             1 
 4             5             4             2             5             6             2             6 
 5             4             2             3             3             3             3             3 
 1             4             1             0             4             1             3             4 
 4             2             5             6             5             4             3             0 
 5             3             5             5             1             1             2             0 
 2             3             3             3             2             1             6             1 
 1             5             4             2             0             6             4             1 
 3             2             2             3             4             6             2             3 
 2             3             1             1             4             4             1             3 
 4             3             5             0             5             3             2             6 
 3             6             3             1             3             2             4             2 
 3             3             5             1             1             4             5             4 
 3             3             3             5             6             3             2             4 
 4             6             1             6             8             4             9             1 
 2             3             2             4             1             2             3             1 
 5             2             3             1             3             4             0             1 
 4             4             7             3             2             0             4             1 
 4             3             2             2             2             4             3             0 
 2             1             1             1             3             1             3             2 
 4             1             0             0             1             5             1             2 
 3             2             1             3             1             2             2             2 
 0             1             2             2             0             1             1             0 
 0             2             0             0             0             0             0             1 
 1             0             1             2             1             1             1             2 
 0             0             0             0             0             1             0             0 
 0             0             2             1             1             2             2             0 
 1             0             3             0             1             1             1             1 
 2             3             0             0             1             0             2             1 
 0             0             0             0             0             0             0             1 
 1             1             0             0             0             2             2             0 
 1             0             2             0             3             1             1             1 
 2             1             1             0             0             0             1             1 
 0             0             0             2             2             1             1             2 
 1             0             1             0             0             2             2             0 
 0             0             0             0             1             1             2             1 
 1             0             0             1             2             1             0             1 
 0             0             1             0             1             0             0             0 
 0             0             1             0             0             0             0             0 
 0             0             0             0             1             1             0             0 
 0             3             0             0             0             0             0             0 
 0             0             1             0             0             1             0             0 
 0             0             0             1             1             2             1             0 
 0             1             0             0             0             0             0             0 
 2             0             0             0             0             0             0             0 
 1             1             0             0             0             1             0             0 
 2             2             0             0             0             1             0             0 
 1             0             1             1             0             0             0             2 
 1             1             0             1             0             0             0             1 
 1             1             0             0             1             0             1             1 
 1             0             0             0             2             0             0             0 
 0             0             0             0             0             2             0             0 
 0             0             3             1             0             0             0             0 
 2             1             2             2             1             1             0             1 
 0             1             0             0             1             1             0             1 
 0             1             1             0             0             0             0             0 
 0             0             0             0             0             0             1             0 
