$SPEC_ID:
bMCA Spectrum
$DATE_MEA:
06-22-2022  10:58:03
$MEAS_TIM:
 178.52        180
$DEVICE_ID:
bMCA 06201013
$ACQ_SETTINGS:
 2             180           1000          4             4095 
$HRDW_PARAMS:
PHA
 800
 3             3276          5 
 7             0             1023 
 80            25            45 
 1             1 
$SPEC_CAL:
-21.61505      2.251173      8.800329E-05
$MCA_CAL:
3
-21.61505      2.251173      8.800329E-05
$ROI:
 45            74            32768         1            57Co
$DATA:
 0             1023 
 3             7             4             14            47            58            110           154 
 175           200           232           233           223           238           224           234 
 251           280           295           350           392           380           370           352 
 335           307           324           297           335           300           319           348 
 440           436           530           630           683           722           804           802 
 826           852           841           895           1035          1207          1424          1774 
 2280          2941          3519          4345          4962          5685          5868          5829 
 5596          5432          5528          5298          5421          5788          5835          5726 
 5885          5671          5165          4461          3642          2946          2285          1686 
 1356          1011          742           612           434           366           328           290 
 268           212           227           198           195           199           222           208 
 211           199           163           183           189           185           188           184 
 172           185           157           167           167           146           155           164 
 149           141           140           148           161           151           149           151 
 111           134           136           126           121           128           126           139 
 107           112           133           105           104           94            130           102 
 91            92            89            87            79            86            78            96 
 88            73            89            70            65            71            78            78 
 68            80            80            72            49            77            53            84 
 74            63            62            60            59            66            58            71 
 53            47            64            51            55            56            55            55 
 53            50            39            43            49            50            56            55 
 49            51            32            35            45            46            37            45 
 33            42            43            40            34            46            40            39 
 34            37            35            33            29            25            30            37 
 35            29            30            28            32            28            29            29 
 23            25            25            27            21            26            27            33 
 26            26            38            19            31            23            19            30 
 29            23            32            33            29            30            22            26 
 31            21            33            21            34            17            27            21 
 22            17            25            16            13            21            23            18 
 17            16            29            32            28            16            20            27 
 18            11            27            17            16            19            20            17 
 24            25            25            23            20            26            28            20 
 25            18            25            21            16            23            24            28 
 28            23            29            16            18            29            21            25 
 18            17            23            28            25            27            27            21 
 26            31            21            27            21            22            32            23 
 29            28            21            25            17            24            14            12 
 18            22            17            18            13            17            21            13 
 17            13            9             21            12            16            10            8 
 11            6             6             11            19            11            9             12 
 5             11            14            10            4             15            9             12 
 9             9             13            7             16            5             10            10 
 9             10            8             14            14            6             7             9 
 12            8             9             8             12            4             13            12 
 11            9             8             6             11            5             12            12 
 10            7             13            10            7             4             6             15 
 4             10            12            7             15            8             10            7 
 13            9             7             5             15            7             9             5 
 8             4             12            5             11            8             8             11 
 13            7             8             6             13            7             5             9 
 9             2             14            13            15            9             7             4 
 8             3             9             10            9             10            5             4 
 4             10            7             7             5             5             11            6 
 8             9             8             6             4             8             5             9 
 5             7             4             5             5             8             10            9 
 2             8             3             9             1             8             5             3 
 8             7             9             13            3             5             8             9 
 7             6             7             5             7             6             6             7 
 4             9             1             5             12            4             4             3 
 9             7             6             6             4             9             7             5 
 7             5             7             4             2             6             5             10 
 6             9             11            9             9             5             12            7 
 6             5             9             13            4             7             10            6 
 5             4             5             6             4             5             3             4 
 10            12            3             5             9             6             5             3 
 4             3             3             6             2             8             5             4 
 4             5             4             3             9             3             7             7 
 6             0             5             6             3             2             4             3 
 3             3             1             7             2             7             6             1 
 9             2             6             5             2             3             3             5 
 4             2             3             4             5             7             4             3 
 1             2             5             5             1             4             4             4 
 5             3             1             7             2             8             3             1 
 7             5             3             2             3             4             7             5 
 4             4             2             3             4             1             3             2 
 3             4             5             4             6             5             3             7 
 4             6             4             5             4             13            8             5 
 11            6             4             2             5             6             11            5 
 3             6             6             7             6             3             3             12 
 4             6             5             4             5             6             6             6 
 2             4             4             5             4             1             2             4 
 4             2             1             3             6             6             8             4 
 4             3             2             4             3             2             4             2 
 5             2             0             5             3             1             2             5 
 2             4             4             3             3             1             4             0 
 1             2             2             1             1             3             2             1 
 2             0             0             2             1             0             1             3 
 1             0             0             1             0             1             1             0 
 1             1             2             1             1             0             1             1 
 1             3             0             0             1             2             5             1 
 2             0             1             1             1             2             1             0 
 1             2             2             1             0             0             2             3 
 1             2             1             1             2             0             1             1 
 0             1             2             1             2             0             3             0 
 0             2             1             1             2             0             1             0 
 0             0             1             1             0             0             1             0 
 0             3             3             1             3             0             0             0 
 1             1             0             0             2             1             1             0 
 1             2             1             0             2             3             1             0 
 1             0             0             0             0             0             0             0 
 0             0             0             0             2             0             0             0 
 2             1             0             1             0             1             0             0 
 0             0             0             0             1             1             1             1 
 0             0             1             0             0             1             1             2 
 1             2             0             0             0             0             1             0 
 0             1             1             1             0             0             0             0 
 0             0             1             0             1             2             0             0 
 0             0             0             0             1             1             0             2 
 1             0             1             1             1             0             1             0 
 1             0             0             0             0             0             1             0 
 0             0             0             0             0             0             0             1 
 0             1             0             1             1             0             0             1 
 1             1             1             0             1             2             1             1 
 2             0             0             1             0             1             2             1 
 0             1             1             0             1             1             2             3 
 1             2             0             0             3             2             2             0 
 0             0             0             0             0             0             0             1 
 0             1             0             0             2             2             1             0 
 1             0             0             0             1             0             0             0 
 2             0             0             0             1             0             1             0 
 2             1             0             0             0             0             0             0 
 0             0             0             0             1             1             0             0 
 0             0             0             0             1             0             0             1 
 0             0             1             1             1             0             1             0 
 0             0             0             1             3             0             0             0 
 1             1             0             0             0             0             0             1 
