$SPEC_ID:
bMCA Spectrum
$DATE_MEA:
06-24-2022  08:06:46
$MEAS_TIM:
 118.95        120
$DEVICE_ID:
bMCA 06201013
$ACQ_SETTINGS:
 2             120           1000          4             4095 
$HRDW_PARAMS:
PHA
 810
 3             3276          5 
 7             0             1023 
 80            25            45 
 1             1 
$SPEC_CAL:
-22.21111      2.09241       9.752878E-05
$MCA_CAL:
3
-22.21111      2.09241       9.752878E-05
$ROI:
 49            79            255           1            57Co
$DATA:
 0             1023 
 11            5             19            28            45            67            74            117 
 133           158           182           184           186           178           185           192 
 214           215           222           240           239           252           227           249 
 212           199           183           161           167           195           175           186 
 200           225           246           249           297           388           351           449 
 477           518           571           563           581           614           566           641 
 710           821           1025          1274          1630          2027          2599          2929 
 3421          3778          3694          3799          3889          3728          3722          3670 
 3760          3861          3949          4046          3993          3833          3575          3110 
 2612          2089          1607          1277          979           730           573           454 
 358           295           273           239           194           172           137           154 
 126           156           135           136           137           113           108           125 
 116           112           121           135           117           113           110           128 
 107           98            102           90            110           91            88            109 
 118           108           100           91            90            94            100           81 
 105           96            83            78            80            81            83            75 
 88            79            84            66            61            52            51            68 
 66            77            60            65            61            52            49            53 
 54            44            46            49            51            39            53            55 
 44            43            48            45            57            49            48            40 
 43            41            47            37            54            33            48            33 
 39            40            40            32            39            40            59            33 
 32            27            27            37            28            28            38            31 
 26            29            21            34            31            14            31            25 
 32            20            21            36            16            31            19            31 
 16            16            34            27            28            34            15            19 
 14            20            18            27            25            17            16            19 
 19            16            26            14            21            16            15            19 
 19            14            25            23            17            26            13            17 
 16            12            19            16            25            22            27            9 
 15            12            32            15            16            13            11            17 
 21            13            9             18            14            18            23            16 
 17            10            15            19            15            15            15            11 
 13            12            11            19            13            18            12            18 
 13            12            11            12            13            13            9             15 
 15            18            9             20            16            18            17            19 
 14            12            25            14            13            10            22            11 
 10            14            9             19            8             12            14            16 
 14            16            18            16            15            15            19            24 
 15            13            18            11            12            17            19            19 
 18            25            13            20            16            21            12            15 
 13            21            19            17            14            13            15            13 
 7             5             14            13            9             12            11            8 
 8             9             4             6             8             9             13            6 
 8             11            13            5             4             9             9             8 
 2             7             8             6             8             4             6             5 
 6             10            9             7             6             2             5             5 
 9             5             7             6             7             9             8             9 
 4             8             1             6             5             10            4             4 
 5             9             5             4             4             3             4             6 
 6             3             4             6             8             8             8             8 
 7             4             3             2             8             4             7             2 
 3             3             6             8             11            7             4             7 
 6             9             6             4             8             6             3             5 
 7             10            5             6             4             6             4             3 
 6             8             6             3             4             2             2             7 
 6             8             9             4             5             2             10            8 
 3             7             4             4             2             6             3             8 
 4             2             2             5             5             2             6             4 
 7             7             2             6             6             6             6             5 
 3             5             2             0             0             1             4             6 
 4             4             3             5             2             3             3             4 
 7             4             2             5             4             3             5             5 
 2             3             4             4             4             2             1             3 
 3             6             6             7             3             2             6             5 
 6             8             7             4             6             3             2             1 
 6             3             3             8             6             2             8             5 
 4             2             4             6             2             8             6             5 
 8             4             5             2             5             5             11            4 
 3             3             2             2             5             7             1             4 
 4             3             3             6             3             4             4             5 
 4             5             5             2             3             6             9             3 
 3             6             3             2             0             4             1             2 
 8             0             8             2             3             0             2             4 
 6             5             0             1             4             4             0             2 
 4             2             3             1             2             3             4             4 
 4             5             1             3             1             4             3             2 
 1             3             2             3             0             0             4             4 
 3             1             3             3             2             1             3             1 
 2             3             5             1             3             1             3             5 
 2             2             2             1             2             3             3             4 
 3             1             4             3             0             2             3             2 
 4             4             2             0             1             4             1             7 
 3             1             2             0             3             0             3             3 
 3             3             6             6             6             2             4             5 
 3             4             4             4             2             4             5             4 
 8             4             6             1             5             1             8             4 
 7             4             4             3             3             8             5             3 
 6             5             3             2             3             5             5             1 
 2             1             4             7             1             4             0             0 
 1             2             3             3             2             2             3             1 
 2             3             2             0             1             4             3             2 
 0             2             2             1             1             0             2             2 
 1             2             0             1             2             1             1             2 
 1             1             0             0             1             1             2             0 
 2             2             1             0             0             0             0             2 
 0             1             0             0             1             0             0             1 
 1             1             2             1             0             0             1             0 
 0             0             0             0             0             3             0             0 
 0             2             1             0             0             0             1             1 
 1             1             3             0             0             1             0             1 
 1             0             0             1             1             0             0             1 
 1             0             2             5             1             2             2             2 
 0             1             1             0             0             1             1             2 
 2             1             0             0             1             0             0             3 
 1             0             0             0             0             1             0             0 
 0             2             0             0             0             0             1             0 
 1             0             0             0             1             0             1             0 
 0             1             2             2             0             1             1             1 
 0             1             2             1             0             0             0             1 
 0             0             1             1             0             2             0             1 
 1             0             0             1             1             0             0             0 
 0             0             0             0             0             1             0             0 
 0             2             0             0             0             0             1             0 
 1             0             0             0             1             2             1             1 
 0             0             0             0             1             0             1             0 
 0             0             0             0             1             0             1             0 
 0             0             0             0             0             0             0             0 
 0             0             0             0             0             0             0             1 
 0             1             0             1             0             1             0             1 
 2             0             1             0             0             0             0             0 
 1             1             0             2             1             2             1             0 
 0             1             0             0             1             1             0             1 
 2             2             2             1             0             0             0             0 
 0             0             1             1             0             0             0             0 
 0             0             0             0             1             0             1             1 
 0             1             1             0             0             1             0             0 
 2             0             1             0             1             1             0             0 
