$SPEC_ID:
bMCA Spectrum
$DATE_MEA:
06-24-2022  09:24:54
$MEAS_TIM:
 237.91        240
$DEVICE_ID:
bMCA 06201013
$ACQ_SETTINGS:
 2             240           1000          4             4095 
$HRDW_PARAMS:
PHA
 810
 3             3276          5 
 7             0             1023 
 80            25            45 
-1            -1 
$SPEC_CAL:
-22.21111      2.09241       9.752878E-05
$MCA_CAL:
3
-22.21111      2.09241       9.752878E-05
$ROI:
 49            79            255           1            57Co
$DATA:
 0             1023 
 7             14            25            44            51            75            130           149 
 222           324           354           356           339           317           330           328 
 332           334           391           400           418           470           459           466 
 413           378           390           369           345           369           390           410 
 413           448           497           602           651           756           814           932 
 995           1077          1057          1097          1184          1134          1256          1362 
 1578          1889          2209          2872          3614          4482          5478          6444 
 7139          7668          7776          7605          7609          7339          7229          7273 
 7468          7698          7907          8084          7885          7447          6768          5807 
 4806          3799          2934          2374          1820          1362          1108          839 
 731           524           506           394           331           354           297           303 
 291           278           292           285           251           272           231           252 
 248           216           235           216           253           234           214           210 
 256           214           232           196           196           196           196           213 
 194           180           210           183           177           170           176           192 
 161           173           154           169           164           167           152           166 
 145           126           165           132           150           155           138           116 
 113           98            117           124           131           86            99            109 
 125           109           96            105           102           89            98            98 
 92            89            99            98            80            83            94            105 
 86            87            90            84            78            74            82            75 
 66            79            85            76            70            71            81            67 
 87            75            76            70            81            48            50            71 
 75            55            49            61            55            57            44            64 
 43            54            53            48            52            44            44            64 
 45            48            50            53            46            40            39            51 
 42            37            29            38            37            48            34            40 
 45            35            39            42            47            31            43            28 
 50            30            41            39            37            34            33            34 
 28            25            33            43            26            34            34            37 
 32            38            48            36            26            41            20            31 
 33            31            41            38            18            41            40            23 
 30            34            30            34            31            29            38            31 
 34            16            28            22            36            28            42            30 
 26            28            30            28            34            28            26            31 
 29            32            29            29            30            29            22            23 
 26            25            26            26            40            25            34            22 
 20            24            32            37            25            32            41            31 
 25            31            27            31            29            41            28            33 
 31            42            38            26            26            40            31            26 
 33            38            32            24            32            23            33            34 
 18            27            25            32            28            28            19            32 
 20            26            27            21            18            26            17            28 
 21            17            15            14            10            11            12            19 
 20            27            13            20            15            15            15            15 
 20            15            24            19            18            16            15            21 
 21            12            13            16            12            15            17            23 
 10            25            10            10            6             19            12            18 
 19            20            12            14            12            13            15            13 
 15            3             16            19            13            9             11            8 
 13            10            15            9             15            6             9             16 
 10            11            15            15            12            11            15            12 
 11            19            11            16            5             11            16            12 
 10            10            11            12            9             5             5             12 
 12            19            19            9             10            14            6             11 
 13            13            10            5             18            15            14            13 
 13            17            14            13            9             5             7             10 
 18            17            12            8             7             8             11            4 
 14            14            12            13            12            8             13            8 
 9             7             9             6             8             8             5             8 
 11            10            9             11            9             5             11            7 
 5             11            5             13            8             7             4             6 
 12            9             9             8             10            8             11            6 
 7             9             15            8             9             11            10            5 
 11            6             10            9             8             7             10            6 
 13            9             7             8             9             11            11            8 
 4             13            7             9             14            11            10            9 
 10            13            9             11            9             6             12            10 
 9             14            15            7             10            4             5             11 
 12            10            12            4             9             10            7             9 
 8             11            6             6             9             11            6             3 
 7             8             5             11            6             6             10            12 
 6             8             7             2             4             11            7             6 
 5             6             2             7             6             9             9             6 
 6             7             3             5             1             6             3             5 
 5             1             5             4             6             6             6             2 
 6             8             4             4             4             3             6             2 
 2             4             6             4             6             11            8             12 
 9             5             3             4             2             6             5             6 
 5             6             6             6             2             3             5             6 
 4             2             7             8             4             2             3             5 
 7             5             8             2             1             11            7             8 
 5             5             7             8             3             8             10            11 
 8             6             6             5             7             4             6             9 
 7             9             12            13            5             5             12            15 
 5             4             11            4             2             5             7             5 
 7             9             7             8             11            12            10            6 
 6             7             9             5             5             5             10            3 
 5             4             6             2             5             7             9             2 
 2             4             7             1             4             5             6             2 
 4             1             3             4             3             4             6             6 
 2             4             3             1             2             3             1             2 
 4             2             7             1             2             3             1             4 
 0             1             1             2             1             1             1             0 
 1             3             0             1             0             1             0             1 
 3             1             2             0             0             2             0             0 
 2             2             2             4             2             0             1             0 
 1             1             2             2             2             2             1             2 
 2             1             2             2             1             1             0             1 
 2             1             2             2             1             3             1             2 
 1             1             0             3             1             0             3             1 
 1             3             0             1             0             2             0             2 
 0             1             0             4             3             0             2             2 
 1             2             4             2             1             2             0             3 
 2             2             0             2             2             2             3             1 
 3             0             4             2             0             0             0             1 
 2             0             2             1             0             1             0             0 
 2             0             3             0             1             1             0             1 
 0             2             3             2             0             2             3             1 
 0             2             0             1             3             0             2             1 
 1             1             1             2             2             0             0             0 
 1             0             1             0             2             1             2             0 
 0             2             2             2             2             1             0             0 
 1             1             0             0             0             1             0             3 
 0             0             0             0             1             0             0             2 
 0             1             1             0             1             1             0             2 
 0             0             0             0             1             1             0             1 
 2             0             1             0             1             0             2             1 
 0             1             0             1             2             0             1             0 
 0             0             0             0             1             0             1             0 
 2             1             2             0             1             2             1             0 
 1             1             1             2             0             0             1             0 
 0             0             1             1             0             1             1             0 
 2             1             0             1             1             1             1             2 
 1             0             0             0             1             1             1             1 
 0             1             3             1             0             1             0             3 
 2             0             1             1             0             1             0             1 
 1             0             2             0             1             1             1             0 
