$SPEC_ID:
bMCA Spectrum
$DATE_MEA:
06-24-2022  10:18:36
$MEAS_TIM:
 118.97        120
$DEVICE_ID:
bMCA 06201013
$ACQ_SETTINGS:
 2             120           1000          4             4095 
$HRDW_PARAMS:
PHA
 790
 3             3276          5 
 7             0             1023 
 80            25            45 
-1            -1 
$SPEC_CAL:
-21.59134      2.380025      1.831466E-04
$MCA_CAL:
3
-21.59134      2.380025      1.831466E-04
$ROI:
 40            70            255           1            57Co
$DATA:
 0             1023 
 4             11            19            18            44            61            96            134 
 142           163           166           166           148           159           199           174 
 226           240           234           269           282           217           263           231 
 223           219           210           243           230           298           326           399 
 393           512           521           562           672           596           633           658 
 788           805           1041          1308          1689          2266          2808          3345 
 3918          4274          4306          4235          3995          4022          3750          3731 
 3928          4231          4329          4301          4179          3949          3311          2783 
 2145          1659          1227          944           712           503           429           310 
 251           237           191           197           146           129           159           166 
 155           153           148           133           149           138           130           129 
 125           149           115           117           108           113           115           118 
 117           104           110           105           109           91            87            100 
 100           89            78            99            88            100           88            91 
 93            80            70            89            68            71            71            70 
 76            60            69            64            58            57            65            63 
 56            56            55            56            57            45            61            41 
 51            55            60            40            52            48            52            46 
 49            53            50            44            38            46            39            34 
 37            36            31            38            45            33            38            30 
 35            26            35            34            36            30            24            29 
 39            25            30            33            35            27            29            27 
 24            23            29            21            25            24            18            25 
 16            26            21            22            30            18            22            16 
 22            20            15            25            27            23            21            22 
 22            18            12            24            23            15            26            22 
 16            23            26            12            17            19            20            25 
 15            16            16            18            20            19            13            18 
 15            14            24            19            18            23            21            20 
 23            14            20            19            13            26            12            17 
 18            13            22            20            13            21            21            17 
 11            16            15            15            24            15            17            21 
 22            15            24            26            18            14            18            21 
 11            21            19            16            28            16            13            20 
 18            25            16            23            25            24            18            16 
 21            17            14            18            16            11            18            12 
 9             11            13            10            14            8             19            12 
 10            11            6             11            7             8             7             10 
 13            7             13            9             12            12            7             4 
 10            5             12            8             12            9             10            8 
 5             7             5             5             7             13            7             3 
 9             6             3             6             4             8             10            8 
 6             5             7             11            7             5             6             6 
 5             5             12            8             14            7             8             8 
 10            8             4             5             5             10            9             5 
 3             4             9             9             4             7             6             10 
 8             5             8             4             10            5             7             7 
 15            10            5             10            5             5             6             9 
 4             9             6             5             3             7             5             7 
 2             6             8             5             10            4             7             3 
 3             4             8             2             7             6             8             0 
 6             3             2             4             10            4             5             8 
 3             2             4             4             0             6             6             6 
 5             3             3             1             5             5             9             1 
 5             3             4             6             5             5             7             3 
 2             3             3             0             7             6             5             6 
 2             5             2             5             7             8             7             3 
 6             6             2             5             5             7             2             4 
 8             8             1             5             7             5             1             4 
 4             6             6             5             9             5             6             5 
 7             4             5             4             2             2             7             8 
 9             6             6             2             2             5             7             3 
 2             5             4             3             4             2             4             5 
 4             1             1             0             5             2             4             2 
 4             3             2             1             4             2             2             4 
 5             1             3             1             3             5             2             3 
 1             1             3             3             5             0             3             7 
 4             3             3             2             3             2             2             3 
 7             6             2             2             5             0             3             1 
 4             0             2             5             2             2             4             7 
 3             2             1             2             1             7             5             5 
 4             5             1             6             5             8             3             5 
 1             13            3             6             3             3             6             3 
 6             3             8             4             3             4             4             2 
 6             4             6             3             6             5             1             3 
 2             5             9             2             9             5             5             4 
 2             2             2             5             2             5             4             4 
 2             1             4             1             4             2             1             3 
 2             0             0             0             3             2             1             2 
 4             1             2             2             5             1             0             1 
 0             2             1             4             0             3             1             1 
 0             0             0             4             4             2             1             1 
 2             0             2             0             1             2             0             1 
 1             2             1             0             1             2             1             0 
 0             1             1             1             1             1             2             0 
 0             1             0             0             0             0             0             1 
 2             0             1             1             2             0             1             1 
 0             1             2             1             2             0             4             0 
 3             0             1             1             1             1             0             0 
 0             0             0             3             0             1             1             0 
 0             2             0             1             0             0             0             2 
 2             1             5             0             1             0             0             0 
 2             0             1             2             3             1             1             1 
 0             0             0             2             0             0             1             0 
 1             0             0             0             0             1             1             2 
 0             0             0             0             1             0             0             0 
 0             0             0             0             0             0             0             0 
 1             2             1             0             0             0             0             2 
 0             0             0             0             0             0             1             0 
 1             1             1             0             0             1             1             1 
 0             1             0             1             0             0             0             1 
 0             0             1             0             1             1             0             0 
 1             0             0             0             0             1             0             0 
 0             0             0             1             0             1             0             0 
 1             0             0             1             2             0             0             0 
 1             0             3             1             1             1             0             0 
 4             0             0             1             1             0             0             0 
 0             1             0             1             1             2             2             1 
 0             2             2             0             0             0             0             0 
 0             0             0             2             0             2             0             1 
 1             0             0             1             0             0             1             0 
 0             0             0             0             2             0             1             0 
 1             0             0             0             1             1             0             0 
 0             0             0             0             1             0             0             0 
 0             1             0             1             0             0             0             0 
 4             1             0             0             0             1             0             0 
 0             1             0             0             0             0             1             0 
 1             1             1             1             1             0             0             0 
 0             0             0             0             1             0             1             0 
 2             0             0             1             0             0             0             0 
 0             0             0             1             0             0             0             0 
 0             0             0             0             0             0             0             0 
 0             0             0             0             1             0             0             0 
 0             0             0             1             0             0             0             0 
 0             0             0             0             0             0             0             0 
 0             0             0             0             0             0             0             0 
 0             1             0             0             1             0             0             0 
 0             0             0             0             0             1             0             0 
