$SPEC_ID:
bMCA Spectrum
$DATE_MEA:
06-24-2022  10:22:38
$MEAS_TIM:
 118.965       120
$DEVICE_ID:
bMCA 06201013
$ACQ_SETTINGS:
 2             120           1000          4             4095 
$HRDW_PARAMS:
PHA
 790
 3             3276          5 
 7             0             1023 
 80            25            45 
-1            -1 
$SPEC_CAL:
-21.59134      2.380025      1.831466E-04
$MCA_CAL:
3
-21.59134      2.380025      1.831466E-04
$ROI:
 40            70            255           1            57Co
$DATA:
 0             1023 
 3             8             12            22            45            67            79            120 
 148           188           155           184           159           147           163           184 
 198           240           220           288           253           246           242           207 
 186           228           212           246           269           259           314           382 
 444           417           565           569           623           619           742           690 
 705           836           1032          1309          1712          2261          2795          3475 
 3836          4263          4373          4176          4063          3896          3915          3811 
 4060          4124          4238          4221          4173          3905          3403          2703 
 2202          1636          1231          919           667           514           372           344 
 263           220           186           190           187           164           164           171 
 151           166           155           151           132           141           142           135 
 118           141           135           109           130           123           112           118 
 136           117           104           124           133           109           100           107 
 113           96            102           90            89            96            79            92 
 78            66            80            87            79            70            81            74 
 66            71            64            75            59            71            73            74 
 50            60            46            63            51            51            51            55 
 60            50            49            51            59            49            39            40 
 49            44            47            37            40            42            48            43 
 43            42            43            37            40            31            34            33 
 34            37            30            36            22            38            29            44 
 29            21            17            29            25            25            19            25 
 35            16            24            27            24            19            24            20 
 25            11            16            23            24            15            24            21 
 16            20            26            20            17            24            20            20 
 22            22            15            29            19            14            22            17 
 19            19            22            13            8             18            18            14 
 25            15            17            26            21            18            20            22 
 21            20            15            20            15            19            17            16 
 20            20            19            14            10            13            15            16 
 14            17            14            23            22            15            28            23 
 11            14            17            19            15            13            18            17 
 14            22            9             18            14            16            14            21 
 19            18            14            17            15            15            28            26 
 26            17            19            20            22            22            20            22 
 20            17            22            12            15            18            14            15 
 10            17            11            16            12            9             13            11 
 11            5             10            12            8             9             12            6 
 9             10            13            7             10            8             5             17 
 9             10            11            8             11            5             4             9 
 6             4             12            12            7             8             8             7 
 7             6             5             9             9             5             8             7 
 4             8             13            8             4             11            7             7 
 8             6             11            7             7             7             8             7 
 8             9             6             2             4             8             9             3 
 10            7             9             12            9             4             5             2 
 6             8             6             5             10            5             12            6 
 10            6             6             4             5             10            6             7 
 9             10            4             7             7             8             5             11 
 11            10            6             7             10            2             11            5 
 5             8             10            5             6             3             4             3 
 7             5             1             6             8             2             5             8 
 3             5             5             6             5             10            5             6 
 4             5             3             5             3             1             10            5 
 6             6             4             3             7             5             8             6 
 6             6             6             2             4             5             2             5 
 4             7             8             5             8             7             6             9 
 2             5             5             8             4             6             5             4 
 3             7             6             5             8             4             5             6 
 3             5             8             3             9             4             4             5 
 7             5             3             9             8             5             4             6 
 2             7             6             10            5             4             3             3 
 11            5             3             5             2             5             3             6 
 4             3             4             6             2             3             2             3 
 1             3             5             2             2             4             4             5 
 5             6             4             0             3             3             2             4 
 3             4             0             3             4             4             8             3 
 4             5             1             2             3             4             3             4 
 1             0             3             3             8             2             5             2 
 3             2             2             7             4             4             3             5 
 2             3             3             3             2             4             6             3 
 1             3             1             1             3             4             5             3 
 1             5             8             4             0             4             5             6 
 4             3             6             5             8             9             9             2 
 6             7             7             6             5             6             2             4 
 8             3             3             3             4             3             5             2 
 3             8             5             5             2             1             6             1 
 4             2             0             4             6             2             2             1 
 1             5             2             3             1             2             3             1 
 2             3             1             0             4             0             0             1 
 2             1             2             3             0             1             2             1 
 1             0             0             1             0             0             1             1 
 0             2             1             1             1             2             0             0 
 0             0             1             0             0             2             0             0 
 0             0             0             1             1             0             0             1 
 1             1             1             2             1             0             2             1 
 1             3             1             2             0             0             0             0 
 1             1             1             0             0             1             0             2 
 0             0             0             3             1             0             1             0 
 2             2             1             1             0             0             0             0 
 0             0             2             1             3             1             1             1 
 1             0             0             2             2             3             0             0 
 0             1             0             1             1             1             0             1 
 1             0             0             2             1             1             1             2 
 0             1             0             1             1             1             0             0 
 0             1             0             0             3             0             1             0 
 0             1             1             0             1             0             0             0 
 1             1             1             0             0             0             0             1 
 0             0             1             0             1             1             0             0 
 0             0             1             0             1             0             0             0 
 0             1             0             1             1             0             1             0 
 0             1             0             0             0             0             1             1 
 1             0             0             0             0             0             1             3 
 0             0             0             0             0             0             0             0 
 0             0             1             0             0             0             0             0 
 0             0             1             0             0             0             1             0 
 1             0             1             1             0             1             3             0 
 0             0             0             0             1             0             0             1 
 1             1             0             0             0             0             0             0 
 0             0             1             0             1             3             2             0 
 1             0             0             1             0             0             2             0 
 0             0             1             1             1             1             0             0 
 0             1             2             0             0             0             0             0 
 0             0             2             0             1             0             0             0 
 0             0             2             0             0             0             0             0 
 0             0             0             1             2             0             0             0 
 0             0             0             1             1             0             0             0 
 0             0             0             0             1             0             1             0 
 0             0             0             2             0             0             0             0 
 0             0             0             0             0             0             0             0 
 0             0             0             0             0             0             0             0 
 0             0             1             0             1             0             0             0 
 0             0             1             0             0             0             0             0 
 0             0             0             0             2             0             0             0 
 0             0             0             0             0             0             0             0 
 0             0             1             0             0             0             0             0 
 0             0             0             1             0             0             0             0 
 0             1             0             1             0             0             0             0 
