$SPEC_ID:
bMCA Spectrum
$DATE_MEA:
06-24-2022  10:20:37
$MEAS_TIM:
 118.96        120
$DEVICE_ID:
bMCA 06201013
$ACQ_SETTINGS:
 2             120           1000          4             4095 
$HRDW_PARAMS:
PHA
 790
 3             3276          5 
 7             0             1023 
 80            25            45 
-1            -1 
$SPEC_CAL:
-21.59134      2.380025      1.831466E-04
$MCA_CAL:
3
-21.59134      2.380025      1.831466E-04
$ROI:
 40            70            255           1            57Co
$DATA:
 0             1023 
 9             5             18            28            34            61            100           129 
 147           176           170           161           173           172           175           173 
 213           201           264           236           275           274           251           221 
 206           203           203           231           250           266           309           373 
 436           458           521           543           616           642           665           697 
 720           807           989           1333          1777          2183          2774          3403 
 3859          4179          4185          4303          4076          3966          3805          3844 
 3993          4183          4399          4369          4159          3965          3299          2834 
 2291          1683          1208          941           672           540           379           333 
 258           230           206           161           176           137           161           142 
 147           124           149           146           129           152           139           137 
 114           119           139           131           123           119           121           115 
 110           114           109           121           106           112           113           114 
 92            114           108           108           87            84            99            87 
 84            90            60            67            91            68            57            94 
 54            65            67            67            71            71            61            64 
 59            52            57            48            59            38            65            57 
 54            43            50            58            44            50            44            57 
 45            44            43            43            47            47            40            50 
 40            45            38            46            53            42            42            28 
 43            29            27            31            29            39            30            40 
 32            27            25            28            34            30            29            24 
 24            24            34            19            25            25            26            28 
 27            35            15            27            26            34            24            18 
 22            22            16            26            22            25            23            15 
 25            22            19            22            26            17            30            13 
 17            16            24            14            21            17            20            27 
 11            19            17            12            21            16            11            11 
 14            16            25            14            7             15            16            20 
 12            10            13            15            17            16            12            23 
 23            17            17            10            14            11            16            19 
 7             21            17            20            15            15            14            12 
 23            19            12            18            18            11            18            26 
 23            16            17            15            20            26            17            24 
 24            16            20            18            16            21            14            20 
 11            21            18            18            17            25            10            8 
 17            16            15            14            7             9             19            14 
 11            9             12            9             9             9             9             7 
 9             8             11            10            14            9             4             11 
 9             8             11            11            7             6             8             6 
 12            9             6             12            8             4             5             8 
 6             8             7             5             13            8             8             5 
 6             8             2             2             5             6             7             4 
 5             7             6             6             11            6             10            5 
 8             5             4             3             9             10            7             7 
 8             12            8             5             5             8             7             8 
 5             7             10            5             5             4             6             6 
 4             8             13            4             13            6             9             11 
 5             10            5             13            3             10            7             5 
 7             8             8             9             7             4             6             7 
 8             8             4             4             4             3             3             6 
 5             10            8             12            4             4             5             2 
 10            7             4             5             8             8             6             7 
 8             11            5             6             5             3             4             6 
 8             8             8             7             5             9             8             3 
 9             5             5             3             6             3             10            6 
 7             8             5             4             4             3             4             7 
 4             5             3             7             4             2             2             5 
 6             1             6             3             6             6             7             7 
 7             6             9             8             3             10            12            9 
 5             7             4             7             7             8             5             3 
 3             8             2             6             3             3             9             6 
 3             5             8             4             5             5             3             3 
 6             4             7             3             5             2             8             4 
 0             5             1             3             2             2             1             2 
 5             2             3             3             1             3             5             0 
 1             3             1             5             3             2             3             3 
 4             4             4             0             3             2             5             1 
 5             3             3             0             0             2             3             2 
 4             3             3             6             4             4             5             2 
 2             1             3             2             3             5             2             3 
 5             1             4             3             5             6             0             5 
 3             4             4             4             4             3             8             4 
 7             6             3             6             2             6             3             6 
 4             2             3             4             4             3             0             3 
 3             3             7             3             9             0             1             6 
 7             1             3             2             6             3             2             1 
 5             0             4             3             2             4             5             1 
 4             4             2             2             2             2             2             2 
 2             2             1             2             0             1             0             2 
 2             4             2             2             0             0             1             1 
 2             0             1             0             0             1             0             0 
 1             1             1             0             2             1             1             3 
 3             0             0             0             1             0             2             0 
 0             1             0             2             0             1             1             3 
 1             0             0             0             2             0             1             1 
 1             0             2             1             0             0             1             0 
 1             2             2             0             0             0             2             1 
 2             2             0             1             1             1             0             1 
 0             1             2             2             0             1             1             1 
 1             0             1             0             0             2             3             3 
 1             3             0             0             0             2             0             0 
 1             1             1             2             1             0             0             1 
 0             1             0             3             0             0             0             1 
 0             0             0             0             0             1             1             2 
 0             0             0             3             1             1             1             1 
 1             3             0             1             0             0             0             1 
 0             0             1             0             0             0             1             0 
 0             0             0             0             1             0             0             0 
 0             0             0             1             0             0             0             1 
 1             0             0             0             0             0             1             0 
 1             0             0             0             0             1             0             2 
 1             0             0             0             1             0             0             0 
 1             1             0             2             0             0             0             0 
 1             0             0             0             0             0             2             1 
 1             0             0             1             0             0             0             0 
 0             1             0             2             0             0             0             0 
 0             0             0             0             0             0             0             0 
 0             1             0             0             0             2             1             2 
 0             0             0             3             1             1             2             1 
 0             0             1             0             2             0             0             0 
 0             0             0             1             1             0             1             0 
 0             0             0             0             0             0             0             2 
 1             0             0             0             0             0             0             0 
 0             1             1             0             0             0             0             0 
 0             1             0             0             0             0             0             0 
 0             0             1             0             1             0             0             1 
 0             1             0             0             0             2             1             0 
 0             1             0             1             1             0             0             0 
 0             1             1             0             0             0             0             0 
 0             0             0             1             1             1             1             0 
 2             0             2             0             0             0             0             0 
 0             0             0             0             0             0             0             1 
 0             0             0             1             0             0             0             0 
 0             0             0             1             0             0             0             0 
 1             0             0             1             0             0             0             0 
 0             0             0             0             0             0             1             1 
 0             0             0             0             0             1             0             0 
