$SPEC_ID:
bMCA Spectrum
$DATE_MEA:
06-24-2022  08:02:44
$MEAS_TIM:
 118.95        120
$DEVICE_ID:
bMCA 06201013
$ACQ_SETTINGS:
 2             120           1000          4             4095 
$HRDW_PARAMS:
PHA
 810
 3             3276          5 
 7             0             1023 
 80            25            45 
 1             1 
$SPEC_CAL:
-22.21111      2.09241       9.752878E-05
$MCA_CAL:
3
-22.21111      2.09241       9.752878E-05
$ROI:
 49            79            255           1            57Co
$DATA:
 0             1023 
 2             10            11            23            33            49            62            86 
 125           141           177           161           168           168           173           181 
 165           199           196           210           261           253           239           254 
 218           195           200           188           202           216           165           190 
 196           242           235           292           302           380           384           435 
 473           490           522           538           593           573           600           622 
 717           833           1041          1301          1546          1958          2434          2896 
 3331          3543          3858          3936          3821          3815          3712          3725 
 3836          3864          4039          4155          4042          3947          3649          3042 
 2663          2142          1786          1271          1015          799           593           494 
 332           297           258           214           182           167           134           131 
 134           137           132           139           126           119           117           128 
 138           132           112           108           101           111           117           106 
 99            98            112           102           105           107           102           94 
 92            83            91            103           91            102           81            91 
 86            94            82            78            72            83            84            73 
 71            82            71            64            74            72            61            58 
 63            80            49            64            49            58            52            53 
 54            57            55            57            47            46            53            51 
 42            47            34            51            49            49            51            50 
 44            65            31            36            53            45            34            42 
 42            46            31            34            37            40            33            37 
 26            38            45            36            32            27            28            31 
 32            30            34            22            34            29            29            23 
 36            18            28            33            22            24            25            18 
 17            29            26            25            26            21            27            19 
 22            16            21            27            13            12            16            16 
 14            19            20            17            18            25            23            13 
 13            23            13            22            20            20            17            18 
 20            18            16            20            16            18            12            14 
 15            12            18            14            16            17            19            17 
 15            22            17            11            18            20            17            15 
 16            18            16            16            18            14            12            18 
 11            17            12            13            9             22            8             15 
 13            15            18            12            9             7             20            10 
 17            10            20            7             15            15            7             14 
 11            15            10            5             14            10            12            15 
 16            7             17            13            9             12            16            18 
 11            10            15            16            12            16            13            11 
 14            14            9             17            17            15            17            10 
 24            8             17            14            13            20            15            20 
 14            9             13            8             12            16            15            8 
 20            9             8             11            7             10            7             10 
 5             8             11            6             3             10            8             8 
 2             7             11            7             5             7             8             6 
 6             4             7             5             5             6             3             6 
 10            4             7             7             8             9             5             1 
 5             7             8             8             5             5             8             5 
 10            8             5             5             6             11            5             9 
 7             4             6             5             6             3             6             7 
 9             10            9             8             9             6             6             6 
 6             5             3             8             4             5             5             9 
 7             12            9             5             6             1             4             10 
 5             6             13            11            5             13            6             6 
 7             8             7             5             5             7             10            6 
 4             2             3             10            5             5             6             3 
 5             5             7             6             4             5             4             4 
 4             6             5             8             2             2             7             0 
 8             4             9             4             6             8             4             2 
 6             2             6             8             4             3             8             7 
 4             3             9             5             3             8             3             3 
 4             5             9             9             7             6             3             4 
 2             2             4             7             3             5             6             8 
 8             4             4             5             4             3             0             0 
 3             2             7             4             5             5             8             6 
 2             5             3             4             5             7             5             3 
 4             3             6             3             2             0             4             7 
 3             3             3             4             8             1             5             5 
 2             1             4             7             2             2             5             1 
 5             7             4             4             4             8             1             4 
 3             3             2             6             2             3             2             2 
 6             3             3             3             6             3             3             1 
 2             3             2             2             2             5             2             3 
 4             1             4             5             2             3             2             2 
 3             5             3             2             3             3             6             0 
 3             3             7             2             2             3             3             1 
 2             3             3             2             4             2             3             4 
 3             3             2             2             1             7             6             2 
 2             2             1             3             2             1             1             4 
 3             3             1             0             7             2             4             4 
 2             1             1             1             3             3             4             2 
 1             3             3             4             4             1             4             4 
 0             3             4             2             2             2             3             5 
 1             3             3             2             3             5             3             3 
 6             6             1             5             3             2             4             7 
 9             0             3             2             1             5             4             7 
 3             5             1             8             3             3             4             2 
 2             5             2             2             5             4             2             5 
 7             3             2             5             0             5             3             2 
 7             1             3             3             3             3             1             1 
 6             1             2             6             2             3             0             1 
 0             0             1             0             1             1             2             3 
 2             3             3             2             1             2             1             0 
 4             2             1             0             1             0             1             1 
 2             0             1             2             2             1             3             1 
 3             2             0             0             3             0             0             1 
 0             1             2             2             0             0             0             1 
 0             0             0             0             1             0             1             1 
 1             1             0             0             4             2             1             1 
 1             0             2             1             0             0             0             2 
 0             0             0             3             1             1             0             1 
 0             0             1             1             0             0             1             0 
 1             0             0             1             3             0             1             1 
 0             0             0             1             1             4             0             1 
 2             1             0             1             0             1             0             1 
 1             2             0             1             1             0             1             0 
 0             1             1             1             0             0             0             1 
 2             0             0             1             0             1             1             0 
 0             0             0             0             0             0             1             0 
 0             0             1             0             0             1             0             1 
 1             0             0             0             0             0             2             0 
 0             0             0             1             1             0             0             0 
 0             0             0             0             0             0             0             1 
 0             0             0             0             1             0             1             0 
 0             0             0             0             0             0             0             0 
 1             0             0             0             1             0             0             1 
 0             1             1             0             0             0             0             0 
 1             1             0             1             0             0             0             0 
 0             0             1             0             0             0             0             0 
 0             0             1             0             0             0             1             0 
 0             0             0             0             0             0             0             0 
 0             0             0             0             0             0             0             0 
 0             1             0             1             0             1             0             0 
 1             0             0             0             0             1             0             1 
 0             0             0             1             1             0             0             1 
 0             1             0             2             0             0             0             0 
 0             1             0             0             0             0             1             0 
 0             0             0             2             0             1             0             1 
