$SPEC_ID:
bMCA Spectrum
$DATE_MEA:
06-24-2022  07:53:29
$MEAS_TIM:
 59.47         60
$DEVICE_ID:
bMCA 06201013
$ACQ_SETTINGS:
 2             60            1000          4             4095 
$HRDW_PARAMS:
PHA
 810
 3             3276          5 
 7             0             1023 
 80            25            45 
 1             1 
$SPEC_CAL:
-22.21111      2.09241       9.752878E-05
$MCA_CAL:
3
-22.21111      2.09241       9.752878E-05
$ROI:
 49            79            255           1            57Co
$DATA:
 0             1023 
 2             7             9             12            20            30            37            36 
 64            72            89            94            95            93            96            79 
 95            87            101           105           100           119           133           106 
 97            104           97            111           90            85            78            87 
 108           94            122           137           147           158           197           222 
 229           284           311           287           293           284           317           322 
 337           409           486           631           735           975           1198          1413 
 1656          1798          1836          1976          1933          1894          1899          1869 
 1866          1967          1964          2070          2109          1936          1790          1670 
 1277          1040          845           650           506           391           307           227 
 201           167           124           114           99            78            63            65 
 60            55            61            73            62            82            56            58 
 51            60            57            66            47            52            56            55 
 61            53            59            61            64            50            49            57 
 45            56            51            48            43            48            44            51 
 47            57            42            36            28            52            26            43 
 36            40            31            33            37            38            32            32 
 30            29            35            32            33            32            45            34 
 30            28            37            25            31            24            31            23 
 22            22            25            25            23            24            27            30 
 19            20            23            15            21            21            14            21 
 13            19            19            19            7             21            17            18 
 16            10            15            19            18            14            16            20 
 15            12            23            17            13            7             18            12 
 13            16            16            10            13            14            17            5 
 10            18            13            10            12            8             6             8 
 13            11            10            8             10            8             5             10 
 16            14            13            5             18            9             5             13 
 11            20            6             15            15            13            9             3 
 11            8             12            7             11            12            5             8 
 6             8             9             8             5             7             15            10 
 8             8             8             8             10            4             5             9 
 9             11            5             11            6             6             5             4 
 9             8             13            7             10            8             3             6 
 6             7             4             6             2             2             5             9 
 5             4             4             6             7             10            11            7 
 5             9             3             8             10            6             7             3 
 6             7             6             8             4             8             8             7 
 6             12            10            13            6             10            6             8 
 10            8             7             8             7             7             6             14 
 9             6             5             9             10            6             7             11 
 6             7             8             9             7             9             8             4 
 5             7             7             6             3             2             5             3 
 3             7             3             6             6             4             3             4 
 5             4             4             2             5             1             4             3 
 6             7             3             4             5             3             2             5 
 3             3             2             4             2             4             5             4 
 3             2             2             2             3             1             3             3 
 2             3             2             3             2             4             2             1 
 1             1             3             2             2             2             3             3 
 3             6             5             1             4             1             3             6 
 2             1             1             1             5             2             4             3 
 4             0             2             3             4             5             2             3 
 3             2             3             2             5             3             4             3 
 4             4             3             2             3             2             3             1 
 2             3             1             5             4             5             1             1 
 1             5             3             2             2             3             4             1 
 1             1             7             8             3             5             1             2 
 1             3             3             3             1             8             4             3 
 0             2             3             0             2             5             2             4 
 3             2             3             2             3             1             4             1 
 2             3             4             4             2             3             1             0 
 1             2             1             2             1             2             4             2 
 0             2             2             2             3             1             2             3 
 7             2             2             1             3             1             0             3 
 2             2             5             3             3             2             1             3 
 0             4             4             2             3             4             2             2 
 1             3             2             1             6             4             3             3 
 2             2             2             2             1             3             4             6 
 4             1             1             2             2             2             3             2 
 5             4             3             1             2             1             4             3 
 2             1             5             1             1             4             1             0 
 3             1             2             0             1             1             3             1 
 1             1             2             1             2             2             1             1 
 2             0             1             2             1             1             2             0 
 0             4             1             2             3             1             3             1 
 0             2             1             1             2             2             3             1 
 4             2             2             0             1             1             1             0 
 0             0             2             1             1             2             0             2 
 3             0             1             0             0             2             3             3 
 0             1             1             4             2             0             2             2 
 0             3             2             2             1             1             1             1 
 1             3             0             1             0             0             1             1 
 3             0             2             1             2             1             2             3 
 0             1             0             1             3             0             2             4 
 2             1             4             2             2             5             3             2 
 5             2             4             0             0             0             2             2 
 1             1             3             0             4             0             4             1 
 2             1             3             1             2             2             2             0 
 3             2             2             1             3             3             1             2 
 1             2             0             0             1             1             1             0 
 1             0             0             0             1             3             2             0 
 2             1             0             1             0             0             0             0 
 1             0             0             1             1             2             1             0 
 1             1             0             1             1             0             0             1 
 0             2             0             0             1             1             1             0 
 0             0             1             0             0             0             0             1 
 0             0             0             0             1             2             3             0 
 0             1             1             1             0             1             1             0 
 0             0             1             0             0             0             0             0 
 0             1             0             1             0             0             0             0 
 0             1             0             1             0             0             0             0 
 0             1             2             2             0             0             0             1 
 0             2             1             0             0             0             2             1 
 0             1             0             1             0             0             0             0 
 0             0             0             0             1             0             0             0 
 0             0             0             0             0             0             0             0 
 0             0             0             1             0             0             0             0 
 0             0             1             0             1             0             0             0 
 0             2             0             0             0             0             0             0 
 1             0             0             0             0             0             0             0 
 1             0             0             0             0             0             0             0 
 0             1             1             2             0             0             0             0 
 0             0             0             0             0             0             0             0 
 0             0             0             0             0             0             1             1 
 0             0             0             0             0             0             0             0 
 0             0             0             0             0             0             1             0 
 0             0             0             0             1             0             1             0 
 0             0             1             0             0             0             0             0 
 1             0             1             1             0             0             2             0 
 1             0             0             0             0             0             0             0 
 0             0             0             0             0             0             0             0 
 0             0             0             0             0             0             0             0 
 0             0             0             1             0             1             0             0 
 1             0             0             0             0             0             1             0 
 0             0             0             0             0             0             1             0 
 0             0             1             0             0             0             1             0 
 0             1             0             0             1             0             1             0 
