$SPEC_ID:
bMCA Spectrum
$DATE_MEA:
06-22-2022  11:47:32
$MEAS_TIM:
 238.035       240
$DEVICE_ID:
bMCA 06201013
$ACQ_SETTINGS:
 2             240           1000          4             4095 
$HRDW_PARAMS:
PHA
 800
 3             3276          5 
 7             0             1023 
 80            25            45 
 1             1 
$SPEC_CAL:
-21.61505      2.251173      8.800329E-05
$MCA_CAL:
3
-21.61505      2.251173      8.800329E-05
$ROI:
 45            74            32768         1            57Co
$DATA:
 0             1023 
 2             9             10            18            46            80            109           179 
 246           309           303           315           297           277           272           309 
 362           374           410           479           526           478           509           449 
 424           367           424           384           396           432           425           528 
 523           588           715           726           877           918           1090          1047 
 1101          1150          1149          1185          1335          1527          1763          2333 
 3181          3846          4981          5867          6869          7325          7528          7958 
 7510          7225          6907          7119          7098          7421          7725          7911 
 7806          7648          6897          5983          4854          3944          2988          2204 
 1746          1354          1019          781           616           492           427           353 
 331           316           308           318           255           307           284           272 
 228           242           262           245           225           239           245           224 
 237           206           209           191           209           217           213           226 
 181           223           216           194           200           222           184           185 
 138           159           167           168           178           190           179           149 
 141           154           146           154           156           137           124           139 
 125           140           133           117           119           123           118           100 
 83            108           94            101           112           93            89            108 
 85            114           97            96            79            82            72            96 
 107           88            89            75            80            68            77            70 
 76            81            83            71            71            68            68            64 
 62            68            61            68            57            57            59            61 
 48            50            64            71            59            60            53            48 
 62            56            40            44            54            56            57            46 
 49            65            41            53            52            51            36            42 
 44            35            38            44            49            30            31            49 
 32            34            30            38            35            46            45            31 
 31            35            45            33            42            27            42            40 
 20            37            38            47            37            36            35            34 
 34            35            40            40            21            42            34            26 
 37            30            43            49            42            24            33            36 
 30            28            31            30            34            29            22            25 
 31            16            25            20            32            21            31            34 
 33            24            22            35            23            22            29            33 
 37            26            31            42            36            30            23            30 
 34            38            29            36            34            45            29            42 
 27            37            25            35            25            23            24            26 
 40            31            34            34            33            36            31            35 
 38            30            38            28            35            31            32            26 
 22            17            19            19            22            19            18            21 
 19            12            17            21            12            17            16            20 
 17            17            10            17            15            20            16            12 
 14            8             13            14            17            23            14            13 
 14            14            15            11            18            16            16            10 
 12            21            24            15            17            14            15            14 
 8             14            12            8             16            11            16            14 
 12            13            13            12            13            7             12            11 
 14            9             8             6             6             10            21            10 
 11            12            11            16            13            19            6             10 
 12            13            18            18            14            10            13            9 
 10            12            18            6             8             8             12            14 
 13            7             13            10            12            11            11            12 
 9             13            5             10            12            13            12            12 
 8             11            11            8             13            14            13            12 
 17            8             16            9             9             12            13            5 
 6             4             9             10            15            10            8             8 
 8             6             6             5             7             9             4             13 
 10            7             12            5             6             6             8             10 
 9             5             10            15            13            5             9             12 
 7             7             14            11            11            10            4             11 
 9             9             10            6             10            11            5             9 
 9             11            7             8             10            12            9             7 
 10            14            3             13            10            13            10            9 
 8             10            6             15            10            6             4             7 
 5             10            9             12            8             13            7             8 
 2             6             3             3             7             5             11            4 
 6             10            10            6             10            6             8             6 
 11            5             4             5             7             2             6             1 
 5             2             7             7             9             4             5             9 
 8             7             0             4             9             2             5             6 
 2             5             4             6             6             7             6             4 
 4             7             6             6             5             3             5             3 
 8             8             9             3             7             8             5             3 
 11            8             4             7             2             8             2             3 
 5             3             6             3             4             7             8             6 
 4             4             4             5             6             10            8             7 
 4             9             6             4             7             3             8             7 
 5             5             7             5             4             4             7             8 
 5             8             7             6             3             9             9             7 
 9             9             6             6             12            10            6             10 
 8             11            8             5             16            6             6             8 
 7             13            8             5             10            9             9             4 
 7             10            7             10            5             6             5             4 
 2             3             3             10            6             4             5             2 
 2             5             6             4             5             3             4             2 
 3             6             5             3             1             9             4             2 
 5             3             0             3             1             3             5             6 
 4             3             5             3             2             4             3             0 
 2             2             4             4             2             1             2             3 
 2             0             2             2             1             3             2             4 
 2             2             2             1             3             2             0             1 
 1             1             1             2             2             0             2             2 
 1             1             1             0             3             2             4             1 
 2             1             0             0             1             0             2             4 
 1             1             0             0             4             0             0             1 
 5             1             0             1             2             0             0             2 
 1             1             2             4             1             3             1             1 
 0             3             4             1             3             4             1             0 
 5             1             2             0             2             1             1             3 
 2             1             3             0             0             1             0             6 
 1             1             2             1             2             0             2             2 
 1             1             1             3             1             3             1             2 
 0             2             0             1             4             0             0             1 
 2             1             3             1             0             1             3             0 
 1             1             2             1             1             0             0             1 
 0             0             1             0             1             0             0             0 
 1             0             2             2             0             0             1             0 
 0             0             1             1             4             0             2             0 
 0             1             1             1             0             1             0             0 
 1             0             1             0             0             0             1             1 
 1             1             1             2             1             0             1             1 
 0             0             0             0             0             3             0             0 
 2             1             0             0             0             1             0             2 
 2             1             0             1             0             0             1             1 
 0             0             0             2             3             0             0             1 
 0             0             1             2             1             1             1             1 
 1             0             1             1             1             1             1             0 
 0             1             0             1             1             2             0             1 
 0             1             0             2             0             2             0             0 
 1             0             2             2             1             1             1             2 
 0             1             0             0             1             0             0             1 
 1             0             1             1             1             0             1             0 
 0             1             1             2             0             1             1             0 
 0             1             1             0             0             0             0             1 
 0             0             1             0             1             0             1             1 
 0             0             0             0             1             0             1             0 
 0             0             3             1             2             0             0             1 
 1             1             1             0             0             1             0             1 
