$SPEC_ID:
bMCA Spectrum
$DATE_MEA:
06-22-2022  11:15:23
$MEAS_TIM:
 238.015       240
$DEVICE_ID:
bMCA 06201013
$ACQ_SETTINGS:
 2             240           1000          4             4095 
$HRDW_PARAMS:
PHA
 800
 3             3276          5 
 7             0             1023 
 80            25            45 
 1             1 
$SPEC_CAL:
-21.61505      2.251173      8.800329E-05
$MCA_CAL:
3
-21.61505      2.251173      8.800329E-05
$ROI:
 45            74            32768         1            57Co
$DATA:
 0             1023 
 2             3             18            21            39            74            133           182 
 251           295           332           320           239           281           326           319 
 336           337           371           462           538           500           463           475 
 451           408           386           407           432           398           484           485 
 581           626           709           789           859           982           990           1068 
 1142          1073          1193          1237          1354          1535          1966          2344 
 3051          3866          4862          5933          6741          7217          7670          7674 
 7699          7095          7130          7100          7138          7434          7886          8066 
 7887          7607          7017          6021          4940          3913          3137          2342 
 1789          1334          1025          838           680           555           500           415 
 360           308           315           317           321           277           294           268 
 253           253           241           246           268           272           241           245 
 210           251           234           226           246           207           210           217 
 220           220           200           200           186           216           208           193 
 168           194           163           177           189           149           160           169 
 150           144           123           140           149           154           143           113 
 127           135           145           122           117           128           110           129 
 119           129           124           105           109           98            114           94 
 111           102           97            93            89            96            96            103 
 86            93            88            91            110           99            98            80 
 90            86            88            86            83            92            92            98 
 76            66            72            66            80            75            71            67 
 61            63            58            74            67            62            53            52 
 49            57            57            66            44            51            27            44 
 48            41            50            50            32            48            39            41 
 41            44            48            38            42            34            46            45 
 43            48            45            37            37            46            45            29 
 34            36            45            44            48            31            38            52 
 29            29            35            36            26            32            41            43 
 25            34            35            26            37            21            37            36 
 38            29            26            33            38            41            32            22 
 24            33            19            20            26            36            33            21 
 38            34            30            29            20            31            23            20 
 34            29            36            22            30            28            28            29 
 33            23            38            26            32            35            35            27 
 23            40            29            29            33            34            33            18 
 43            38            37            34            34            41            39            41 
 36            34            34            31            38            32            35            41 
 32            26            30            22            27            28            28            25 
 34            24            29            27            17            29            21            22 
 24            27            23            13            20            24            33            12 
 19            20            11            21            15            19            18            18 
 12            17            12            15            20            19            13            16 
 9             11            15            20            16            10            16            14 
 17            12            14            13            20            13            16            13 
 8             12            14            14            10            13            16            11 
 19            15            17            17            9             16            15            13 
 15            13            13            15            12            19            12            13 
 16            14            11            14            10            11            16            13 
 7             15            16            10            7             14            11            11 
 13            11            17            14            13            16            8             9 
 17            14            7             12            8             13            9             13 
 20            14            15            16            10            5             9             11 
 13            8             7             14            10            10            9             8 
 11            15            8             15            6             13            15            10 
 13            13            12            12            11            6             17            8 
 8             7             13            8             11            12            10            8 
 9             11            7             9             10            10            12            6 
 7             6             13            10            14            9             4             5 
 12            13            11            7             17            8             15            5 
 6             10            3             12            10            13            10            8 
 7             5             12            6             9             10            6             8 
 6             8             9             5             9             8             10            7 
 14            9             9             8             9             7             7             16 
 8             4             5             4             14            9             14            5 
 18            5             12            10            8             13            7             10 
 6             12            11            9             8             9             9             5 
 11            4             7             8             6             7             9             7 
 6             9             6             5             2             14            7             8 
 9             9             9             5             8             5             8             5 
 4             5             4             8             9             5             8             8 
 6             2             13            9             4             7             2             6 
 3             6             4             5             7             9             3             2 
 2             5             9             4             3             6             2             5 
 2             8             9             3             6             4             2             7 
 4             9             2             4             7             3             10            3 
 5             5             2             4             6             3             5             4 
 3             7             8             4             6             6             9             10 
 11            6             11            9             7             6             8             9 
 6             8             14            4             10            6             14            6 
 5             9             8             7             14            5             6             7 
 6             8             6             5             6             4             7             6 
 7             7             8             10            11            4             5             6 
 8             9             8             8             3             5             7             5 
 2             4             1             1             0             11            8             9 
 2             4             2             5             3             5             8             1 
 1             3             6             2             2             4             2             3 
 4             3             3             2             2             5             5             3 
 2             3             0             2             2             2             1             5 
 1             2             1             3             1             3             3             0 
 1             1             0             2             3             2             1             1 
 1             3             2             2             0             1             0             0 
 1             1             2             1             1             2             4             0 
 0             1             2             1             0             3             2             2 
 0             0             1             1             1             3             0             0 
 1             1             2             1             2             2             1             1 
 1             0             2             1             2             3             1             1 
 1             1             0             4             0             1             3             0 
 4             3             2             0             1             1             2             1 
 0             0             0             2             1             1             1             1 
 0             3             1             0             0             1             2             1 
 2             1             2             0             1             2             3             2 
 2             0             2             0             0             1             0             1 
 2             0             0             1             1             1             0             1 
 3             1             1             1             2             0             1             2 
 0             0             0             1             1             0             0             1 
 1             1             0             0             1             3             1             1 
 1             0             2             1             1             2             0             2 
 0             1             0             1             1             0             0             1 
 0             0             2             2             0             0             1             0 
 1             0             2             0             0             2             0             0 
 0             0             0             0             0             0             2             1 
 1             0             1             0             1             0             0             1 
 0             1             0             3             2             0             2             0 
 2             0             1             2             1             4             1             1 
 0             0             0             1             1             0             1             1 
 0             0             2             1             0             0             1             2 
 2             0             1             0             0             1             1             2 
 1             1             0             3             2             2             1             0 
 1             0             1             1             2             0             1             0 
 2             0             1             0             0             2             2             0 
 1             0             2             1             0             0             0             0 
 0             0             0             1             0             0             0             0 
 1             0             0             2             0             0             1             2 
 2             0             0             0             0             1             1             0 
 3             0             1             2             0             1             1             0 
 1             0             1             0             1             0             0             2 
 0             0             1             0             1             0             1             1 
