$SPEC_ID:
bMCA Spectrum
$DATE_MEA:
06-22-2022  10:16:47
$MEAS_TIM:
 118.98        120
$DEVICE_ID:
bMCA 06201013
$ACQ_SETTINGS:
 2             120           1000          4             4095 
$HRDW_PARAMS:
PHA
 800
 3             3276          5 
 7             0             1023 
 80            25            45 
 1             1 
$SPEC_CAL:
-21.61505      2.251173      8.800329E-05
$MCA_CAL:
3
-21.61505      2.251173      8.800329E-05
$ROI:
 45            74            32768         1            57Co
$DATA:
 0             1023 
 1             2             5             11            25            29            66            103 
 124           149           143           165           168           165           147           162 
 197           196           199           252           265           270           255           233 
 216           214           208           208           191           222           211           248 
 291           318           369           392           450           443           540           557 
 544           545           585           604           662           770           963           1186 
 1517          1948          2412          2932          3347          3641          3960          3888 
 3826          3610          3565          3553          3629          3751          4075          4147 
 3974          3748          3435          3015          2426          1975          1525          1176 
 845           674           533           453           316           287           266           237 
 191           181           175           178           164           157           172           170 
 166           141           162           134           132           124           140           129 
 120           142           113           138           129           131           130           102 
 120           134           130           100           122           114           109           91 
 99            97            98            103           119           102           90            100 
 98            85            77            89            60            80            83            96 
 88            65            74            68            54            63            58            75 
 68            58            52            57            62            48            56            67 
 46            45            50            60            67            36            46            53 
 57            49            53            55            42            51            43            44 
 47            47            39            45            46            46            41            36 
 35            47            48            40            34            37            51            34 
 28            48            37            45            37            29            37            28 
 32            37            25            26            34            37            43            23 
 30            36            29            33            28            34            25            21 
 31            23            26            33            25            21            20            27 
 30            19            31            28            26            31            27            22 
 20            30            18            22            24            22            22            20 
 26            22            16            27            30            34            19            19 
 23            31            18            27            22            22            16            14 
 28            21            17            15            18            17            17            21 
 16            26            20            13            21            19            18            25 
 17            11            12            22            18            15            17            13 
 16            28            18            21            15            17            13            17 
 17            20            23            21            16            21            22            17 
 19            21            21            22            21            24            13            19 
 14            21            21            24            22            22            17            31 
 26            25            24            26            18            22            19            28 
 21            26            27            29            16            15            26            16 
 18            19            19            19            16            25            10            12 
 18            7             14            13            10            13            12            20 
 12            13            11            12            4             6             7             12 
 11            11            10            11            12            7             14            7 
 10            5             7             8             16            8             12            9 
 14            8             10            10            8             9             11            7 
 11            7             11            9             11            7             6             8 
 4             7             7             11            6             10            13            10 
 8             6             7             8             11            5             11            6 
 11            7             7             15            5             14            8             7 
 6             11            7             7             12            6             4             10 
 10            7             9             9             4             11            9             12 
 6             7             9             6             8             9             6             15 
 8             11            14            11            7             9             10            8 
 12            9             11            13            4             6             5             6 
 13            13            6             6             5             6             9             3 
 9             4             6             10            6             4             10            10 
 7             3             4             6             8             4             6             7 
 9             3             1             7             1             7             4             3 
 4             9             8             4             9             7             9             5 
 3             2             4             4             4             3             3             8 
 8             4             6             4             3             5             8             6 
 5             6             6             4             6             9             8             6 
 4             8             9             4             13            4             4             7 
 4             6             7             8             7             17            9             4 
 8             7             2             9             12            3             9             8 
 7             3             9             6             7             3             5             4 
 6             4             4             7             11            5             7             4 
 5             3             14            4             5             7             6             1 
 7             8             5             7             6             5             6             5 
 2             8             0             4             5             3             4             6 
 3             6             5             3             5             7             5             3 
 4             4             6             4             10            5             4             4 
 2             3             6             7             1             4             1             5 
 6             4             5             7             5             7             3             5 
 4             2             5             1             5             5             1             4 
 2             1             4             4             1             6             5             4 
 4             6             2             6             2             1             1             1 
 3             2             1             4             6             5             2             6 
 6             7             7             7             5             9             1             3 
 3             6             6             3             1             2             4             8 
 2             4             4             4             6             2             3             4 
 5             1             2             3             1             2             4             5 
 4             8             3             3             6             4             6             4 
 3             1             2             3             3             2             1             2 
 6             2             1             3             0             1             3             2 
 2             0             3             2             0             1             0             2 
 1             2             1             1             0             3             3             1 
 3             1             1             3             2             2             1             1 
 2             0             2             3             0             0             2             0 
 0             0             0             1             2             1             2             0 
 0             0             0             1             1             0             1             0 
 1             0             0             1             0             0             1             0 
 4             1             1             2             1             1             0             0 
 2             0             0             0             0             1             2             1 
 1             0             1             1             1             2             1             1 
 0             0             1             0             2             0             3             1 
 1             2             2             1             0             1             0             0 
 1             0             3             1             0             1             2             0 
 0             1             0             0             1             0             0             0 
 1             2             0             1             1             0             1             1 
 1             2             0             0             0             2             0             0 
 0             2             1             0             0             3             1             0 
 0             2             1             0             0             1             1             1 
 0             0             1             2             1             1             0             0 
 0             1             1             1             0             0             1             0 
 0             1             0             0             0             0             1             1 
 1             1             0             0             0             0             0             1 
 0             0             2             0             1             1             1             0 
 1             1             0             0             2             1             0             0 
 2             0             1             1             0             1             0             1 
 1             0             0             0             0             1             0             2 
 0             1             1             0             0             0             0             2 
 1             0             0             0             2             0             0             0 
 0             1             0             0             2             0             0             0 
 2             1             0             0             0             0             0             1 
 0             1             1             0             0             0             0             1 
 1             1             0             1             0             0             0             1 
 0             0             1             1             0             1             1             1 
 1             0             2             1             0             0             1             0 
 1             0             0             0             0             1             0             1 
 0             0             0             0             0             0             0             0 
 1             0             0             1             0             0             0             2 
 0             1             0             0             0             0             0             0 
 0             0             0             2             0             0             1             1 
 0             0             0             0             0             0             0             0 
 0             0             0             0             0             0             0             0 
 0             0             0             1             0             0             0             0 
 0             0             1             1             0             0             0             0 
