$SPEC_ID:
bMCA Spectrum
$DATE_MEA:
06-24-2022  09:12:51
$MEAS_TIM:
 237.92        240
$DEVICE_ID:
bMCA 06201013
$ACQ_SETTINGS:
 2             240           1000          4             4095 
$HRDW_PARAMS:
PHA
 810
 3             3276          5 
 7             0             1023 
 80            25            45 
-1            -1 
$SPEC_CAL:
-22.21111      2.09241       9.752878E-05
$MCA_CAL:
3
-22.21111      2.09241       9.752878E-05
$ROI:
 49            79            255           1            57Co
$DATA:
 0             1023 
 27            26            50            64            62            81            141           180 
 223           310           325           324           351           359           363           319 
 342           338           371           424           452           461           494           448 
 442           405           370           306           371           357           395           373 
 386           464           532           555           583           707           791           874 
 1017          1101          1093          1114          1128          1214          1238          1352 
 1515          1838          2236          2806          3601          4508          5392          6261 
 6951          7536          7784          7765          7541          7291          7340          7325 
 7623          7720          7970          8051          7914          7500          7017          6002 
 4908          3895          2999          2370          1901          1424          1150          864 
 715           544           503           426           350           338           317           276 
 284           277           277           271           281           240           261           253 
 255           248           243           247           227           218           231           237 
 220           207           202           227           210           201           199           201 
 200           195           180           181           172           175           166           198 
 161           168           151           162           152           127           149           168 
 150           162           144           129           153           151           125           113 
 112           121           137           117           100           117           101           110 
 108           127           118           109           126           94            112           115 
 91            98            87            95            81            78            85            80 
 98            77            96            82            76            84            90            84 
 81            76            94            75            82            71            84            71 
 92            81            56            61            63            63            73            55 
 62            60            55            61            59            62            59            43 
 40            55            52            47            30            43            43            45 
 49            49            46            41            40            43            51            42 
 39            42            41            32            42            41            39            47 
 49            34            37            37            40            49            34            37 
 27            40            41            42            32            35            28            40 
 44            32            39            39            41            39            41            47 
 44            29            40            38            40            40            28            40 
 41            28            31            35            38            28            30            32 
 33            35            36            28            17            27            35            28 
 27            27            16            24            19            29            27            37 
 28            29            32            23            25            28            26            29 
 24            27            32            26            30            36            30            34 
 30            19            29            31            23            32            18            38 
 39            36            32            28            37            32            40            31 
 31            21            31            30            33            36            34            44 
 36            35            31            36            39            41            31            36 
 36            25            29            27            31            32            33            28 
 23            24            29            29            27            19            23            23 
 33            18            32            23            21            23            27            22 
 19            20            29            16            15            13            21            19 
 22            12            20            17            11            24            17            14 
 15            6             19            20            14            20            16            9 
 17            17            14            11            12            8             13            15 
 20            19            12            15            5             15            17            11 
 7             15            13            10            17            13            11            15 
 11            9             15            14            13            8             13            16 
 11            11            10            10            5             9             20            10 
 10            5             13            16            10            10            19            13 
 10            14            11            12            11            15            14            13 
 3             13            7             5             9             13            17            11 
 15            9             9             16            10            12            8             8 
 14            16            15            8             8             12            8             15 
 10            14            15            9             12            13            7             8 
 15            11            12            9             11            10            12            15 
 5             9             13            13            4             8             7             14 
 7             8             10            10            5             12            12            8 
 10            5             8             15            9             8             9             7 
 10            17            11            10            7             12            6             9 
 8             5             12            7             7             8             9             6 
 8             10            8             14            10            6             5             15 
 8             6             10            11            13            4             6             8 
 7             12            10            6             13            6             6             13 
 5             6             10            15            6             9             8             7 
 10            12            7             11            11            9             12            12 
 7             9             7             10            13            6             15            12 
 16            14            7             14            6             7             6             9 
 12            7             6             7             7             7             7             4 
 4             4             7             6             6             9             3             5 
 2             6             7             10            3             3             7             5 
 3             3             4             3             2             10            8             8 
 10            5             8             7             9             3             5             5 
 6             8             6             4             7             8             5             2 
 1             7             3             1             8             3             5             4 
 10            8             6             3             5             3             10            2 
 7             5             8             6             3             6             5             7 
 2             6             4             6             6             8             4             5 
 4             3             1             6             5             6             6             5 
 3             5             7             3             2             4             5             7 
 3             4             7             8             3             9             4             4 
 2             11            10            4             10            5             7             4 
 6             4             7             7             14            4             6             8 
 5             8             8             10            10            10            3             5 
 4             14            7             5             8             3             6             6 
 6             7             6             7             3             3             8             4 
 11            3             6             2             3             9             7             6 
 2             8             4             4             6             2             3             1 
 8             3             2             5             3             4             6             3 
 4             5             5             1             1             3             5             2 
 3             2             2             2             2             0             4             3 
 0             4             3             1             3             0             3             3 
 1             1             1             0             3             1             0             2 
 2             1             1             0             0             1             2             3 
 1             0             4             1             2             4             1             0 
 1             0             1             1             1             0             1             0 
 2             1             2             0             2             5             1             3 
 4             1             2             1             1             0             0             1 
 0             0             2             1             1             1             0             1 
 2             1             1             1             1             3             0             3 
 3             1             0             2             0             1             1             2 
 1             0             4             0             1             1             4             1 
 1             1             1             1             2             2             3             2 
 3             0             2             2             3             2             3             3 
 1             2             1             1             2             0             2             1 
 1             0             1             0             0             0             0             2 
 1             2             1             1             2             3             2             1 
 3             1             2             1             0             0             0             1 
 2             0             1             1             2             1             1             2 
 1             1             0             0             0             0             0             2 
 1             0             2             2             0             1             0             2 
 0             0             3             1             0             5             0             0 
 0             1             1             0             1             2             0             2 
 2             0             0             1             1             0             2             0 
 0             1             0             0             0             0             0             1 
 2             0             1             0             0             0             0             0 
 0             2             1             1             0             0             0             2 
 0             0             0             2             0             0             0             0 
 0             2             2             0             2             0             0             2 
 1             1             0             1             0             0             0             0 
 0             0             1             1             1             2             0             0 
 3             0             0             0             0             1             0             1 
 0             4             0             1             1             0             2             1 
 0             0             1             1             0             0             1             1 
 0             2             0             1             0             0             1             1 
 0             0             0             0             3             0             0             1 
