$SPEC_ID:
bMCA Spectrum
$DATE_MEA:
06-22-2022  11:11:22
$MEAS_TIM:
 238.02        240
$DEVICE_ID:
bMCA 06201013
$ACQ_SETTINGS:
 2             240           1000          4             4095 
$HRDW_PARAMS:
PHA
 800
 3             3276          5 
 7             0             1023 
 80            25            45 
 1             1 
$SPEC_CAL:
-21.61505      2.251173      8.800329E-05
$MCA_CAL:
3
-21.61505      2.251173      8.800329E-05
$ROI:
 45            74            32768         1            57Co
$DATA:
 0             1023 
 0             3             6             21            53            71            112           185 
 248           279           299           308           304           298           299           273 
 337           367           367           476           470           474           483           425 
 410           384           403           421           404           392           473           509 
 571           606           702           761           893           970           1021          1095 
 1187          1106          1173          1225          1275          1475          1923          2345 
 3007          3822          4775          5903          6732          7299          7676          7521 
 7456          7399          7080          6967          7194          7457          7755          7929 
 7916          7688          7001          6100          4988          3979          3105          2347 
 1793          1379          1071          865           697           535           507           414 
 364           320           310           296           293           270           277           255 
 296           291           241           241           247           256           268           234 
 245           237           219           224           229           229           222           232 
 224           198           216           184           189           196           192           207 
 188           173           176           172           179           167           164           158 
 145           157           147           142           121           166           127           147 
 122           130           113           138           138           137           131           116 
 128           110           103           102           122           103           106           102 
 104           107           99            102           104           95            94            87 
 99            98            94            84            77            102           97            65 
 92            105           81            84            83            67            91            76 
 59            85            82            67            74            64            49            60 
 62            58            68            49            66            63            67            65 
 55            39            42            37            44            49            32            53 
 46            47            51            41            43            46            51            46 
 41            42            56            30            41            44            52            46 
 39            40            39            31            43            35            35            30 
 32            37            36            40            32            44            33            36 
 39            39            37            38            41            30            29            35 
 40            34            41            33            32            31            36            29 
 34            38            28            36            34            27            28            41 
 29            28            26            20            31            29            22            34 
 27            35            26            26            30            25            42            34 
 26            25            27            30            33            27            23            28 
 37            38            35            24            27            32            29            35 
 34            41            31            35            27            37            29            45 
 32            33            35            35            35            30            38            33 
 36            49            31            36            22            43            35            36 
 39            32            31            44            25            27            32            25 
 24            37            18            30            34            14            30            27 
 20            9             11            21            15            20            19            15 
 12            14            21            21            17            16            19            14 
 17            21            17            22            17            11            24            21 
 15            13            19            11            13            16            13            14 
 12            19            8             11            13            15            16            11 
 17            15            12            14            17            13            21            14 
 7             7             9             11            15            13            12            12 
 12            13            6             7             10            11            8             17 
 7             17            11            19            11            12            18            15 
 17            8             8             11            6             9             15            15 
 14            13            13            11            8             10            13            10 
 5             10            11            16            14            9             9             14 
 18            11            13            9             13            6             12            8 
 10            15            10            11            12            9             12            14 
 12            12            13            11            10            13            14            7 
 5             13            15            5             16            12            12            13 
 8             5             7             9             6             10            9             14 
 11            14            12            12            10            7             6             11 
 5             5             7             8             7             10            15            10 
 14            10            10            8             5             10            8             9 
 6             10            4             3             11            13            10            9 
 12            11            11            9             12            3             9             12 
 7             4             10            7             14            6             10            4 
 10            6             7             8             8             10            5             9 
 8             13            10            5             7             10            5             10 
 8             8             8             11            12            12            10            9 
 9             6             14            9             8             6             9             2 
 13            6             6             3             6             2             13            6 
 6             11            11            6             6             6             3             4 
 9             6             4             9             7             5             6             9 
 7             2             8             3             1             4             9             7 
 4             3             8             8             3             4             10            9 
 2             4             5             2             5             7             7             7 
 8             4             6             9             7             7             4             4 
 2             3             6             3             7             3             3             7 
 4             9             4             4             5             5             7             2 
 5             6             4             3             5             7             5             7 
 7             8             8             5             10            11            10            7 
 5             6             7             6             8             7             8             12 
 3             12            8             5             8             3             7             9 
 8             11            6             9             11            10            4             8 
 8             3             5             4             9             9             8             6 
 4             1             9             8             7             10            7             7 
 6             5             7             6             5             3             4             7 
 2             5             4             4             4             8             7             5 
 5             8             4             1             7             3             3             4 
 0             0             2             2             0             6             2             3 
 1             4             2             2             3             4             3             0 
 1             2             1             2             2             2             3             2 
 1             1             0             3             1             2             2             4 
 2             0             1             0             1             0             0             0 
 0             2             2             0             1             0             1             0 
 0             5             3             1             1             0             2             3 
 2             2             1             2             3             2             0             3 
 5             3             0             0             0             2             3             1 
 0             2             2             3             2             1             1             1 
 2             1             1             1             1             0             2             3 
 2             2             1             4             2             2             1             2 
 4             2             2             2             1             2             0             0 
 0             2             3             0             2             2             0             1 
 0             2             1             1             1             2             3             2 
 1             2             1             2             2             1             1             1 
 1             0             1             1             2             1             1             1 
 1             0             0             2             0             0             0             1 
 0             0             1             0             1             0             0             1 
 2             1             0             1             1             0             0             2 
 0             2             1             0             1             0             0             0 
 1             0             1             1             0             0             2             2 
 0             2             0             3             1             0             0             0 
 2             0             0             1             0             0             1             1 
 1             1             0             0             0             0             2             1 
 0             0             0             0             2             1             1             1 
 0             1             0             1             1             0             0             1 
 0             0             1             1             3             1             0             0 
 0             1             0             0             1             2             0             1 
 1             1             1             1             2             1             0             0 
 0             0             1             1             2             0             1             1 
 0             1             2             0             1             0             2             1 
 3             0             0             2             2             0             2             0 
 2             1             3             0             1             0             1             0 
 0             2             0             1             0             0             0             0 
 0             1             3             1             0             0             0             1 
 2             0             1             0             1             0             1             0 
 1             1             2             0             1             2             2             3 
 1             2             1             0             1             0             1             0 
 0             1             1             1             0             0             0             0 
 1             0             2             0             0             0             1             0 
 0             1             0             0             0             1             0             0 
