$SPEC_ID:
bMCA Spectrum
$DATE_MEA:
06-24-2022  10:28:42
$MEAS_TIM:
 118.95        120
$DEVICE_ID:
bMCA 06201013
$ACQ_SETTINGS:
 2             120           1000          4             4095 
$HRDW_PARAMS:
PHA
 790
 3             3276          5 
 7             0             1023 
 80            25            45 
-1            -1 
$SPEC_CAL:
-21.59134      2.380025      1.831466E-04
$MCA_CAL:
3
-21.59134      2.380025      1.831466E-04
$ROI:
 40            70            255           1            57Co
$DATA:
 0             1023 
 4             2             11            27            38            55            93            122 
 151           151           161           157           158           187           192           216 
 198           238           255           235           267           248           210           237 
 220           214           225           242           234           301           297           374 
 434           483           543           627           567           639           608           686 
 712           826           965           1295          1700          2288          2848          3419 
 3871          4147          4273          4154          4145          3932          3923          3861 
 3945          4112          4240          4346          4201          3924          3313          2775 
 2269          1693          1220          884           703           520           407           310 
 267           200           196           188           187           167           134           167 
 141           136           140           120           146           136           141           127 
 139           131           121           123           114           121           122           146 
 126           116           115           104           120           115           109           112 
 97            100           100           85            92            81            75            91 
 101           72            80            78            74            75            69            79 
 73            63            65            71            67            66            72            47 
 64            65            59            59            44            66            53            50 
 50            48            55            43            51            46            40            50 
 58            54            49            45            52            50            39            39 
 40            45            32            33            37            36            22            36 
 39            39            34            39            21            32            30            20 
 35            25            30            25            25            32            22            34 
 17            22            26            12            28            18            26            17 
 23            21            21            21            18            15            26            23 
 18            17            23            26            18            21            18            23 
 21            31            27            16            25            20            13            24 
 21            25            12            17            15            18            20            21 
 19            25            15            15            20            26            18            17 
 19            16            16            16            10            15            20            10 
 13            14            14            23            13            11            17            21 
 15            17            19            12            8             22            23            11 
 13            20            15            13            12            19            22            17 
 12            20            20            16            16            19            17            16 
 19            24            17            13            17            17            26            23 
 18            23            14            18            29            24            15            21 
 9             13            26            12            22            21            12            16 
 15            15            6             16            8             12            12            9 
 11            8             11            7             12            10            11            6 
 14            6             19            12            14            8             12            9 
 8             7             9             5             9             7             9             6 
 5             12            6             7             6             8             9             4 
 9             6             7             4             7             5             6             8 
 11            6             9             15            6             9             2             9 
 7             7             4             10            7             8             6             5 
 6             3             7             3             8             8             6             8 
 6             9             6             9             6             6             7             5 
 4             10            4             7             6             8             9             12 
 7             8             4             3             4             9             10            6 
 8             7             5             9             6             5             9             12 
 3             9             6             9             5             5             4             3 
 4             6             3             7             7             2             9             8 
 7             4             6             1             4             5             9             3 
 7             3             4             1             6             7             7             9 
 4             5             4             3             6             3             3             2 
 2             7             7             8             3             7             7             7 
 3             5             4             7             1             1             6             5 
 5             5             4             5             2             6             5             5 
 2             4             4             5             3             3             6             5 
 7             3             3             4             4             8             6             4 
 6             3             4             4             4             6             4             8 
 3             4             2             3             5             1             8             5 
 6             3             7             3             4             14            2             3 
 6             4             6             8             3             2             4             7 
 2             4             4             2             1             4             1             4 
 5             4             3             5             3             1             5             3 
 3             5             5             4             4             1             3             0 
 5             0             2             3             5             5             3             5 
 7             6             1             5             2             4             2             2 
 2             3             3             4             0             2             3             5 
 3             6             6             2             1             1             1             1 
 6             2             3             3             4             3             1             7 
 3             2             1             1             2             4             3             4 
 0             2             3             3             4             1             3             4 
 3             3             5             12            5             3             4             4 
 4             5             3             9             4             2             1             5 
 3             2             2             3             3             1             7             5 
 1             1             2             1             3             2             3             2 
 3             2             3             0             5             1             0             0 
 3             0             4             0             2             2             2             2 
 2             3             2             2             0             3             1             1 
 2             1             1             0             1             0             1             1 
 2             5             0             0             0             1             1             0 
 1             0             0             1             2             1             0             0 
 0             3             1             0             0             1             0             0 
 0             1             0             2             1             0             0             3 
 1             0             0             2             2             0             0             1 
 0             1             2             1             1             0             1             1 
 0             2             1             4             3             3             1             0 
 1             0             0             0             1             2             2             1 
 1             1             1             1             2             1             1             2 
 0             1             3             2             1             2             0             0 
 1             1             0             0             1             2             1             2 
 0             0             0             1             2             2             1             0 
 0             1             1             0             1             0             1             0 
 0             2             2             2             1             3             3             1 
 0             0             1             0             1             0             0             0 
 0             0             0             0             0             0             0             0 
 1             1             0             0             0             1             0             2 
 2             2             1             1             2             1             1             0 
 2             0             1             0             2             1             0             0 
 0             1             0             1             1             0             0             0 
 0             1             1             1             0             1             1             0 
 1             1             0             0             0             1             1             0 
 0             0             0             0             0             1             1             0 
 0             0             1             0             0             0             0             0 
 0             1             1             0             2             1             0             0 
 0             1             0             1             0             2             0             1 
 0             0             0             0             1             2             0             2 
 0             0             0             0             0             0             1             2 
 0             1             1             2             0             2             0             0 
 0             1             0             0             0             0             0             0 
 1             1             0             2             0             0             0             0 
 0             1             0             0             1             0             0             1 
 0             1             0             0             0             1             1             0 
 1             1             0             0             0             0             0             1 
 0             0             1             0             1             0             0             0 
 0             0             0             0             0             0             1             1 
 0             0             0             1             1             0             0             0 
 0             0             1             0             1             0             0             1 
 0             2             0             0             0             0             0             0 
 0             1             0             0             0             0             1             1 
 0             0             0             0             0             0             0             1 
 0             0             0             0             0             1             1             0 
 0             1             0             0             0             1             0             0 
 0             1             0             1             0             1             0             0 
 0             0             0             0             0             0             0             0 
 0             0             0             0             1             0             0             0 
 1             0             0             0             1             0             1             1 
