$SPEC_ID:
bMCA Spectrum
$DATE_MEA:
06-24-2022  10:06:02
$MEAS_TIM:
 59.485        60
$DEVICE_ID:
bMCA 06201013
$ACQ_SETTINGS:
 2             60            1000          4             4095 
$HRDW_PARAMS:
PHA
 790
 3             3276          5 
 7             0             1023 
 80            25            45 
-1            -1 
$SPEC_CAL:
-21.59134      2.380025      1.831466E-04
$MCA_CAL:
3
-21.59134      2.380025      1.831466E-04
$ROI:
 40            70            255           1            57Co
$DATA:
 0             1023 
 4             5             8             17            19            40            61            60 
 73            89            88            95            75            96            79            76 
 100           130           113           118           136           142           107           108 
 92            96            106           112           117           146           167           182 
 225           256           268           295           266           302           313           343 
 391           416           477           682           817           1086          1376          1694 
 1941          2076          2106          2039          1953          2023          1961          1927 
 2005          2059          2208          2187          2038          1951          1720          1397 
 1060          847           640           436           359           248           217           176 
 126           114           99            84            94            65            75            72 
 63            59            79            72            75            52            84            74 
 56            62            49            60            46            60            65            56 
 46            51            49            57            53            49            52            46 
 51            49            55            58            51            36            39            40 
 40            36            48            43            26            36            36            31 
 33            29            36            27            36            27            29            35 
 33            22            22            32            32            30            28            36 
 28            24            22            29            26            22            19            25 
 24            23            24            23            18            20            24            22 
 19            24            26            18            21            13            17            22 
 17            15            18            15            13            24            11            13 
 11            16            15            8             17            10            14            15 
 13            16            14            13            16            15            23            14 
 12            8             16            12            10            21            10            13 
 9             11            10            16            12            7             10            12 
 10            10            9             11            11            8             10            9 
 8             8             10            10            7             10            8             5 
 10            8             7             7             9             5             16            9 
 8             10            9             8             8             12            6             13 
 13            5             8             7             5             8             6             12 
 10            12            11            11            9             11            12            12 
 1             8             16            8             6             9             11            4 
 6             11            13            8             11            9             11            11 
 18            8             8             10            11            12            11            9 
 10            10            10            11            10            8             9             9 
 11            8             9             10            3             10            5             6 
 6             4             3             5             11            7             3             7 
 6             8             3             7             9             6             4             5 
 7             2             3             3             4             3             5             5 
 4             7             9             2             3             2             1             2 
 7             6             6             6             2             4             3             4 
 4             4             4             6             5             3             3             4 
 7             1             1             6             3             2             0             4 
 2             3             3             3             4             7             1             2 
 5             4             3             3             4             4             3             1 
 0             2             7             4             1             5             6             7 
 1             2             5             4             3             0             4             1 
 3             5             4             2             2             3             3             0 
 5             3             2             2             6             2             2             6 
 3             7             1             1             0             3             3             1 
 4             4             4             4             2             3             0             3 
 3             5             4             2             1             8             2             5 
 7             0             1             0             3             5             1             2 
 4             3             5             3             0             3             3             3 
 1             1             5             4             1             1             5             5 
 3             2             5             2             0             1             3             2 
 3             5             4             3             4             4             1             2 
 3             3             3             1             3             5             4             4 
 1             0             1             3             2             4             4             0 
 2             3             0             3             1             3             2             2 
 2             3             4             4             2             1             1             2 
 2             0             2             4             3             0             0             2 
 3             1             2             1             3             1             1             1 
 3             3             3             1             0             0             2             1 
 2             1             1             2             0             2             2             0 
 5             1             1             2             1             1             1             3 
 0             3             2             4             1             3             2             1 
 1             0             0             3             2             3             4             3 
 4             0             3             1             1             1             0             0 
 1             0             2             1             1             2             2             1 
 1             1             1             1             3             1             0             2 
 1             0             2             4             5             2             0             1 
 4             2             4             3             0             3             4             2 
 4             3             1             2             2             1             0             1 
 0             0             0             4             1             1             1             2 
 2             4             2             1             1             3             1             1 
 2             1             3             2             2             3             6             1 
 3             2             1             2             0             0             0             2 
 0             2             2             2             0             1             1             2 
 0             3             0             2             2             0             2             0 
 1             0             0             1             0             0             0             0 
 1             0             2             0             0             1             0             1 
 0             0             0             2             0             0             0             0 
 1             0             0             0             0             0             0             1 
 0             1             1             0             0             0             1             0 
 0             0             0             0             1             0             0             0 
 1             2             1             0             0             1             0             0 
 1             1             2             0             0             2             0             0 
 0             0             0             1             2             0             0             0 
 0             0             1             0             1             2             0             0 
 0             0             0             0             0             0             0             1 
 1             0             0             0             1             0             0             1 
 0             2             1             0             0             0             0             0 
 0             1             1             0             0             1             0             0 
 0             0             0             0             0             0             0             0 
 0             0             1             0             0             0             0             1 
 0             1             0             1             0             0             0             0 
 0             0             1             0             0             0             0             0 
 1             0             0             0             2             0             0             0 
 1             0             0             0             1             0             0             0 
 0             0             1             0             0             0             0             0 
 0             0             0             0             1             0             0             0 
 1             0             0             0             0             0             0             0 
 2             0             0             1             0             0             1             0 
 0             2             0             1             1             0             0             0 
 0             0             0             0             0             0             1             0 
 0             0             1             0             0             1             0             0 
 0             0             1             0             0             0             1             0 
 0             0             1             0             0             0             0             0 
 0             1             0             0             1             0             0             0 
 0             0             0             0             0             1             0             0 
 1             0             1             0             0             0             0             0 
 0             0             0             0             0             0             0             0 
 0             0             0             0             0             0             0             0 
 0             0             0             1             0             0             0             0 
 0             0             0             1             0             0             0             0 
 0             0             0             0             0             0             0             0 
 0             1             1             0             0             1             0             0 
 0             0             0             1             0             0             0             1 
 0             0             0             0             0             0             0             0 
 0             0             0             0             0             0             0             0 
 0             0             0             0             0             0             0             0 
 0             0             0             0             0             0             0             0 
 0             1             0             0             0             1             0             0 
 0             0             1             0             0             0             0             0 
 0             0             0             0             0             1             0             0 
 0             0             0             0             1             0             0             0 
 0             0             0             0             0             0             0             0 
