$SPEC_ID:
bMCA Spectrum
$DATE_MEA:
06-22-2022  11:39:30
$MEAS_TIM:
 238.035       240
$DEVICE_ID:
bMCA 06201013
$ACQ_SETTINGS:
 2             240           1000          4             4095 
$HRDW_PARAMS:
PHA
 800
 3             3276          5 
 7             0             1023 
 80            25            45 
 1             1 
$SPEC_CAL:
-21.61505      2.251173      8.800329E-05
$MCA_CAL:
3
-21.61505      2.251173      8.800329E-05
$ROI:
 45            74            32768         1            57Co
$DATA:
 0             1023 
 0             2             8             17            38            75            110           180 
 230           292           303           293           302           302           290           308 
 333           400           455           432           480           526           461           457 
 425           428           374           377           425           411           483           463 
 556           609           709           793           867           983           1028          1055 
 1061          1171          1075          1191          1326          1546          1779          2347 
 3100          3978          4863          5911          6831          7317          7619          7777 
 7524          7174          6982          7177          7278          7460          7783          8003 
 7998          7613          6930          5899          4965          3846          2968          2285 
 1684          1294          1052          768           653           498           437           346 
 329           287           270           290           304           280           269           265 
 287           232           246           226           225           195           195           237 
 232           229           201           213           213           236           205           206 
 179           211           211           216           196           185           215           164 
 173           173           188           166           164           164           168           144 
 168           163           145           125           128           123           111           127 
 115           108           141           135           108           103           107           107 
 103           90            113           102           108           87            104           85 
 90            107           110           84            88            96            96            76 
 83            78            86            79            90            68            78            72 
 58            80            69            64            78            89            72            79 
 78            83            71            49            57            73            52            58 
 58            61            54            50            51            52            46            47 
 42            46            51            52            49            39            62            39 
 49            50            34            32            55            48            40            45 
 34            40            50            50            44            47            46            33 
 36            38            39            33            39            51            45            30 
 39            37            33            33            31            39            31            43 
 30            45            33            38            33            36            28            36 
 33            34            45            22            39            39            34            39 
 34            27            27            23            25            21            20            34 
 32            32            23            30            41            17            28            22 
 27            25            23            29            28            25            28            28 
 24            22            31            36            25            21            24            23 
 32            37            31            25            28            32            41            39 
 36            33            38            35            34            34            24            31 
 26            43            39            39            28            28            29            35 
 44            26            34            39            28            45            28            44 
 22            24            34            38            23            28            30            32 
 19            27            27            23            16            28            28            15 
 17            15            14            16            13            26            18            15 
 21            14            17            11            18            17            10            13 
 19            20            10            12            10            20            15            10 
 10            18            15            15            18            9             15            18 
 11            12            10            10            14            5             22            14 
 13            13            20            7             11            16            7             10 
 8             14            9             15            14            10            10            13 
 11            13            14            18            12            7             10            11 
 14            11            10            12            12            9             8             13 
 12            7             10            19            15            13            8             9 
 7             9             12            15            12            9             10            9 
 8             11            11            9             14            7             11            12 
 5             10            14            12            18            11            8             8 
 13            15            8             13            8             12            10            10 
 13            10            9             11            6             13            10            11 
 10            9             8             11            7             6             5             13 
 11            10            16            8             4             9             12            8 
 8             17            5             7             7             12            8             8 
 7             11            6             13            13            8             4             5 
 6             8             10            10            5             10            16            5 
 6             10            9             11            6             10            4             15 
 12            11            13            12            14            9             5             9 
 6             5             5             10            6             7             13            10 
 10            6             15            12            4             9             9             8 
 6             9             10            7             6             9             8             5 
 11            5             7             9             10            7             14            8 
 6             4             6             12            13            7             7             6 
 8             6             5             6             4             6             4             5 
 8             9             3             5             6             3             4             7 
 5             5             9             9             4             4             9             7 
 7             5             4             7             3             5             11            3 
 2             0             4             4             5             8             5             3 
 3             1             1             7             7             6             7             6 
 3             6             7             1             5             4             7             2 
 3             4             7             8             7             4             6             6 
 2             7             6             5             2             6             6             5 
 6             4             5             6             2             7             3             7 
 9             5             2             5             6             10            4             8 
 9             6             8             4             9             3             5             6 
 9             9             9             5             10            8             7             13 
 5             13            7             9             10            9             6             7 
 9             7             7             11            8             3             10            6 
 11            4             9             2             3             6             3             7 
 6             3             3             7             4             9             5             6 
 6             7             6             6             2             4             1             3 
 4             3             6             7             5             4             3             3 
 1             2             2             2             3             0             0             4 
 1             1             1             1             2             1             2             2 
 3             1             3             1             2             1             3             0 
 0             3             3             3             3             3             1             5 
 0             3             3             6             0             1             0             2 
 2             2             0             4             1             2             4             2 
 3             0             2             0             4             2             0             1 
 2             3             4             1             0             3             0             3 
 1             0             0             4             1             2             1             3 
 2             2             2             2             2             2             1             1 
 1             1             3             2             1             1             1             2 
 1             5             2             2             3             2             2             1 
 1             2             4             1             3             2             1             3 
 2             0             1             2             3             1             1             2 
 0             1             0             2             0             1             2             0 
 3             1             0             1             0             0             2             0 
 0             2             2             4             0             0             0             1 
 2             0             2             0             1             1             1             2 
 2             0             0             0             1             1             1             1 
 2             0             1             0             1             1             0             2 
 1             3             0             1             2             0             3             0 
 1             1             0             0             0             3             0             1 
 0             3             0             1             0             0             2             0 
 2             1             2             2             1             1             1             1 
 0             0             0             1             1             1             2             0 
 0             1             1             1             0             1             2             2 
 0             1             1             0             2             0             1             0 
 3             1             1             3             0             1             1             0 
 1             0             0             2             0             0             1             0 
 0             0             0             3             1             3             2             0 
 0             1             0             1             1             0             0             2 
 1             0             3             1             1             0             1             0 
 3             3             2             1             0             1             1             0 
 2             0             1             1             1             1             1             1 
 2             0             0             1             1             2             0             3 
 0             0             1             4             0             0             0             0 
 1             1             0             2             1             1             1             1 
 1             1             2             1             2             0             4             1 
 2             1             0             1             0             2             1             0 
 1             1             2             1             1             2             0             3 
 1             1             0             1             2             0             0             1 
 0             2             0             1             1             0             0             0 
