$SPEC_ID:
bMCA Spectrum
$DATE_MEA:
06-24-2022  10:00:56
$MEAS_TIM:
 59.475        60
$DEVICE_ID:
bMCA 06201013
$ACQ_SETTINGS:
 2             60            1000          4             4095 
$HRDW_PARAMS:
PHA
 790
 3             3276          5 
 7             0             1023 
 80            25            45 
-1            -1 
$SPEC_CAL:
-21.59134      2.380025      1.831466E-04
$MCA_CAL:
3
-21.59134      2.380025      1.831466E-04
$ROI:
 40            70            255           1            57Co
$DATA:
 0             1023 
 1             1             9             8             13            39            44            49 
 70            82            83            85            85            70            91            94 
 90            101           121           132           127           125           135           121 
 101           117           104           123           122           123           184           180 
 206           229           284           289           331           315           339           310 
 364           440           508           661           869           1140          1435          1719 
 1906          2062          2148          2123          1989          1982          1961          1950 
 2079          2078          2148          2216          2109          1971          1667          1293 
 1048          832           641           504           352           258           197           148 
 143           101           101           80            73            95            79            66 
 70            82            84            67            68            68            80            57 
 62            54            77            60            73            53            51            54 
 55            61            62            46            45            57            48            44 
 56            50            43            40            51            45            39            47 
 36            34            46            32            41            35            36            43 
 33            37            22            28            34            21            23            24 
 24            35            32            25            27            21            23            30 
 30            26            28            27            25            27            24            26 
 25            17            28            31            23            18            19            21 
 18            33            19            30            12            17            21            27 
 20            22            20            15            16            17            28            5 
 19            13            13            11            13            17            13            13 
 8             9             14            10            15            7             10            16 
 18            7             13            11            13            13            7             14 
 7             6             14            10            10            16            12            8 
 9             7             9             7             6             9             5             14 
 9             8             3             13            2             7             10            13 
 12            10            15            10            5             7             11            10 
 8             10            12            6             11            9             7             5 
 8             13            4             3             10            13            11            7 
 14            9             10            10            8             9             5             8 
 12            7             10            11            8             8             10            13 
 9             7             6             10            8             12            8             8 
 10            8             7             13            6             5             14            9 
 6             9             10            3             11            10            9             1 
 6             16            5             16            5             13            7             3 
 13            6             4             7             4             8             9             8 
 7             3             3             4             5             7             5             5 
 3             8             4             6             4             5             4             9 
 4             5             4             5             10            1             8             8 
 3             4             4             5             4             5             3             4 
 3             5             4             5             0             7             4             1 
 4             5             3             5             2             0             3             4 
 1             4             5             4             2             7             4             2 
 3             6             3             6             4             2             0             5 
 2             4             5             3             4             1             3             3 
 6             4             2             10            4             4             5             2 
 2             3             5             5             5             1             7             2 
 3             3             4             1             4             4             1             6 
 0             3             5             3             0             4             1             3 
 2             4             3             1             2             4             4             3 
 1             3             0             1             2             5             2             1 
 5             3             9             3             3             2             4             7 
 4             3             1             2             3             0             4             1 
 2             6             5             3             3             1             2             2 
 1             2             4             1             0             3             4             1 
 1             5             4             2             1             4             3             4 
 5             1             2             3             6             1             2             3 
 0             2             3             4             3             3             1             3 
 1             2             1             3             1             0             2             4 
 4             0             5             3             3             4             3             2 
 2             2             1             3             4             1             2             1 
 0             0             5             2             2             2             2             1 
 3             3             1             5             2             1             3             1 
 0             2             2             2             5             3             2             1 
 2             0             1             2             1             0             5             0 
 3             3             1             3             4             2             1             1 
 1             0             0             2             1             1             3             3 
 2             2             2             3             1             0             4             2 
 0             1             0             4             2             1             1             1 
 1             2             3             1             2             0             2             5 
 2             1             3             0             0             2             4             0 
 2             1             2             5             2             4             1             1 
 3             4             1             1             3             7             1             2 
 2             4             0             1             2             1             3             1 
 4             2             4             5             1             3             0             2 
 1             1             1             2             2             0             1             0 
 0             2             1             0             1             2             1             0 
 0             0             4             2             1             2             2             1 
 3             2             3             0             0             1             0             0 
 1             0             0             0             1             1             0             1 
 2             0             2             1             0             1             0             0 
 0             0             1             0             0             1             0             2 
 1             1             0             0             0             1             1             0 
 0             2             2             0             0             0             2             0 
 0             1             0             0             0             0             2             1 
 0             0             0             0             0             0             0             0 
 0             0             2             1             0             0             0             1 
 1             2             0             0             0             2             0             1 
 0             0             0             0             2             0             1             0 
 0             0             0             0             1             1             1             0 
 1             0             0             1             1             0             1             0 
 0             1             0             0             0             2             0             0 
 0             0             1             1             0             2             0             0 
 0             0             0             0             0             0             0             0 
 0             0             0             0             1             0             1             0 
 0             0             0             0             1             0             0             0 
 0             1             0             0             0             0             1             0 
 1             0             1             0             0             1             1             1 
 0             0             2             0             0             0             0             0 
 0             0             0             0             0             1             0             0 
 0             0             1             0             1             0             0             0 
 0             0             0             0             0             0             0             0 
 0             0             1             0             1             0             0             0 
 0             2             0             0             0             0             2             1 
 1             0             0             0             0             0             0             0 
 0             0             0             0             0             1             1             0 
 1             0             0             0             0             0             1             1 
 3             0             0             0             0             0             0             0 
 2             1             0             0             1             1             0             0 
 0             1             0             0             1             0             0             1 
 0             0             0             1             0             1             0             0 
 1             0             0             0             0             1             0             0 
 0             0             0             0             1             0             1             0 
 0             0             1             1             0             0             0             0 
 0             1             0             0             0             0             0             1 
 0             0             0             0             1             0             0             0 
 0             0             0             1             0             0             0             0 
 0             0             1             0             0             0             0             0 
 0             0             0             0             0             0             0             1 
 0             0             0             0             1             0             0             0 
 0             0             0             0             0             0             0             0 
 0             0             0             0             0             0             0             0 
 0             0             0             0             0             0             0             0 
 0             0             0             1             0             0             0             0 
 0             0             0             0             2             0             0             0 
 0             0             0             0             0             0             0             1 
 0             0             1             0             0             0             0             0 
