$SPEC_ID:
bMCA Spectrum
$DATE_MEA:
06-24-2022  09:32:57
$MEAS_TIM:
 237.9         240
$DEVICE_ID:
bMCA 06201013
$ACQ_SETTINGS:
 2             240           1000          4             4095 
$HRDW_PARAMS:
PHA
 810
 3             3276          5 
 7             0             1023 
 80            25            45 
-1            -1 
$SPEC_CAL:
-22.21111      2.09241       9.752878E-05
$MCA_CAL:
3
-22.21111      2.09241       9.752878E-05
$ROI:
 49            79            255           1            57Co
$DATA:
 0             1023 
 16            23            27            55            57            80            123           175 
 225           304           360           328           341           361           356           324 
 362           367           399           411           447           463           470           467 
 468           410           338           358           365           338           359           415 
 411           476           488           576           664           766           785           894 
 979           1080          1073          1108          1126          1207          1238          1400 
 1557          1873          2320          2863          3731          4485          5554          6469 
 7229          7534          7749          7833          7488          7415          7365          7507 
 7462          7795          8058          8235          7992          7572          6961          5894 
 4845          3854          3036          2459          1733          1390          1104          837 
 687           554           447           402           352           341           300           280 
 274           276           283           287           299           253           230           233 
 260           237           219           269           222           240           200           236 
 214           199           210           194           211           208           207           205 
 198           202           171           177           170           177           160           177 
 174           174           183           136           169           163           172           117 
 140           130           131           133           118           145           126           109 
 113           133           126           123           121           120           127           101 
 124           111           76            99            94            115           88            83 
 89            117           106           85            104           112           87            99 
 76            88            74            99            71            74            77            89 
 72            83            66            92            96            77            64            61 
 57            62            51            71            61            74            66            72 
 59            68            57            49            52            62            48            60 
 42            42            56            60            43            51            54            53 
 46            45            45            36            56            57            44            41 
 36            41            42            45            40            49            31            38 
 45            31            27            44            41            38            41            36 
 41            45            37            30            31            40            36            35 
 42            29            33            25            34            37            30            34 
 35            34            34            34            27            32            29            31 
 40            38            32            34            32            40            36            38 
 35            27            31            29            31            28            29            30 
 29            29            23            26            27            26            29            29 
 22            24            35            33            38            29            25            26 
 28            30            24            23            27            22            31            26 
 30            28            21            32            29            35            29            22 
 32            40            36            31            26            20            30            34 
 32            33            28            22            32            40            39            29 
 35            40            37            38            41            33            32            38 
 31            42            42            22            38            31            30            39 
 22            27            28            29            31            31            14            31 
 28            24            20            33            26            28            19            12 
 10            23            18            21            20            7             18            8 
 15            13            13            9             11            13            17            19 
 16            13            11            12            12            13            10            17 
 14            19            20            19            12            12            17            10 
 15            16            12            17            16            13            12            9 
 15            14            9             13            23            17            9             3 
 15            20            8             18            10            12            10            12 
 13            11            19            8             13            13            14            19 
 9             13            5             11            14            15            10            11 
 8             15            18            12            10            16            9             11 
 13            8             11            8             12            16            8             16 
 10            9             15            9             13            9             10            7 
 12            9             14            9             16            15            9             14 
 12            9             18            6             9             13            17            10 
 13            6             11            11            8             9             15            9 
 5             10            12            9             10            14            12            3 
 10            9             5             9             9             10            8             8 
 4             11            13            9             7             9             8             9 
 11            11            10            11            4             10            11            6 
 7             6             11            8             7             3             5             8 
 9             13            15            11            7             8             3             2 
 10            9             14            6             6             6             9             7 
 10            12            14            10            5             7             6             9 
 6             3             12            5             13            14            6             9 
 11            7             7             7             4             11            11            11 
 12            14            7             9             11            15            12            14 
 8             9             9             11            5             14            8             8 
 12            16            4             6             6             13            7             5 
 13            4             9             6             9             5             7             10 
 10            9             8             4             9             2             4             9 
 4             2             9             6             5             8             9             4 
 6             2             4             5             4             5             2             3 
 6             6             11            4             6             7             5             3 
 5             8             5             6             7             7             3             5 
 7             3             4             0             11            8             4             6 
 9             5             5             6             5             4             3             8 
 4             9             6             5             5             6             10            6 
 7             6             7             3             10            3             9             7 
 10            6             2             3             3             4             8             7 
 8             7             4             3             3             8             8             7 
 10            2             7             6             7             5             5             13 
 8             6             8             4             9             11            5             12 
 10            12            11            7             7             6             9             4 
 12            6             7             7             10            2             6             10 
 6             10            7             9             5             6             7             7 
 5             3             8             2             3             3             4             5 
 3             3             5             3             4             5             6             4 
 3             2             3             1             5             5             2             2 
 3             5             2             3             3             4             1             2 
 0             7             6             1             2             1             3             2 
 4             2             0             6             3             2             3             4 
 2             1             1             2             3             1             0             3 
 1             0             0             1             0             2             2             1 
 0             2             1             2             2             0             1             0 
 1             2             1             3             1             1             2             0 
 2             0             1             0             1             0             0             1 
 0             0             1             1             0             1             1             1 
 3             2             2             2             2             0             1             1 
 1             0             0             3             3             2             1             2 
 2             2             1             2             1             1             1             5 
 1             3             1             1             3             3             3             0 
 2             2             2             0             0             5             0             2 
 1             0             2             2             1             0             2             1 
 1             2             3             1             1             1             1             2 
 0             0             1             2             0             0             2             1 
 0             2             0             0             0             0             2             0 
 1             1             1             0             1             1             0             0 
 0             1             2             1             2             0             2             1 
 1             1             3             1             0             0             0             2 
 0             4             0             1             0             1             1             1 
 0             1             1             2             1             0             1             0 
 1             0             1             0             0             1             1             0 
 0             0             0             1             0             1             0             3 
 1             1             0             0             0             1             0             0 
 1             0             0             0             2             0             0             1 
 2             0             2             3             1             0             0             1 
 0             1             0             3             2             1             1             1 
 1             1             1             1             1             1             3             1 
 2             1             0             1             0             2             0             0 
 0             1             0             1             2             3             0             1 
 1             0             0             1             1             0             2             3 
 1             2             0             1             2             0             0             1 
 2             1             3             1             1             1             0             0 
 0             2             2             1             1             0             0             1 
 3             3             2             1             1             1             1             0 
