$SPEC_ID:
bMCA Spectrum
$DATE_MEA:
06-22-2022  11:01:04
$MEAS_TIM:
 178.52        180
$DEVICE_ID:
bMCA 06201013
$ACQ_SETTINGS:
 2             180           1000          4             4095 
$HRDW_PARAMS:
PHA
 800
 3             3276          5 
 7             0             1023 
 80            25            45 
 1             1 
$SPEC_CAL:
-21.61505      2.251173      8.800329E-05
$MCA_CAL:
3
-21.61505      2.251173      8.800329E-05
$ROI:
 45            74            32768         1            57Co
$DATA:
 0             1023 
 7             5             12            25            27            68            91            160 
 173           225           245           251           260           220           218           221 
 226           253           329           361           389           376           394           338 
 338           329           307           290           310           305           338           366 
 391           479           553           598           633           720           749           796 
 797           882           922           908           1004          1209          1488          1817 
 2255          2949          3595          4332          5093          5602          5604          5779 
 5719          5410          5321          5344          5498          5552          5865          5827 
 5991          5652          5123          4366          3727          2928          2239          1745 
 1322          1008          784           560           467           425           343           285 
 248           252           224           239           237           210           193           211 
 191           177           204           181           175           211           206           185 
 154           175           179           168           176           163           143           156 
 152           153           147           158           140           154           147           141 
 123           141           141           122           146           125           137           112 
 117           102           106           91            123           102           113           97 
 95            87            101           78            74            82            97            93 
 102           80            79            70            78            78            85            73 
 71            62            66            78            76            56            81            71 
 53            62            59            66            55            62            66            61 
 53            55            47            49            53            62            62            53 
 61            45            47            44            48            46            62            48 
 46            45            39            38            39            41            39            53 
 32            33            43            31            35            40            31            33 
 28            43            23            37            38            31            28            38 
 33            24            32            40            34            32            24            25 
 21            35            26            26            22            22            34            26 
 26            28            28            19            25            18            21            36 
 34            24            28            24            17            32            23            21 
 28            23            17            20            19            33            26            24 
 26            27            32            12            15            25            21            21 
 20            24            30            30            28            20            21            19 
 23            23            15            27            14            23            23            29 
 20            24            28            22            18            20            32            16 
 21            19            18            14            28            21            21            21 
 23            22            23            25            23            24            19            22 
 24            26            28            41            18            20            26            23 
 25            29            21            30            27            14            29            23 
 26            21            26            19            22            18            20            24 
 19            14            25            25            19            13            18            15 
 18            16            10            19            13            17            20            12 
 17            9             9             12            8             13            11            9 
 10            12            10            8             10            11            10            9 
 17            7             15            10            7             12            8             10 
 8             9             11            6             11            6             6             5 
 4             9             12            12            6             8             7             7 
 8             8             7             8             10            12            12            14 
 10            5             4             10            7             10            12            7 
 6             5             8             8             5             8             8             7 
 7             13            8             9             7             7             6             6 
 10            12            7             10            2             4             17            11 
 2             3             8             13            9             9             5             3 
 8             11            8             7             4             11            11            5 
 11            12            6             5             8             4             4             6 
 10            7             9             7             8             6             5             10 
 6             9             9             13            8             8             7             7 
 7             6             6             12            4             9             3             5 
 3             10            6             5             4             3             1             2 
 4             6             7             9             4             7             3             5 
 7             3             6             6             5             7             8             8 
 6             5             5             6             5             7             7             7 
 10            2             9             10            8             6             10            5 
 14            6             9             8             5             5             7             4 
 8             8             8             8             5             1             9             7 
 8             11            2             4             5             7             4             13 
 5             4             7             8             2             3             8             4 
 5             7             5             4             4             11            5             7 
 2             5             10            6             6             4             4             10 
 9             2             9             5             3             6             4             5 
 4             7             5             2             2             2             2             5 
 2             7             3             5             2             5             4             4 
 3             4             5             4             4             6             5             0 
 4             4             7             6             3             5             2             4 
 4             6             2             1             2             6             2             3 
 7             4             2             7             0             4             1             5 
 6             1             3             3             1             3             2             5 
 1             5             4             6             5             2             5             2 
 12            4             5             6             2             3             2             3 
 7             4             8             6             1             9             1             8 
 4             3             3             8             8             11            3             7 
 12            2             7             2             7             5             4             4 
 3             5             5             4             6             6             6             4 
 8             5             5             2             4             1             5             5 
 2             5             6             7             5             3             5             3 
 0             4             1             5             4             4             6             3 
 3             0             2             2             3             5             0             3 
 3             1             3             3             4             2             3             1 
 3             2             1             1             5             1             2             3 
 2             0             1             1             1             0             0             0 
 3             0             2             3             0             0             2             2 
 1             2             0             0             3             1             0             0 
 1             2             0             1             1             2             1             4 
 0             0             0             1             1             2             0             0 
 4             1             5             2             1             2             2             0 
 0             1             2             1             0             2             2             1 
 2             2             0             2             1             0             0             0 
 2             0             4             2             1             3             1             2 
 1             2             1             0             2             3             2             0 
 1             2             1             2             1             0             0             1 
 1             1             1             1             0             2             1             1 
 0             2             2             1             3             0             0             1 
 0             0             1             0             0             1             2             4 
 0             1             1             0             0             1             3             0 
 2             1             0             1             1             2             0             0 
 1             0             1             2             0             0             1             1 
 1             1             0             1             0             0             1             0 
 1             1             0             1             0             0             1             0 
 0             0             0             1             0             1             0             2 
 1             0             0             1             1             1             2             0 
 0             0             0             0             1             0             0             0 
 1             0             0             0             1             0             1             0 
 0             1             1             0             1             0             0             0 
 1             1             0             0             1             0             0             2 
 2             0             1             0             2             0             1             1 
 2             0             0             2             0             0             0             0 
 0             0             0             0             0             0             1             1 
 2             0             0             0             2             0             0             2 
 2             0             0             1             1             2             1             2 
 1             0             0             2             0             0             1             0 
 1             0             1             0             0             1             0             1 
 2             0             1             1             2             1             0             2 
 1             1             2             0             0             0             0             0 
 2             0             0             0             1             1             1             1 
 0             0             0             0             1             0             2             0 
 0             3             0             1             0             1             2             0 
 1             0             1             0             1             1             1             0 
 0             1             0             0             0             0             0             1 
 0             0             2             0             1             1             1             0 
