$SPEC_ID:
bMCA Spectrum
$DATE_MEA:
06-24-2022  08:38:47
$MEAS_TIM:
 178.46        180
$DEVICE_ID:
bMCA 06201013
$ACQ_SETTINGS:
 2             180           1000          4             4095 
$HRDW_PARAMS:
PHA
 810
 3             3276          5 
 7             0             1023 
 80            25            45 
-1            -1 
$SPEC_CAL:
-22.21111      2.09241       9.752878E-05
$MCA_CAL:
3
-22.21111      2.09241       9.752878E-05
$ROI:
 49            79            255           1            57Co
$DATA:
 0             1023 
 3             7             10            32            38            76            113           130 
 176           220           249           261           253           251           251           251 
 270           279           255           330           313           314           318           327 
 303           279           271           260           239           242           258           280 
 298           323           343           421           434           509           610           671 
 742           740           805           845           866           872           978           958 
 1111          1269          1670          2096          2662          3245          3911          4716 
 5220          5515          5897          5925          5800          5548          5371          5521 
 5589          5731          6037          6137          5986          5627          5101          4447 
 3715          2960          2334          1759          1392          1059          806           696 
 571           410           317           326           268           235           234           214 
 195           187           217           185           187           146           163           176 
 173           172           170           144           160           161           178           141 
 152           157           139           139           147           154           133           142 
 148           145           125           118           129           144           124           133 
 113           114           105           117           108           119           122           107 
 98            95            109           98            85            97            80            82 
 96            81            84            77            75            92            79            82 
 64            81            69            90            74            63            66            74 
 60            65            75            78            72            57            57            72 
 61            64            56            59            63            67            57            57 
 51            52            50            63            52            52            44            52 
 56            44            76            46            51            36            51            55 
 35            38            44            31            31            47            41            26 
 39            43            23            31            36            36            41            35 
 34            24            37            29            30            36            25            28 
 27            34            29            35            31            35            16            27 
 30            28            21            28            26            33            30            22 
 30            26            28            16            23            17            33            27 
 31            35            19            23            19            30            28            30 
 30            24            31            19            18            20            24            25 
 26            22            21            27            20            12            25            25 
 17            14            16            26            18            17            10            18 
 14            23            13            20            24            14            26            23 
 14            22            16            18            23            10            12            14 
 17            22            25            17            16            21            20            16 
 22            20            23            19            19            22            22            18 
 16            14            25            17            26            17            21            20 
 22            27            27            21            16            23            15            17 
 15            18            24            29            16            21            19            24 
 27            14            23            23            16            9             17            29 
 20            12            15            17            19            11            12            8 
 14            14            11            11            15            14            13            9 
 9             11            12            17            12            7             16            11 
 7             8             11            8             9             14            8             10 
 8             4             13            11            12            7             12            3 
 4             13            7             6             7             10            10            8 
 13            8             8             10            8             11            5             6 
 10            11            10            8             5             7             7             4 
 5             9             12            7             6             12            8             8 
 7             13            5             6             6             9             7             9 
 5             6             12            8             9             6             4             3 
 15            2             5             8             7             7             3             5 
 8             10            10            8             6             16            6             7 
 3             9             8             6             11            8             8             8 
 10            10            5             6             14            6             17            7 
 10            3             10            9             8             6             8             10 
 7             7             8             7             3             9             7             12 
 5             2             8             4             6             3             6             7 
 9             3             8             4             3             3             6             10 
 8             4             6             5             3             9             8             3 
 3             4             4             6             3             3             2             6 
 5             7             7             2             3             7             6             4 
 3             6             2             5             5             6             6             7 
 5             6             3             7             4             8             4             7 
 6             4             5             5             7             5             5             3 
 7             4             5             4             4             5             4             9 
 4             8             11            0             4             5             8             2 
 12            4             3             5             3             5             5             4 
 4             6             6             1             7             6             7             4 
 9             5             4             6             1             5             4             2 
 3             3             1             3             3             6             5             1 
 4             3             6             9             2             6             2             3 
 0             6             7             4             4             10            2             3 
 7             4             2             6             4             7             5             6 
 4             0             1             4             4             3             3             2 
 5             3             6             3             5             6             1             3 
 5             4             3             1             2             6             0             6 
 6             1             2             2             0             4             2             2 
 1             4             5             0             4             4             2             2 
 3             4             3             0             2             6             3             5 
 2             4             4             5             3             2             5             5 
 2             3             3             4             1             7             1             5 
 5             7             6             8             4             6             7             2 
 2             7             2             8             3             4             5             4 
 5             6             6             4             8             4             5             9 
 6             11            4             5             9             2             4             6 
 7             7             3             7             3             6             3             4 
 8             8             3             1             5             2             4             4 
 7             4             5             1             4             2             1             7 
 1             4             3             8             6             2             3             2 
 3             0             4             4             2             0             3             1 
 3             2             1             3             2             2             5             2 
 1             2             3             1             0             0             4             1 
 1             1             1             0             0             1             1             2 
 1             1             2             1             0             3             1             1 
 3             1             1             1             0             0             3             0 
 4             0             3             0             0             1             1             2 
 2             1             3             1             1             2             0             0 
 0             1             1             1             0             1             2             0 
 2             1             1             2             3             1             1             1 
 2             0             1             2             2             0             1             0 
 0             0             1             1             0             1             0             2 
 1             1             0             1             4             1             1             2 
 2             2             2             3             1             1             0             1 
 5             3             1             2             0             2             1             3 
 0             1             2             0             4             0             1             3 
 1             1             0             1             1             0             2             1 
 1             1             0             2             0             0             0             0 
 1             1             0             0             1             1             2             1 
 0             1             2             0             2             2             0             0 
 0             1             0             0             0             1             0             1 
 0             0             2             1             1             0             0             0 
 1             0             1             0             0             0             0             1 
 0             0             1             0             0             0             1             1 
 1             0             1             0             1             0             1             1 
 0             0             0             0             0             0             0             1 
 2             0             2             1             0             0             0             0 
 1             1             0             0             0             0             1             1 
 1             1             0             1             0             0             0             1 
 1             2             1             0             0             1             0             2 
 0             2             0             1             1             1             0             0 
 0             1             0             0             0             2             1             0 
 0             1             1             1             0             1             0             2 
 1             0             0             0             0             0             1             0 
 0             1             0             1             1             0             0             1 
 0             1             0             1             0             0             1             0 
 0             0             0             0             0             0             1             1 
