$SPEC_ID:
bMCA Spectrum
$DATE_MEA:
06-24-2022  07:58:35
$MEAS_TIM:
 59.475        60
$DEVICE_ID:
bMCA 06201013
$ACQ_SETTINGS:
 2             60            1000          4             4095 
$HRDW_PARAMS:
PHA
 810
 3             3276          5 
 7             0             1023 
 80            25            45 
 1             1 
$SPEC_CAL:
-22.21111      2.09241       9.752878E-05
$MCA_CAL:
3
-22.21111      2.09241       9.752878E-05
$ROI:
 49            79            255           1            57Co
$DATA:
 0             1023 
 3             4             3             10            9             13            36            64 
 60            74            95            91            98            93            90            86 
 83            92            113           129           126           125           126           115 
 97            90            102           73            91            89            102           107 
 111           99            144           132           149           201           173           196 
 248           202           269           268           255           285           326           320 
 377           411           454           626           779           947           1262          1502 
 1615          1804          1892          1918          2006          1877          1832          1795 
 2028          1961          2008          2085          2020          1955          1735          1570 
 1313          1000          888           650           492           392           282           264 
 229           155           119           132           113           96            72            62 
 72            75            65            66            57            68            67            75 
 57            61            56            54            58            49            60            49 
 59            56            37            47            46            48            48            50 
 49            42            32            48            51            52            55            43 
 48            38            40            41            38            44            41            43 
 41            34            35            27            29            41            27            33 
 33            36            33            28            24            17            34            22 
 26            18            31            17            27            19            23            17 
 27            26            32            19            23            24            14            27 
 15            23            26            25            25            24            13            23 
 22            22            16            19            21            25            16            20 
 17            23            12            18            8             17            19            21 
 18            16            14            21            21            14            12            13 
 12            12            7             10            10            7             11            11 
 16            8             15            12            10            7             11            7 
 7             11            11            9             10            12            9             11 
 8             12            9             7             11            9             5             7 
 15            6             4             6             4             10            15            6 
 6             9             9             6             11            7             8             11 
 14            9             7             11            7             7             7             10 
 10            4             10            10            3             8             7             4 
 6             8             8             11            11            1             3             7 
 11            8             7             7             2             7             6             6 
 4             6             6             8             9             9             4             2 
 7             10            8             7             10            5             11            8 
 9             5             9             2             10            6             3             12 
 9             7             10            13            11            9             8             6 
 8             6             11            4             6             7             5             7 
 7             12            9             8             8             5             12            6 
 7             11            7             13            7             5             5             11 
 6             7             9             4             15            4             3             2 
 7             7             3             6             3             7             8             4 
 4             2             0             5             2             5             5             5 
 5             10            6             4             5             1             2             4 
 1             6             1             3             3             4             5             3 
 5             5             4             5             3             2             4             4 
 3             4             2             2             1             1             0             3 
 3             4             2             3             5             1             1             3 
 5             1             2             2             2             5             2             1 
 1             2             4             2             2             2             4             5 
 3             2             3             5             2             2             3             4 
 1             3             3             5             3             0             3             3 
 3             2             1             7             3             5             2             1 
 3             4             6             0             1             0             4             1 
 3             4             3             3             1             0             4             7 
 2             2             4             3             3             2             6             2 
 5             2             4             6             1             3             5             1 
 3             7             2             6             2             4             1             2 
 4             3             3             2             3             4             4             2 
 1             2             1             0             4             3             3             2 
 4             1             1             1             0             3             4             3 
 0             3             2             1             2             0             1             1 
 2             3             1             0             1             3             2             2 
 1             3             1             4             1             6             3             1 
 2             1             4             2             1             7             4             2 
 0             3             3             4             1             0             0             2 
 3             2             3             0             5             0             1             2 
 2             1             4             2             3             1             2             2 
 4             4             0             3             2             2             4             2 
 1             2             2             0             1             1             2             2 
 1             3             1             2             2             0             3             4 
 2             1             2             2             1             2             1             2 
 3             1             0             1             2             1             1             1 
 0             0             0             3             3             4             1             1 
 0             1             1             2             1             1             3             1 
 2             3             0             5             1             1             2             0 
 2             1             5             1             1             2             0             2 
 0             3             4             1             1             0             3             4 
 2             2             2             2             2             0             1             0 
 0             1             2             1             1             1             1             1 
 1             3             1             0             1             3             0             1 
 1             0             7             3             2             1             4             4 
 1             3             2             2             1             2             1             0 
 0             2             3             1             0             2             1             0 
 1             6             3             2             1             2             0             3 
 2             1             3             2             0             0             2             1 
 2             4             4             5             0             2             0             0 
 1             3             1             0             1             0             1             1 
 1             1             0             3             1             2             1             1 
 3             2             1             0             1             0             1             0 
 3             2             0             2             0             2             1             0 
 1             1             1             2             0             1             2             1 
 1             0             0             0             1             0             0             0 
 0             1             3             1             0             0             0             0 
 0             1             0             0             2             0             0             0 
 0             0             1             1             2             0             0             0 
 0             0             0             1             0             1             0             0 
 0             1             0             0             0             1             0             0 
 1             1             0             0             1             0             0             0 
 0             0             1             0             0             1             1             0 
 1             0             0             0             1             0             2             0 
 0             0             0             1             0             0             0             0 
 0             1             0             0             0             1             0             1 
 0             0             1             1             2             0             1             0 
 1             0             2             0             0             0             0             0 
 0             1             1             0             1             0             1             0 
 0             0             0             1             0             0             0             0 
 1             0             0             0             1             0             0             0 
 0             0             0             0             0             0             0             1 
 0             1             0             0             0             0             0             0 
 0             1             0             0             0             0             0             0 
 1             0             0             1             0             0             0             0 
 0             0             0             0             0             0             0             0 
 0             0             0             0             0             0             1             0 
 0             0             0             1             0             0             0             0 
 0             0             0             0             0             0             0             0 
 0             0             0             0             0             1             0             2 
 0             0             0             0             0             0             0             1 
 1             0             0             0             0             0             0             0 
 0             1             0             0             0             0             0             0 
 0             0             0             0             0             0             0             0 
 0             0             0             0             1             1             0             0 
 0             0             0             0             1             1             1             0 
 1             0             0             0             0             0             0             0 
 0             0             0             1             1             0             0             1 
 0             0             0             0             0             1             1             1 
 0             0             1             1             1             0             0             0 
