$SPEC_ID:
bMCA Spectrum
$DATE_MEA:
06-24-2022  08:50:52
$MEAS_TIM:
 178.385       180
$DEVICE_ID:
bMCA 06201013
$ACQ_SETTINGS:
 2             180           1000          4             4095 
$HRDW_PARAMS:
PHA
 810
 3             3276          5 
 7             0             1023 
 80            25            45 
-1            -1 
$SPEC_CAL:
-22.21111      2.09241       9.752878E-05
$MCA_CAL:
3
-22.21111      2.09241       9.752878E-05
$ROI:
 49            79            255           1            57Co
$DATA:
 0             1023 
 8             24            19            37            48            84            93            163 
 179           239           263           252           258           242           233           261 
 273           275           311           376           373           378           324           330 
 327           301           278           252           273           283           278           289 
 321           375           382           403           464           506           602           717 
 731           780           859           920           902           913           887           1038 
 1195          1348          1637          2132          2684          3394          3944          4693 
 5407          5694          5740          5927          5698          5502          5347          5532 
 5703          5731          6079          6167          6145          5621          5099          4582 
 3795          2987          2331          1792          1407          1111          957           738 
 496           458           389           322           258           268           273           257 
 225           240           237           226           233           191           250           213 
 207           209           204           202           215           202           196           181 
 183           172           179           200           167           177           180           181 
 172           155           161           147           161           150           147           155 
 136           135           130           155           129           138           117           132 
 127           141           122           132           119           112           117           122 
 108           122           103           83            108           109           89            105 
 106           96            91            90            89            83            92            71 
 76            67            76            71            82            78            71            83 
 68            63            66            71            75            56            61            68 
 80            64            69            71            75            71            76            54 
 67            59            70            75            54            61            61            60 
 58            56            59            58            57            52            50            44 
 50            56            59            53            42            45            44            42 
 41            49            54            38            38            42            38            31 
 33            32            39            31            42            25            35            31 
 37            45            40            42            45            33            39            29 
 26            37            34            39            27            34            34            28 
 29            37            32            28            42            34            33            29 
 37            25            30            22            39            38            34            31 
 41            34            33            38            30            20            32            25 
 35            22            31            21            28            23            24            27 
 25            25            32            32            26            25            39            24 
 27            26            33            24            21            25            18            26 
 24            41            30            27            27            26            37            22 
 35            18            24            28            26            27            29            30 
 20            37            28            37            40            35            48            30 
 52            47            46            28            33            36            48            37 
 38            44            40            36            36            40            57            42 
 51            53            48            43            55            37            42            45 
 32            31            42            44            35            33            24            28 
 28            28            24            28            30            24            27            14 
 15            20            32            18            18            23            22            23 
 20            18            15            17            16            14            14            14 
 16            8             21            12            13            14            16            10 
 16            9             12            11            11            8             8             17 
 18            14            8             12            10            9             12            13 
 20            13            14            15            12            13            15            8 
 16            15            10            16            14            10            10            18 
 10            8             16            13            16            13            11            10 
 13            7             12            6             13            12            13            14 
 10            18            6             10            14            13            10            8 
 16            12            7             12            12            10            10            10 
 9             11            9             16            12            9             11            12 
 15            14            14            9             14            6             17            6 
 5             10            6             16            8             4             16            11 
 8             6             12            9             5             6             15            6 
 12            10            10            7             11            8             8             12 
 12            3             11            10            12            3             6             7 
 5             6             11            10            4             13            7             7 
 7             7             10            9             6             7             12            11 
 6             5             8             7             9             13            9             13 
 9             6             4             11            9             7             8             7 
 6             8             6             4             12            8             10            3 
 10            9             12            7             5             7             5             8 
 11            9             4             8             7             14            10            8 
 10            10            8             8             10            13            8             3 
 8             13            3             9             11            10            14            6 
 11            7             16            11            7             6             5             7 
 10            9             5             10            8             7             8             9 
 8             5             9             4             4             3             5             7 
 5             5             9             6             5             3             7             3 
 8             6             2             3             7             7             8             6 
 7             5             8             8             6             6             7             4 
 2             6             4             6             6             5             5             7 
 8             7             6             4             10            10            4             5 
 5             4             2             11            3             8             6             8 
 4             6             5             5             4             5             8             10 
 9             2             5             4             5             5             4             4 
 2             3             6             4             4             9             6             5 
 6             12            6             7             3             5             4             5 
 6             5             4             5             3             6             6             3 
 2             4             6             4             5             10            7             4 
 4             4             9             9             4             8             7             7 
 12            6             8             6             4             5             7             4 
 9             2             4             5             4             10            5             5 
 7             8             2             3             3             5             4             6 
 8             6             2             4             1             1             3             3 
 6             5             5             4             1             6             3             4 
 1             4             4             4             1             5             0             5 
 2             1             3             1             3             0             1             2 
 2             1             1             2             1             2             2             4 
 2             3             5             2             6             3             3             1 
 1             0             1             1             1             5             1             1 
 0             1             0             1             1             0             0             2 
 2             1             1             3             1             1             3             1 
 0             1             1             0             0             0             0             1 
 1             1             1             2             1             1             2             1 
 1             0             0             0             0             1             1             2 
 2             0             2             1             0             2             3             1 
 1             1             2             2             1             1             0             2 
 0             2             0             1             1             1             1             0 
 1             3             0             2             1             2             1             0 
 3             1             1             0             1             0             2             2 
 0             0             0             1             1             1             2             0 
 3             0             0             1             0             0             1             1 
 0             0             0             3             1             0             0             2 
 0             2             0             1             1             1             0             0 
 1             0             3             1             0             1             1             2 
 2             1             1             1             0             0             1             1 
 0             0             0             1             1             0             3             2 
 0             0             0             0             0             0             2             0 
 3             1             0             0             0             0             1             2 
 1             2             2             0             1             0             0             2 
 0             1             0             1             1             1             3             0 
 1             2             1             1             0             0             0             0 
 0             1             2             1             0             0             0             1 
 0             0             1             0             1             0             0             1 
 1             0             0             1             1             0             0             0 
 0             2             0             1             1             1             0             2 
 1             0             2             0             2             2             1             1 
 0             0             0             0             0             0             0             1 
 0             1             2             2             1             0             0             0 
 0             0             1             2             1             1             1             1 
 0             2             0             0             0             1             1             0 
 0             0             1             1             2             0             2             0 
 2             1             1             1             0             0             2             0 
