$SPEC_ID:
bMCA Spectrum
$DATE_MEA:
06-22-2022  11:23:25
$MEAS_TIM:
 238.01        240
$DEVICE_ID:
bMCA 06201013
$ACQ_SETTINGS:
 2             240           1000          4             4095 
$HRDW_PARAMS:
PHA
 800
 3             3276          5 
 7             0             1023 
 80            25            45 
 1             1 
$SPEC_CAL:
-21.61505      2.251173      8.800329E-05
$MCA_CAL:
3
-21.61505      2.251173      8.800329E-05
$ROI:
 45            74            32768         1            57Co
$DATA:
 0             1023 
 4             2             8             23            44            65            136           178 
 246           275           265           297           306           279           295           302 
 326           380           422           460           517           483           471           464 
 425           422           368           384           433           455           447           490 
 547           604           675           791           901           897           1057          1074 
 1132          1151          1204          1294          1354          1578          1841          2274 
 3030          3891          4871          5997          6785          7174          7464          7707 
 7544          7449          7249          7147          7086          7368          7705          7802 
 7897          7630          6954          6043          5062          3964          3108          2357 
 1770          1402          1039          850           655           560           456           423 
 348           385           308           314           304           292           297           285 
 263           278           250           250           254           272           244           253 
 244           239           259           224           229           243           209           241 
 205           211           213           191           207           217           210           224 
 176           182           156           199           173           161           179           149 
 160           168           164           152           163           148           142           127 
 151           130           127           143           141           129           121           136 
 118           112           118           115           116           129           110           112 
 112           99            97            101           93            98            100           96 
 89            86            78            75            97            100           86            80 
 97            101           106           90            97            96            76            77 
 91            78            73            78            78            67            75            56 
 69            62            50            46            79            50            51            48 
 57            45            50            59            72            58            67            35 
 43            44            50            55            39            33            36            47 
 39            39            38            44            46            44            45            51 
 38            45            29            46            44            45            44            51 
 33            30            28            37            37            30            36            35 
 41            37            36            41            41            33            36            35 
 32            30            36            34            42            28            42            21 
 23            30            31            38            25            33            26            25 
 41            33            32            31            20            24            28            33 
 32            31            25            38            33            32            23            28 
 24            39            30            29            39            29            31            40 
 20            28            35            37            30            21            30            35 
 35            39            32            32            39            26            29            42 
 33            35            33            36            47            48            39            41 
 46            48            36            50            30            35            42            36 
 34            37            35            37            31            32            31            34 
 31            28            28            21            25            22            22            26 
 23            19            23            16            15            21            22            18 
 21            18            17            19            17            23            8             16 
 15            24            13            19            10            17            7             13 
 12            18            18            11            8             16            8             16 
 13            23            17            18            17            6             11            14 
 11            11            13            14            12            15            15            19 
 16            13            13            15            10            14            17            10 
 10            8             14            12            8             10            15            9 
 8             17            14            13            7             16            16            13 
 14            14            13            10            11            18            9             8 
 14            8             11            9             7             14            7             15 
 10            9             15            15            16            7             11            13 
 15            7             13            13            10            12            7             10 
 11            12            13            12            19            9             7             19 
 14            11            13            8             10            9             12            11 
 8             13            7             5             5             10            4             9 
 10            11            11            6             15            9             12            5 
 17            11            6             12            4             9             14            9 
 8             7             8             10            10            4             5             8 
 5             7             12            3             10            9             9             7 
 8             5             14            10            9             13            12            7 
 10            13            9             10            10            8             10            6 
 8             11            11            15            5             6             12            9 
 7             13            10            6             7             10            7             9 
 4             8             14            9             9             11            4             11 
 8             12            9             5             10            7             4             14 
 9             2             5             9             4             5             5             7 
 7             7             8             6             7             5             8             12 
 14            9             3             5             7             11            4             8 
 10            5             10            6             8             8             6             4 
 6             3             7             7             9             3             8             2 
 6             8             7             3             6             3             5             3 
 5             7             4             4             3             1             6             3 
 6             4             4             9             6             7             7             5 
 5             6             4             3             2             3             8             5 
 9             6             9             3             6             3             6             4 
 4             5             4             4             4             4             8             7 
 7             5             8             4             3             9             6             6 
 4             4             6             4             5             3             7             6 
 10            9             7             10            9             8             7             8 
 6             14            8             5             8             9             4             6 
 9             8             10            13            7             9             10            7 
 4             6             9             5             10            6             5             6 
 6             6             7             3             8             1             3             1 
 6             6             2             4             10            6             2             4 
 2             2             6             2             5             3             1             2 
 2             3             2             2             2             11            1             3 
 0             5             4             3             2             4             1             2 
 1             3             4             0             1             1             1             2 
 0             2             0             1             2             1             1             1 
 1             0             2             2             3             0             1             1 
 2             3             1             2             2             0             2             1 
 1             0             2             1             2             3             2             1 
 1             0             2             0             0             2             0             0 
 2             1             1             2             1             3             0             1 
 1             1             1             0             1             3             2             2 
 3             2             0             1             2             0             1             2 
 4             1             2             1             1             1             2             0 
 1             0             0             3             0             0             3             2 
 1             1             2             3             0             2             2             0 
 1             2             2             2             1             0             0             0 
 2             2             0             0             1             0             2             0 
 1             0             2             0             0             1             0             1 
 1             0             1             0             6             1             1             2 
 0             3             1             2             0             0             0             0 
 2             1             0             2             1             1             0             1 
 0             0             0             0             1             1             1             2 
 2             1             0             1             0             2             0             0 
 3             1             1             0             1             0             0             1 
 1             0             0             2             0             1             0             0 
 1             0             2             0             1             0             2             0 
 3             2             0             1             0             1             0             1 
 1             0             0             0             1             2             0             2 
 1             1             0             0             0             0             1             1 
 0             1             1             3             0             1             0             1 
 0             1             3             0             1             1             2             1 
 1             0             0             0             1             1             1             1 
 2             1             1             0             3             0             1             0 
 1             0             1             1             1             1             1             1 
 1             1             0             2             1             1             0             1 
 0             0             1             1             1             0             0             0 
 1             0             1             0             0             1             2             2 
 2             0             0             0             1             3             0             0 
 1             0             0             0             0             1             1             0 
 2             1             2             0             0             0             2             0 
 0             2             0             1             0             0             2             1 
 0             0             0             1             0             0             1             1 
 0             0             0             1             0             0             0             0 
