$SPEC_ID:
bMCA Spectrum
$DATE_MEA:
06-24-2022  09:59:55
$MEAS_TIM:
 59.48         60
$DEVICE_ID:
bMCA 06201013
$ACQ_SETTINGS:
 2             60            1000          4             4095 
$HRDW_PARAMS:
PHA
 790
 3             3276          5 
 7             0             1023 
 80            25            45 
-1            -1 
$SPEC_CAL:
-21.59134      2.380025      1.831466E-04
$MCA_CAL:
3
-21.59134      2.380025      1.831466E-04
$ROI:
 40            70            255           1            57Co
$DATA:
 0             1023 
 5             8             9             16            17            40            62            63 
 67            70            84            89            90            89            80            92 
 102           132           122           154           140           133           115           101 
 95            101           110           114           114           147           137           194 
 221           246           295           309           305           302           348           329 
 389           427           519           731           864           1120          1426          1659 
 1895          2191          2082          2004          2041          2011          1933          1929 
 1882          2064          2146          2158          2102          2052          1688          1317 
 1085          865           647           468           312           265           189           146 
 133           120           98            96            82            70            72            71 
 79            65            74            81            62            70            66            78 
 61            46            59            65            64            64            48            62 
 56            61            59            70            66            58            45            54 
 43            47            39            42            54            50            52            45 
 40            41            42            45            30            41            37            31 
 23            34            39            31            40            25            31            34 
 36            34            33            27            32            24            28            26 
 26            18            20            27            27            30            27            18 
 25            22            17            12            28            18            19            30 
 27            24            23            22            18            16            22            16 
 20            16            17            17            15            21            10            10 
 15            16            11            14            11            15            7             16 
 12            18            16            12            12            12            12            8 
 12            11            12            12            8             12            12            12 
 14            14            12            8             12            10            6             11 
 17            11            7             9             9             10            7             8 
 5             7             10            6             9             12            9             2 
 13            10            11            10            19            6             10            10 
 7             10            8             6             3             5             10            3 
 9             10            7             7             11            11            7             6 
 10            10            4             5             15            6             8             7 
 5             8             6             8             6             6             8             6 
 8             11            1             8             13            8             10            8 
 7             13            14            14            13            14            10            3 
 9             15            13            6             7             7             9             12 
 13            9             11            11            8             8             4             5 
 9             7             10            10            9             3             8             3 
 7             6             4             5             8             4             4             7 
 2             7             6             5             5             6             0             4 
 3             5             4             4             2             2             2             4 
 4             2             4             6             2             5             5             4 
 4             5             1             4             7             6             10            2 
 4             3             9             5             1             4             2             3 
 4             3             6             3             1             3             6             6 
 3             2             4             5             0             6             5             2 
 2             3             5             2             6             5             2             6 
 5             4             3             5             4             7             3             2 
 2             5             1             2             2             3             3             4 
 4             3             3             5             7             1             1             4 
 4             2             3             2             4             6             2             1 
 5             1             7             4             0             1             2             1 
 1             0             3             5             1             6             4             1 
 3             1             2             4             3             3             4             4 
 1             0             3             2             2             5             1             3 
 2             0             3             0             1             0             4             0 
 1             1             2             5             2             3             3             3 
 0             1             5             3             1             3             0             3 
 2             1             4             2             3             4             3             1 
 4             2             5             3             2             5             4             2 
 1             3             2             1             0             1             1             2 
 4             4             2             1             1             2             4             1 
 3             0             3             1             1             3             4             4 
 4             3             3             5             1             2             2             2 
 2             4             2             0             2             1             2             1 
 2             2             4             1             2             2             3             3 
 1             2             7             1             0             0             3             1 
 2             1             1             1             1             3             2             3 
 1             1             2             1             2             1             0             1 
 2             4             3             1             2             2             0             1 
 3             0             2             0             1             2             1             5 
 0             2             2             1             4             1             2             3 
 1             0             4             1             1             0             1             2 
 1             0             1             3             2             2             3             0 
 3             0             3             1             2             0             2             1 
 5             1             2             1             2             1             3             1 
 3             3             2             0             1             2             2             3 
 0             0             1             1             5             2             2             3 
 1             1             1             1             3             1             1             0 
 0             3             3             1             1             0             4             2 
 0             2             0             0             0             0             1             0 
 0             1             0             0             1             0             2             0 
 0             1             1             0             0             0             0             2 
 0             0             1             1             0             0             0             0 
 0             1             0             2             1             2             0             0 
 0             0             1             0             0             0             0             0 
 2             0             0             2             1             1             0             1 
 0             1             0             0             1             0             0             1 
 0             1             0             1             0             1             0             0 
 0             0             0             1             0             0             0             1 
 0             1             0             2             0             0             0             0 
 0             0             1             0             0             1             0             1 
 2             1             2             0             1             1             0             0 
 1             1             2             0             1             2             0             1 
 1             0             1             0             0             0             0             1 
 0             2             0             0             1             0             0             0 
 0             0             0             0             0             0             0             0 
 0             0             1             0             0             0             0             0 
 0             0             0             0             0             0             0             1 
 0             0             0             0             0             0             0             0 
 0             0             0             0             1             1             0             0 
 0             0             0             0             0             0             0             0 
 0             0             0             0             0             0             1             0 
 0             0             0             0             0             0             1             0 
 0             0             0             1             0             1             0             0 
 0             0             0             0             0             0             0             0 
 0             0             0             1             0             1             1             2 
 0             0             1             2             0             0             0             0 
 1             0             0             1             0             0             0             0 
 0             0             0             0             0             0             0             0 
 0             0             0             0             0             0             0             0 
 0             0             0             0             0             0             1             0 
 0             0             0             0             1             1             0             0 
 0             0             0             2             0             1             0             0 
 0             0             0             0             1             0             0             0 
 0             0             0             0             1             0             0             0 
 1             0             0             0             0             0             1             0 
 1             1             0             0             0             0             0             0 
 0             0             0             0             0             0             0             1 
 0             1             1             0             0             0             0             0 
 0             0             0             0             0             0             0             0 
 0             1             0             0             0             1             0             0 
 1             0             0             0             0             0             0             0 
 0             0             0             0             1             1             0             0 
 0             0             0             0             0             0             0             0 
 0             0             0             0             0             0             0             0 
 1             0             0             0             0             0             0             0 
 0             0             1             0             0             0             0             1 
 0             1             0             0             0             0             0             1 
