$SPEC_ID:
bMCA Spectrum
$DATE_MEA:
06-22-2022  11:19:25
$MEAS_TIM:
 238.025       240
$DEVICE_ID:
bMCA 06201013
$ACQ_SETTINGS:
 2             240           1000          4             4095 
$HRDW_PARAMS:
PHA
 800
 3             3276          5 
 7             0             1023 
 80            25            45 
 1             1 
$SPEC_CAL:
-21.61505      2.251173      8.800329E-05
$MCA_CAL:
3
-21.61505      2.251173      8.800329E-05
$ROI:
 45            74            32768         1            57Co
$DATA:
 0             1023 
 1             11            6             34            39            83            115           195 
 236           287           290           313           294           330           322           306 
 314           393           444           475           524           506           445           472 
 447           467           394           406           448           424           463           500 
 517           697           724           715           850           883           1032          1042 
 1088          1138          1157          1239          1362          1479          1809          2332 
 2989          3889          4838          5847          6759          7288          7799          7716 
 7461          7378          7124          7088          7205          7485          7756          8038 
 7959          7598          6961          5881          4969          3839          3066          2380 
 1753          1261          1076          804           647           543           456           365 
 349           323           305           267           282           262           285           293 
 270           251           291           255           222           238           232           218 
 249           230           215           249           213           205           210           219 
 227           203           202           191           161           193           190           171 
 170           179           181           183           176           168           183           172 
 154           155           156           162           132           145           113           138 
 137           124           130           113           103           115           116           124 
 100           113           110           105           116           97            102           107 
 94            99            90            106           84            84            79            90 
 91            76            72            78            78            94            88            71 
 64            78            82            91            82            79            81            72 
 72            86            71            77            65            55            80            63 
 62            66            59            64            55            46            54            58 
 50            53            45            44            39            59            56            52 
 44            45            40            46            49            43            48            45 
 51            28            43            34            39            45            40            31 
 49            40            40            35            31            39            39            32 
 23            37            36            41            42            31            49            34 
 39            30            35            33            40            34            29            35 
 36            27            29            34            44            36            27            42 
 26            27            29            32            43            32            31            33 
 29            27            26            34            24            26            17            28 
 25            27            31            29            29            27            31            31 
 25            28            31            32            24            40            36            31 
 25            39            32            27            19            26            41            37 
 32            27            38            36            29            35            38            35 
 24            31            39            31            45            31            38            29 
 35            42            38            37            38            34            39            27 
 38            45            37            28            37            31            18            23 
 22            28            21            26            23            28            20            15 
 20            16            25            24            19            20            16            20 
 23            19            12            16            20            15            13            14 
 18            15            20            19            15            13            17            17 
 9             17            14            10            11            12            11            16 
 18            8             12            11            12            16            10            12 
 8             12            14            12            8             13            13            11 
 6             10            16            17            10            13            13            9 
 13            10            14            9             11            7             13            10 
 6             9             14            11            9             16            11            14 
 3             18            15            14            16            7             12            11 
 14            9             12            14            10            9             8             17 
 8             4             13            9             9             16            9             8 
 8             14            11            13            15            14            8             7 
 12            18            8             11            18            7             8             6 
 6             6             7             10            7             12            16            4 
 11            14            9             5             10            12            11            6 
 7             11            8             5             5             11            11            7 
 6             12            10            3             10            11            14            5 
 10            7             12            7             6             8             5             13 
 7             10            8             10            12            6             10            7 
 10            9             8             8             7             10            3             10 
 2             8             12            6             9             8             17            9 
 3             6             9             8             13            12            7             3 
 8             6             8             11            8             11            6             8 
 7             6             10            7             12            7             11            2 
 4             8             7             6             8             5             12            4 
 11            9             8             11            5             9             6             5 
 8             8             9             10            7             5             7             7 
 6             3             13            8             7             4             3             6 
 9             6             4             5             9             5             4             6 
 5             2             9             6             4             3             9             1 
 3             3             5             3             6             8             6             5 
 5             7             2             2             8             2             5             3 
 4             3             4             1             4             5             10            6 
 6             6             3             1             2             8             8             7 
 4             3             6             7             10            3             8             8 
 8             8             6             4             6             5             7             5 
 4             4             6             10            3             3             4             8 
 6             11            6             4             6             8             4             7 
 5             5             15            10            11            10            6             6 
 10            6             9             7             6             8             10            10 
 11            5             13            6             3             12            8             4 
 12            9             11            8             2             5             0             2 
 6             4             6             4             4             8             8             3 
 2             6             5             0             6             6             2             3 
 5             6             5             1             5             3             4             3 
 1             1             2             6             2             2             3             1 
 3             2             2             1             3             1             3             2 
 1             1             4             2             0             2             1             2 
 1             3             0             2             1             2             0             1 
 0             2             2             0             0             4             1             2 
 0             4             1             1             1             1             3             2 
 2             2             0             2             1             1             1             2 
 1             2             3             0             1             4             2             2 
 0             3             3             1             3             0             1             2 
 3             3             2             3             3             3             0             4 
 1             3             3             1             1             3             3             2 
 4             2             2             4             1             2             2             0 
 2             1             0             1             0             1             2             1 
 1             1             3             0             6             1             1             0 
 1             2             0             0             2             1             0             1 
 4             0             2             1             1             2             1             0 
 2             2             1             3             4             1             1             0 
 4             1             2             1             0             1             2             1 
 1             2             1             2             3             1             1             3 
 1             0             1             0             1             1             1             0 
 0             1             1             1             1             0             0             1 
 1             1             0             1             0             1             1             1 
 0             1             1             0             0             1             0             0 
 1             0             2             1             1             0             0             0 
 0             1             1             1             1             0             0             0 
 1             2             1             0             3             0             1             3 
 1             2             1             2             2             0             0             0 
 2             1             0             2             1             1             0             0 
 0             2             1             2             0             2             0             2 
 1             2             0             0             1             0             2             1 
 1             0             1             1             1             0             1             1 
 1             0             0             1             1             0             1             0 
 0             0             0             3             1             1             2             1 
 0             0             0             3             0             1             1             0 
 1             1             0             0             3             0             1             2 
 2             1             0             0             0             1             2             1 
 1             1             4             0             1             0             1             0 
 0             4             0             0             0             0             0             1 
 1             1             2             1             2             0             1             0 
 0             2             0             0             0             0             1             1 
 0             0             0             1             3             1             2             0 
 0             1             0             0             1             0             1             1 
