$SPEC_ID:
bMCA Spectrum
$DATE_MEA:
06-24-2022  07:52:00
$MEAS_TIM:
 0             0
$DEVICE_ID:
bMCA 06201013
$ACQ_SETTINGS:
 2             60            1000          4             4095 
$HRDW_PARAMS:
PHA
 810
 3             3276          5 
 7             0             1023 
 80            25            45 
 1             1 
$SPEC_CAL:
-22.21111      2.09241       9.752878E-05
$MCA_CAL:
3
-22.21111      2.09241       9.752878E-05
$ROI:
 49            79            255           1            57Co
$DATA:
 0             1023 
 0             0             0             0             0             0             0             0 
 0             0             0             0             0             0             0             0 
 0             0             0             0             0             0             0             0 
 0             0             0             0             0             0             0             0 
 0             0             0             0             0             0             0             0 
 0             0             0             0             0             0             0             0 
 0             0             0             0             0             0             0             0 
 0             0             0             0             0             0             0             0 
 0             0             0             0             0             0             0             0 
 0             0             0             0             0             0             0             0 
 0             0             0             0             0             0             0             0 
 0             0             0             0             0             0             0             0 
 0             0             0             0             0             0             0             0 
 0             0             0             0             0             0             0             0 
 0             0             0             0             0             0             0             0 
 0             0             0             0             0             0             0             0 
 0             0             0             0             0             0             0             0 
 0             0             0             0             0             0             0             0 
 0             0             0             0             0             0             0             0 
 0             0             0             0             0             0             0             0 
 0             0             0             0             0             0             0             0 
 0             0             0             0             0             0             0             0 
 0             0             0             0             0             0             0             0 
 0             0             0             0             0             0             0             0 
 0             0             0             0             0             0             0             0 
 0             0             0             0             0             0             0             0 
 0             0             0             0             0             0             0             0 
 0             0             0             0             0             0             0             0 
 0             0             0             0             0             0             0             0 
 0             0             0             0             0             0             0             0 
 0             0             0             0             0             0             0             0 
 0             0             0             0             0             0             0             0 
 0             0             0             0             0             0             0             0 
 0             0             0             0             0             0             0             0 
 0             0             0             0             0             0             0             0 
 0             0             0             0             0             0             0             0 
 0             0             0             0             0             0             0             0 
 0             0             0             0             0             0             0             0 
 0             0             0             0             0             0             0             0 
 0             0             0             0             0             0             0             0 
 0             0             0             0             0             0             0             0 
 0             0             0             0             0             0             0             0 
 0             0             0             0             0             0             0             0 
 0             0             0             0             0             0             0             0 
 0             0             0             0             0             0             0             0 
 0             0             0             0             0             0             0             0 
 0             0             0             0             0             0             0             0 
 0             0             0             0             0             0             0             0 
 0             0             0             0             0             0             0             0 
 0             0             0             0             0             0             0             0 
 0             0             0             0             0             0             0             0 
 0             0             0             0             0             0             0             0 
 0             0             0             0             0             0             0             0 
 0             0             0             0             0             0             0             0 
 0             0             0             0             0             0             0             0 
 0             0             0             0             0             0             0             0 
 0             0             0             0             0             0             0             0 
 0             0             0             0             0             0             0             0 
 0             0             0             0             0             0             0             0 
 0             0             0             0             0             0             0             0 
 0             0             0             0             0             0             0             0 
 0             0             0             0             0             0             0             0 
 0             0             0             0             0             0             0             0 
 0             0             0             0             0             0             0             0 
 0             0             0             0             0             0             0             0 
 0             0             0             0             0             0             0             0 
 0             0             0             0             0             0             0             0 
 0             0             0             0             0             0             0             0 
 0             0             0             0             0             0             0             0 
 0             0             0             0             0             0             0             0 
 0             0             0             0             0             0             0             0 
 0             0             0             0             0             0             0             0 
 0             0             0             0             0             0             0             0 
 0             0             0             0             0             0             0             0 
 0             0             0             0             0             0             0             0 
 0             0             0             0             0             0             0             0 
 0             0             0             0             0             0             0             0 
 0             0             0             0             0             0             0             0 
 0             0             0             0             0             0             0             0 
 0             0             0             0             0             0             0             0 
 0             0             0             0             0             0             0             0 
 0             0             0             0             0             0             0             0 
 0             0             0             0             0             0             0             0 
 0             0             0             0             0             0             0             0 
 0             0             0             0             0             0             0             0 
 0             0             0             0             0             0             0             0 
 0             0             0             0             0             0             0             0 
 0             0             0             0             0             0             0             0 
 0             0             0             0             0             0             0             0 
 0             0             0             0             0             0             0             0 
 0             0             0             0             0             0             0             0 
 0             0             0             0             0             0             0             0 
 0             0             0             0             0             0             0             0 
 0             0             0             0             0             0             0             0 
 0             0             0             0             0             0             0             0 
 0             0             0             0             0             0             0             0 
 0             0             0             0             0             0             0             0 
 0             0             0             0             0             0             0             0 
 0             0             0             0             0             0             0             0 
 0             0             0             0             0             0             0             0 
 0             0             0             0             0             0             0             0 
 0             0             0             0             0             0             0             0 
 0             0             0             0             0             0             0             0 
 0             0             0             0             0             0             0             0 
 0             0             0             0             0             0             0             0 
 0             0             0             0             0             0             0             0 
 0             0             0             0             0             0             0             0 
 0             0             0             0             0             0             0             0 
 0             0             0             0             0             0             0             0 
 0             0             0             0             0             0             0             0 
 0             0             0             0             0             0             0             0 
 0             0             0             0             0             0             0             0 
 0             0             0             0             0             0             0             0 
 0             0             0             0             0             0             0             0 
 0             0             0             0             0             0             0             0 
 0             0             0             0             0             0             0             0 
 0             0             0             0             0             0             0             0 
 0             0             0             0             0             0             0             0 
 0             0             0             0             0             0             0             0 
 0             0             0             0             0             0             0             0 
 0             0             0             0             0             0             0             0 
 0             0             0             0             0             0             0             0 
 0             0             0             0             0             0             0             0 
 0             0             0             0             0             0             0             0 
 0             0             0             0             0             0             0             0 
 0             0             0             0             0             0             0             0 
 0             0             0             0             0             0             0             0 
 0             0             0             0             0             0             0             0 
