$SPEC_ID:
bMCA Spectrum
$DATE_MEA:
06-22-2022  10:22:50
$MEAS_TIM:
 118.98        120
$DEVICE_ID:
bMCA 06201013
$ACQ_SETTINGS:
 2             120           1000          4             4095 
$HRDW_PARAMS:
PHA
 800
 3             3276          5 
 7             0             1023 
 80            25            45 
 1             1 
$SPEC_CAL:
-21.61505      2.251173      8.800329E-05
$MCA_CAL:
3
-21.61505      2.251173      8.800329E-05
$ROI:
 45            74            32768         1            57Co
$DATA:
 0             1023 
 2             4             5             12            18            43            64            84 
 142           140           146           159           167           142           158           159 
 169           188           210           228           253           280           253           240 
 234           212           197           194           223           207           250           256 
 284           283           368           358           449           501           508           576 
 557           582           569           594           700           798           921           1220 
 1481          1901          2367          2884          3390          3595          3796          3908 
 3785          3620          3530          3546          3728          3736          3968          3936 
 3989          3759          3453          2920          2517          1948          1594          1179 
 898           722           565           458           341           289           257           202 
 185           184           190           175           127           153           158           167 
 138           153           143           152           140           131           151           139 
 141           119           157           140           138           126           121           124 
 125           121           109           115           127           117           130           111 
 114           115           113           111           116           93            104           79 
 90            96            89            89            92            70            68            77 
 87            78            81            93            66            66            59            75 
 64            72            69            77            71            55            60            56 
 59            61            62            53            63            57            51            59 
 42            44            40            60            52            52            40            39 
 39            52            48            33            55            44            44            31 
 45            39            33            48            48            39            36            41 
 47            40            35            34            28            35            48            30 
 37            28            33            34            33            24            25            37 
 27            21            26            30            23            31            25            29 
 22            38            33            27            33            21            32            24 
 20            28            20            16            23            20            35            23 
 18            27            38            26            22            23            31            22 
 13            24            17            28            24            19            15            24 
 21            25            27            23            22            16            22            20 
 22            18            20            14            11            19            17            20 
 24            21            19            18            16            23            18            18 
 17            19            13            21            20            24            15            28 
 15            21            23            19            24            21            19            9 
 21            20            22            22            21            14            20            23 
 20            18            16            19            18            24            27            23 
 18            22            22            22            12            31            28            23 
 25            28            16            19            22            16            21            23 
 21            27            27            18            23            22            25            14 
 13            17            13            12            23            13            14            21 
 16            14            7             12            15            17            10            15 
 14            9             8             13            9             8             9             13 
 7             12            15            8             11            3             7             11 
 11            6             12            9             8             12            10            10 
 11            11            10            14            9             11            10            9 
 8             7             14            9             7             10            11            8 
 13            5             13            9             10            10            3             8 
 9             9             10            8             9             8             5             14 
 9             6             7             7             9             8             10            8 
 7             5             9             2             9             4             10            8 
 10            10            11            11            10            9             11            12 
 9             9             7             10            5             9             9             9 
 7             11            9             6             8             6             4             9 
 6             8             7             9             12            5             6             4 
 6             11            11            7             3             8             5             6 
 5             8             9             5             6             6             5             6 
 6             5             4             8             9             12            8             4 
 6             3             10            8             1             7             11            5 
 7             5             9             5             6             7             4             9 
 6             9             8             4             5             7             6             9 
 7             3             5             5             11            10            15            3 
 8             5             10            7             8             4             6             16 
 9             9             9             8             9             11            8             10 
 5             9             7             7             9             7             7             4 
 13            8             5             3             7             10            6             6 
 9             10            5             3             10            7             7             4 
 6             8             5             6             6             9             9             3 
 7             4             8             4             10            3             5             5 
 5             2             4             7             4             2             2             3 
 6             3             4             8             5             6             1             3 
 4             4             5             2             3             4             4             7 
 3             6             2             2             10            3             6             4 
 11            9             5             6             2             5             3             4 
 7             4             2             4             3             6             5             3 
 4             4             5             3             4             2             1             3 
 5             2             3             2             1             4             4             2 
 1             6             3             4             5             4             5             5 
 4             7             2             7             4             7             6             6 
 5             5             7             6             3             6             4             2 
 4             9             8             3             4             10            6             3 
 10            2             4             3             4             5             7             2 
 7             3             3             6             2             4             1             3 
 4             2             3             6             3             3             3             1 
 3             3             4             4             2             4             3             2 
 0             2             4             2             2             2             1             2 
 0             4             1             2             3             3             1             1 
 1             4             3             3             3             1             2             0 
 2             2             0             2             1             2             2             1 
 2             0             0             0             0             0             0             1 
 0             1             0             0             1             1             1             0 
 0             1             3             1             2             1             1             0 
 2             0             0             0             3             0             0             1 
 2             1             3             0             2             0             0             0 
 0             2             1             0             2             2             0             1 
 1             0             3             0             1             1             1             0 
 0             0             1             0             0             2             1             2 
 0             1             2             2             2             1             3             0 
 2             1             0             0             0             0             1             0 
 0             1             1             1             1             0             0             1 
 3             0             1             3             1             1             0             1 
 2             1             1             0             0             1             1             0 
 0             0             1             0             0             0             0             0 
 1             0             0             1             1             1             0             2 
 0             1             1             1             0             0             0             1 
 0             0             0             0             1             2             2             0 
 0             0             0             0             1             0             0             0 
 0             1             0             0             1             0             0             1 
 1             3             0             0             0             0             1             0 
 0             0             0             0             1             1             0             1 
 2             0             0             0             0             0             1             0 
 0             0             0             0             0             0             0             0 
 0             0             0             0             1             2             1             1 
 0             0             1             1             0             0             0             1 
 3             0             1             0             0             0             1             0 
 0             0             1             0             2             2             0             0 
 1             1             2             0             0             0             0             0 
 0             0             0             0             0             0             0             0 
 0             0             1             0             1             0             1             1 
 1             1             0             0             0             0             0             0 
 0             1             1             1             1             0             0             0 
 0             1             0             1             1             0             1             1 
 1             0             1             2             0             1             0             0 
 1             1             0             0             0             0             0             0 
 2             0             0             0             0             0             0             0 
 0             1             0             0             1             0             0             0 
 0             0             0             0             0             0             1             0 
 1             0             0             1             2             1             0             1 
 1             0             1             0             0             0             0             1 
