$SPEC_ID:
bMCA Spectrum
$DATE_MEA:
06-24-2022  08:20:53
$MEAS_TIM:
 118.96        120
$DEVICE_ID:
bMCA 06201013
$ACQ_SETTINGS:
 2             120           1000          4             4095 
$HRDW_PARAMS:
PHA
 810
 3             3276          5 
 7             0             1023 
 80            25            45 
 1             1 
$SPEC_CAL:
-22.21111      2.09241       9.752878E-05
$MCA_CAL:
3
-22.21111      2.09241       9.752878E-05
$ROI:
 49            79            255           1            57Co
$DATA:
 0             1023 
 3             11            14            20            20            39            66            90 
 121           142           185           189           210           190           184           176 
 190           198           211           251           221           209           244           228 
 240           195           177           181           188           181           201           212 
 203           212           247           285           299           364           375           452 
 441           521           579           598           555           572           599           655 
 735           909           1010          1337          1688          2172          2578          3065 
 3464          3775          3831          3806          3790          3837          3640          3705 
 3742          3814          4036          3892          3955          3894          3499          3056 
 2564          2005          1556          1234          931           713           532           455 
 363           301           199           219           173           156           170           164 
 145           122           122           136           117           96            121           125 
 105           125           126           118           90            109           107           113 
 89            89            85            106           83            77            100           96 
 103           89            95            103           82            88            82            72 
 77            87            81            79            61            82            73            69 
 68            83            68            70            60            71            66            66 
 58            68            52            64            64            46            52            50 
 63            40            55            41            60            54            49            45 
 43            43            47            27            48            40            54            48 
 50            29            43            29            45            36            41            37 
 40            38            39            27            30            35            32            46 
 35            36            32            37            25            30            29            30 
 32            42            29            40            24            20            24            22 
 19            22            27            22            16            19            18            25 
 27            27            18            31            15            20            17            25 
 19            14            31            18            26            17            19            21 
 20            28            23            16            17            13            18            17 
 17            13            13            21            13            11            15            14 
 11            19            20            17            23            19            14            16 
 17            15            15            13            15            17            15            22 
 10            11            19            18            12            19            17            15 
 10            15            15            17            15            12            24            21 
 20            18            20            17            17            7             6             15 
 16            10            15            21            11            19            18            12 
 10            11            11            18            13            16            19            11 
 12            9             11            13            12            13            15            11 
 17            14            12            14            17            10            8             5 
 14            13            11            17            19            19            14            17 
 16            12            11            21            16            14            16            16 
 15            15            15            23            16            9             14            18 
 16            14            9             11            10            15            15            11 
 11            5             12            11            10            9             9             3 
 5             5             9             14            8             6             6             7 
 9             6             10            7             5             4             6             9 
 7             5             7             9             10            6             8             0 
 5             12            9             3             10            7             3             5 
 9             9             6             4             4             4             4             12 
 4             4             4             3             6             7             4             5 
 4             6             6             3             2             4             5             2 
 6             7             3             4             8             7             5             5 
 4             5             5             6             5             1             8             4 
 3             4             6             8             4             6             8             3 
 6             6             4             8             5             9             2             6 
 6             7             3             5             5             6             9             6 
 2             4             8             4             5             4             7             7 
 4             6             11            5             6             5             3             1 
 6             2             4             2             2             9             1             7 
 6             4             8             2             5             3             5             5 
 4             4             2             4             6             2             5             4 
 4             2             3             3             0             6             4             3 
 3             4             7             4             2             6             3             5 
 2             2             3             2             3             5             5             1 
 5             5             1             1             2             4             6             7 
 2             3             1             4             4             3             2             4 
 2             8             2             4             8             2             2             1 
 2             1             5             6             4             4             4             1 
 6             2             2             2             3             0             5             6 
 3             7             5             3             3             3             2             2 
 1             5             2             2             4             1             3             2 
 4             2             5             1             2             4             1             5 
 3             6             1             5             8             1             2             0 
 1             6             3             2             5             4             3             1 
 1             5             2             4             3             3             1             1 
 4             2             2             2             3             4             3             1 
 1             2             2             1             3             1             1             0 
 3             2             1             2             6             2             1             2 
 0             2             1             3             0             0             1             3 
 3             7             2             1             2             1             2             2 
 3             1             1             3             2             1             0             4 
 2             5             4             3             0             5             4             2 
 3             7             0             4             1             0             0             1 
 6             2             1             2             3             1             3             2 
 5             4             1             3             3             6             5             2 
 3             2             6             1             2             5             3             1 
 4             3             3             3             4             1             3             4 
 6             4             6             5             6             3             5             2 
 4             2             5             2             5             2             5             1 
 3             3             2             1             2             4             2             6 
 3             1             2             4             1             1             1             1 
 2             1             1             4             0             1             2             1 
 1             2             2             1             1             0             1             1 
 0             1             3             1             0             0             0             1 
 3             0             0             1             1             2             3             1 
 1             0             1             2             1             1             0             1 
 1             0             0             1             0             0             0             1 
 0             0             2             0             0             0             0             0 
 1             1             1             0             1             0             1             2 
 0             1             2             1             0             1             0             0 
 1             1             0             0             1             0             0             0 
 0             0             0             1             0             0             0             2 
 2             0             0             1             2             1             0             1 
 1             0             1             1             0             2             0             2 
 0             0             1             2             4             1             0             0 
 1             0             2             1             2             1             1             1 
 0             1             1             1             1             1             0             0 
 1             1             1             1             0             0             0             0 
 2             1             0             0             0             0             0             2 
 0             1             0             2             0             1             0             1 
 1             0             2             2             0             0             0             0 
 0             1             1             0             1             0             1             0 
 0             0             0             0             0             1             0             0 
 0             0             1             1             0             1             0             2 
 0             1             0             1             0             1             0             0 
 0             0             2             0             0             0             0             1 
 0             1             1             0             0             0             0             0 
 0             0             1             0             0             1             0             0 
 1             0             1             0             0             0             0             1 
 0             0             0             0             0             0             0             1 
 0             0             0             1             1             1             0             0 
 0             1             0             1             2             0             0             0 
 0             0             0             1             0             1             0             0 
 0             0             0             0             0             1             0             0 
 1             0             0             2             0             0             2             0 
 0             0             0             0             0             1             2             1 
 0             0             1             0             0             1             1             1 
 0             0             0             1             1             1             1             0 
 0             0             0             0             0             1             0             0 
