$SPEC_ID:
bMCA Spectrum
$DATE_MEA:
06-24-2022  08:32:45
$MEAS_TIM:
 178.465       180
$DEVICE_ID:
bMCA 06201013
$ACQ_SETTINGS:
 2             180           1000          4             4095 
$HRDW_PARAMS:
PHA
 810
 3             3276          5 
 7             0             1023 
 80            25            45 
-1            -1 
$SPEC_CAL:
-22.21111      2.09241       9.752878E-05
$MCA_CAL:
3
-22.21111      2.09241       9.752878E-05
$ROI:
 49            79            255           1            57Co
$DATA:
 0             1023 
 7             5             17            27            47            61            91            133 
 167           212           261           262           228           275           229           270 
 254           287           257           317           313           361           351           313 
 313           292           270           252           251           250           249           292 
 309           342           351           403           476           544           537           645 
 699           728           794           811           840           873           935           959 
 1109          1324          1670          2060          2676          3251          3960          4654 
 5158          5610          5709          5742          5768          5583          5446          5521 
 5720          5779          5938          6010          5966          5668          5123          4348 
 3773          2918          2345          1804          1362          1060          746           674 
 521           431           360           325           265           231           208           203 
 206           176           179           174           201           168           184           175 
 145           147           163           170           149           153           151           168 
 165           152           142           154           151           139           141           148 
 139           147           152           123           127           120           118           138 
 125           102           132           103           97            88            108           102 
 86            101           90            107           100           112           89            82 
 97            102           102           88            70            76            76            63 
 65            70            82            78            71            85            86            57 
 72            68            69            72            60            64            59            53 
 60            63            51            63            66            66            76            60 
 53            59            49            62            55            67            46            47 
 43            58            47            58            42            36            40            42 
 53            37            53            51            39            51            33            36 
 38            36            46            51            25            35            38            33 
 24            35            24            31            30            27            27            24 
 26            28            31            29            29            29            21            21 
 29            28            24            19            18            30            23            33 
 27            22            26            19            26            33            21            22 
 17            21            21            21            14            20            19            13 
 33            23            29            30            26            22            21            22 
 26            22            25            22            26            22            27            19 
 19            23            22            22            28            24            20            21 
 12            19            24            21            26            21            20            26 
 21            30            25            22            14            13            13            11 
 22            16            15            17            21            15            21            25 
 16            15            19            16            18            18            20            17 
 27            24            17            20            20            17            28            27 
 26            11            24            25            33            22            19            14 
 29            26            27            22            25            19            23            18 
 19            20            18            26            18            17            17            17 
 19            17            17            19            17            13            14            16 
 18            13            13            9             14            11            14            13 
 9             8             9             16            11            17            8             9 
 14            15            12            7             9             12            14            17 
 8             11            13            7             9             14            12            8 
 2             6             12            8             3             16            5             8 
 6             8             7             5             9             3             8             10 
 13            9             9             6             8             10            5             5 
 10            10            11            7             11            6             13            2 
 12            8             9             6             10            7             9             12 
 8             19            3             10            9             7             5             3 
 5             7             5             6             11            5             8             7 
 8             6             13            9             3             5             10            5 
 6             11            7             12            4             7             9             5 
 6             1             10            13            7             6             10            6 
 8             5             7             4             8             14            4             7 
 3             6             8             7             7             6             10            5 
 6             7             3             5             6             5             9             5 
 8             9             4             7             7             7             2             8 
 4             5             10            3             7             2             8             6 
 5             1             7             4             2             8             6             4 
 5             7             4             4             2             10            5             5 
 4             4             7             3             8             8             6             12 
 3             2             3             5             7             8             4             3 
 6             4             5             5             7             2             4             5 
 7             6             9             3             9             10            5             5 
 3             4             5             2             5             8             6             7 
 9             5             5             6             3             3             3             5 
 5             7             2             4             7             6             3             5 
 5             4             3             5             10            9             4             7 
 2             1             3             7             3             3             5             9 
 7             2             7             3             6             2             2             4 
 5             5             6             5             4             5             5             2 
 3             3             1             5             3             2             4             5 
 5             5             6             4             3             4             2             1 
 3             8             4             0             6             7             3             5 
 1             3             3             2             2             2             4             4 
 6             1             2             2             6             3             6             3 
 1             2             3             2             1             2             1             3 
 4             0             5             4             0             2             3             3 
 7             2             6             3             0             4             5             3 
 1             5             2             5             5             1             4             7 
 2             7             1             6             9             7             5             5 
 11            7             10            10            5             3             4             3 
 10            5             3             5             7             8             9             11 
 8             4             4             4             9             7             5             6 
 5             10            7             3             4             4             3             5 
 3             8             7             5             9             7             4             4 
 3             4             2             1             3             4             2             4 
 1             3             5             4             2             1             1             2 
 1             3             4             3             4             4             2             2 
 0             3             0             2             1             0             1             2 
 0             1             1             1             0             2             3             1 
 0             0             1             2             2             1             1             2 
 1             2             2             3             2             0             2             0 
 1             0             0             1             4             0             1             0 
 2             1             0             0             1             3             2             0 
 1             0             0             1             0             0             2             0 
 0             0             1             1             0             2             1             1 
 0             4             1             2             0             1             0             1 
 1             4             2             2             1             0             2             0 
 1             1             1             1             0             2             1             0 
 3             0             3             1             1             1             3             1 
 3             1             3             1             2             2             1             1 
 1             0             1             1             0             1             2             3 
 0             0             4             2             1             2             2             0 
 0             2             0             0             0             1             0             1 
 1             0             0             2             0             1             0             1 
 0             2             1             2             0             1             0             1 
 1             3             0             1             0             0             2             1 
 0             0             1             0             0             0             0             1 
 1             1             0             0             0             0             1             0 
 2             0             2             1             1             0             2             0 
 1             1             0             0             0             0             0             0 
 0             1             0             0             0             1             0             0 
 0             0             1             0             0             0             1             0 
 1             0             0             0             0             0             0             2 
 0             0             1             2             0             0             0             0 
 1             0             0             1             0             0             1             1 
 1             0             0             0             0             1             0             3 
 2             0             0             0             0             0             1             0 
 0             1             0             1             0             1             3             1 
 1             0             2             2             0             0             0             0 
 0             1             1             0             1             0             0             1 
 2             1             0             1             0             0             0             0 
 0             0             2             1             0             1             2             0 
 1             1             1             2             1             1             0             1 
