$SPEC_ID:
bMCA Spectrum
$DATE_MEA:
06-24-2022  10:26:40
$MEAS_TIM:
 118.955       120
$DEVICE_ID:
bMCA 06201013
$ACQ_SETTINGS:
 2             120           1000          4             4095 
$HRDW_PARAMS:
PHA
 790
 3             3276          5 
 7             0             1023 
 80            25            45 
-1            -1 
$SPEC_CAL:
-21.59134      2.380025      1.831466E-04
$MCA_CAL:
3
-21.59134      2.380025      1.831466E-04
$ROI:
 40            70            255           1            57Co
$DATA:
 0             1023 
 7             7             11            22            49            77            87            134 
 138           177           175           150           163           174           179           196 
 191           222           298           288           278           273           244           223 
 217           199           239           221           296           258           304           377 
 414           479           562           563           587           609           675           689 
 757           869           1041          1269          1743          2238          2914          3349 
 3942          4163          4175          4244          4070          3756          3885          4021 
 3959          4133          4289          4383          4205          3912          3486          2830 
 2240          1730          1287          892           669           547           395           297 
 241           215           177           174           149           172           163           159 
 159           145           153           136           142           122           118           129 
 141           130           119           110           111           125           119           107 
 121           141           102           97            93            98            106           99 
 107           76            99            98            96            76            94            85 
 82            102           87            79            69            59            84            70 
 54            69            75            65            60            61            65            64 
 62            69            79            65            60            71            57            62 
 58            40            38            47            54            47            42            52 
 49            43            45            48            42            35            47            38 
 31            48            44            33            63            38            36            39 
 39            30            35            34            32            24            35            29 
 30            39            37            31            29            29            27            26 
 25            36            27            18            26            16            22            21 
 21            25            30            26            13            21            28            25 
 27            30            30            15            33            28            26            20 
 25            18            32            24            22            17            25            22 
 15            20            18            23            27            18            19            14 
 23            14            12            20            21            22            14            22 
 28            18            20            17            11            15            11            20 
 21            20            20            11            17            14            13            12 
 16            14            15            12            15            15            14            23 
 18            19            17            18            19            13            17            16 
 16            23            14            16            20            20            18            19 
 17            22            20            14            17            16            29            18 
 29            19            16            22            20            19            10            16 
 13            16            18            14            17            18            15            7 
 15            18            16            14            16            14            11            9 
 11            10            7             10            9             9             16            10 
 9             12            6             7             5             7             9             11 
 8             9             7             13            7             6             6             9 
 12            10            8             7             3             11            10            9 
 8             7             3             7             8             6             6             9 
 8             5             4             8             5             6             5             4 
 10            11            8             11            5             11            4             10 
 10            13            4             10            7             5             6             7 
 3             6             7             12            11            6             8             3 
 1             6             6             6             8             5             4             7 
 9             7             7             8             6             3             4             4 
 8             4             4             7             3             8             5             6 
 13            6             5             4             8             5             6             6 
 7             2             4             5             5             7             6             5 
 3             6             10            2             1             7             6             5 
 9             3             7             4             9             5             8             3 
 4             2             6             4             9             5             5             4 
 9             5             4             2             5             2             6             6 
 9             9             5             5             5             5             9             5 
 5             4             6             3             5             5             6             6 
 7             5             4             11            2             4             7             9 
 2             6             9             7             1             3             2             2 
 6             8             3             8             4             6             9             6 
 0             5             4             6             7             4             4             5 
 6             4             2             2             5             4             6             3 
 2             3             2             3             6             4             5             2 
 7             5             4             3             3             2             5             3 
 5             2             7             1             3             4             2             0 
 5             6             1             4             2             1             3             5 
 3             1             6             5             3             2             2             4 
 2             1             2             2             2             1             1             3 
 3             6             2             1             2             0             4             8 
 5             1             3             2             2             4             3             6 
 0             2             2             2             4             4             5             6 
 5             4             3             2             5             4             2             4 
 3             6             4             4             5             3             8             4 
 5             1             5             1             5             4             6             5 
 3             5             3             1             9             2             4             6 
 6             5             5             3             6             2             4             4 
 1             5             3             4             3             3             5             2 
 4             2             1             2             4             0             2             2 
 3             3             1             0             5             1             0             1 
 5             4             1             2             3             1             1             3 
 3             1             0             2             1             4             0             2 
 0             1             1             0             1             0             0             0 
 2             1             0             1             1             1             2             2 
 0             1             1             1             0             1             2             2 
 1             0             1             0             0             1             1             0 
 0             1             0             0             2             1             0             2 
 0             2             0             1             1             1             0             0 
 1             2             0             1             4             1             0             1 
 0             1             3             1             0             0             0             3 
 1             1             0             0             1             0             0             1 
 0             2             0             0             0             0             2             1 
 0             0             0             0             1             0             1             1 
 0             0             0             1             1             0             2             0 
 0             0             1             0             0             0             0             0 
 0             0             1             1             0             0             0             0 
 1             1             0             2             1             0             0             2 
 1             1             1             2             0             0             0             1 
 1             0             0             0             0             0             0             2 
 0             0             1             1             1             0             0             1 
 2             1             0             1             1             0             1             0 
 0             1             0             1             2             0             0             0 
 0             0             0             0             1             0             0             0 
 1             0             2             0             0             0             1             0 
 0             0             0             2             2             0             1             0 
 3             1             0             4             0             0             0             0 
 0             0             0             0             0             0             0             0 
 0             1             0             0             0             0             0             0 
 0             1             0             0             0             0             0             1 
 0             1             1             1             0             0             0             0 
 0             0             0             0             0             3             0             0 
 1             0             0             0             1             0             0             1 
 0             0             1             0             1             1             0             0 
 0             1             0             0             2             0             0             0 
 0             1             0             0             1             0             1             0 
 0             0             0             0             1             0             0             1 
 0             0             0             1             0             0             0             0 
 0             1             0             0             0             0             0             1 
 0             0             1             0             0             0             0             0 
 0             0             0             0             0             1             0             0 
 0             0             0             0             0             1             1             0 
 0             1             0             0             0             0             0             0 
 0             2             0             1             0             1             0             0 
 0             1             0             0             0             0             0             0 
 0             0             0             0             0             0             0             0 
 2             0             0             0             0             0             0             1 
 0             0             1             0             1             0             0             0 
 0             0             0             0             0             0             0             0 
 0             1             0             0             0             0             0             0 
