$SPEC_ID:
bMCA Spectrum
$DATE_MEA:
06-22-2022  10:28:53
$MEAS_TIM:
 118.975       120
$DEVICE_ID:
bMCA 06201013
$ACQ_SETTINGS:
 2             120           1000          4             4095 
$HRDW_PARAMS:
PHA
 800
 3             3276          5 
 7             0             1023 
 80            25            45 
 1             1 
$SPEC_CAL:
-21.61505      2.251173      8.800329E-05
$MCA_CAL:
3
-21.61505      2.251173      8.800329E-05
$ROI:
 45            74            32768         1            57Co
$DATA:
 0             1023 
 3             6             8             14            32            32            66            95 
 129           142           144           147           152           140           139           146 
 189           186           200           230           247           252           247           253 
 195           196           222           226           216           213           223           249 
 273           335           372           372           457           470           527           511 
 547           570           599           615           740           781           896           1118 
 1502          1867          2450          2971          3314          3743          3872          3954 
 3743          3752          3649          3540          3726          3753          3927          4053 
 3976          3737          3442          3046          2492          2074          1547          1174 
 930           654           525           404           342           310           241           217 
 194           198           150           149           169           171           147           148 
 160           135           170           148           159           136           139           130 
 138           137           141           142           117           148           109           113 
 129           115           125           102           126           95            104           94 
 110           98            100           115           99            106           85            87 
 82            102           83            101           76            78            85            79 
 75            84            65            82            65            84            86            64 
 63            62            71            55            57            49            67            61 
 59            65            51            66            58            47            51            44 
 50            55            42            41            52            56            61            48 
 44            47            37            56            39            46            40            51 
 40            49            41            38            34            29            33            42 
 36            28            31            39            27            30            37            41 
 30            34            32            29            29            29            24            31 
 26            30            35            31            30            28            23            28 
 23            26            15            25            29            26            22            25 
 20            25            23            23            22            26            28            23 
 36            25            22            26            25            23            26            21 
 22            16            29            18            21            27            27            20 
 25            24            20            38            16            15            15            20 
 13            22            29            27            15            15            22            20 
 25            17            26            18            25            26            24            21 
 25            17            17            15            17            15            18            19 
 12            16            15            17            21            21            21            24 
 21            25            19            22            16            19            11            20 
 21            22            20            20            18            21            32            29 
 30            19            23            25            31            22            22            28 
 35            22            26            26            24            23            26            25 
 27            34            18            14            13            20            19            17 
 13            17            16            12            15            15            12            17 
 14            13            20            16            13            10            21            11 
 11            16            12            8             12            8             13            11 
 11            11            4             10            10            7             10            4 
 8             6             6             7             7             12            13            15 
 12            5             8             14            11            6             15            12 
 4             4             1             13            11            7             11            8 
 8             7             11            13            9             13            15            8 
 7             8             11            6             10            7             5             8 
 16            13            4             11            8             8             7             6 
 16            10            6             4             13            7             4             8 
 6             8             9             7             8             4             8             13 
 6             8             12            9             7             12            8             11 
 9             6             6             5             8             11            6             12 
 10            6             7             9             7             7             9             9 
 7             12            3             8             11            6             6             2 
 6             6             2             4             5             7             2             6 
 3             6             7             5             10            11            3             10 
 4             7             11            3             6             9             5             5 
 8             7             4             6             8             6             3             5 
 8             5             10            5             8             5             7             6 
 5             2             5             1             9             6             3             5 
 6             9             8             6             5             11            14            7 
 3             7             7             7             7             7             6             5 
 7             7             9             9             8             4             6             4 
 6             6             7             8             7             5             9             6 
 4             9             7             2             6             9             7             5 
 9             6             3             8             4             9             5             6 
 11            5             7             4             6             8             4             1 
 4             3             4             7             3             3             5             7 
 7             4             4             5             4             4             4             2 
 1             3             4             6             4             6             2             7 
 7             7             4             4             3             5             2             5 
 5             6             7             2             1             4             4             4 
 3             5             3             5             4             7             8             5 
 4             7             3             3             4             3             4             3 
 7             6             6             3             7             5             3             4 
 6             5             3             1             5             4             4             2 
 3             3             6             5             7             5             4             2 
 5             1             3             7             3             4             4             2 
 5             3             5             5             4             3             3             3 
 5             5             3             6             5             4             6             2 
 2             3             2             3             3             5             2             8 
 5             2             1             3             6             7             3             3 
 4             2             5             4             3             2             4             2 
 2             1             1             1             0             6             7             1 
 2             2             1             1             3             2             2             0 
 2             1             2             1             0             0             0             3 
 3             1             1             2             2             2             0             0 
 0             0             1             0             3             0             0             0 
 0             1             0             0             0             1             0             0 
 0             0             0             2             1             2             2             1 
 1             0             0             0             1             0             0             1 
 1             0             0             2             2             1             0             1 
 0             0             0             0             1             0             0             1 
 1             2             0             2             2             1             0             0 
 0             0             1             0             1             1             1             0 
 3             0             0             0             0             0             0             1 
 2             1             1             1             1             0             0             2 
 1             0             0             0             1             2             0             0 
 1             1             1             2             0             1             2             0 
 1             1             2             1             0             0             0             0 
 0             0             2             0             0             2             1             2 
 0             0             1             0             2             0             0             1 
 0             0             0             0             0             1             0             0 
 0             0             1             0             0             1             1             0 
 0             0             0             1             0             1             0             0 
 1             0             0             1             2             0             1             0 
 1             0             0             2             0             0             0             0 
 1             0             0             2             0             2             2             1 
 0             0             0             0             0             1             1             1 
 0             0             0             1             0             1             1             0 
 0             0             0             0             0             0             0             0 
 0             0             0             0             0             0             2             0 
 0             0             0             2             1             1             0             1 
 0             0             0             0             2             0             0             0 
 0             1             2             0             2             2             0             0 
 2             0             1             0             0             0             0             0 
 0             1             0             1             0             1             0             0 
 0             0             0             0             1             1             0             0 
 0             0             0             1             1             3             1             0 
 0             0             0             2             1             1             1             0 
 0             0             2             1             0             0             1             1 
 3             0             0             0             0             0             0             0 
 0             2             1             1             0             0             0             0 
 0             0             0             1             2             0             0             1 
 0             0             0             0             1             0             0             0 
 0             0             0             0             0             0             0             0 
 0             0             1             0             0             0             0             0 
