$SPEC_ID:
bMCA Spectrum
$DATE_MEA:
06-24-2022  07:52:28
$MEAS_TIM:
 59.475        60
$DEVICE_ID:
bMCA 06201013
$ACQ_SETTINGS:
 2             60            1000          4             4095 
$HRDW_PARAMS:
PHA
 810
 3             3276          5 
 7             0             1023 
 80            25            45 
 1             1 
$SPEC_CAL:
-22.21111      2.09241       9.752878E-05
$MCA_CAL:
3
-22.21111      2.09241       9.752878E-05
$ROI:
 49            79            255           1            57Co
$DATA:
 0             1023 
 2             3             9             12            17            25            29            50 
 70            69            72            80            94            75            96            96 
 103           99            95            99            100           135           111           110 
 101           86            84            101           88            80            85            103 
 92            104           118           118           133           154           189           221 
 230           245           289           318           313           309           293           294 
 389           443           452           565           747           927           1237          1493 
 1625          1786          1891          1935          1933          1996          1849          1863 
 1862          1986          1925          2022          1967          1905          1857          1616 
 1342          1119          900           721           535           386           313           244 
 197           180           157           110           103           86            73            54 
 74            67            69            71            68            63            55            61 
 68            53            52            55            62            56            63            48 
 50            44            40            62            55            48            48            35 
 54            43            40            40            48            49            50            37 
 47            39            41            41            34            32            38            33 
 36            36            24            28            38            44            28            28 
 39            23            23            26            20            23            19            33 
 17            37            32            31            20            22            19            23 
 22            14            26            22            18            22            17            19 
 24            12            24            28            16            20            23            13 
 19            26            20            17            15            23            18            26 
 10            17            21            19            16            13            14            19 
 16            17            10            12            15            15            15            10 
 11            15            16            11            13            13            17            9 
 10            17            10            7             11            11            10            13 
 12            8             13            15            14            9             10            15 
 9             14            8             11            16            10            9             11 
 10            8             9             7             7             8             11            10 
 7             10            5             5             9             8             5             8 
 13            2             8             7             8             11            7             8 
 6             4             4             8             7             11            7             12 
 4             10            5             9             7             11            3             5 
 5             2             10            12            5             4             4             6 
 4             10            8             5             10            6             9             5 
 11            8             7             5             4             4             3             6 
 10            8             10            7             12            7             9             7 
 3             8             3             8             9             10            8             8 
 3             8             10            8             8             7             7             9 
 3             9             5             9             12            12            6             7 
 8             7             10            11            7             8             4             11 
 9             8             8             9             6             7             5             5 
 7             7             5             4             2             6             5             5 
 3             6             6             4             8             2             1             4 
 3             4             4             4             0             6             4             1 
 0             5             2             6             0             2             6             2 
 1             2             2             5             1             6             5             2 
 1             3             6             5             3             2             4             2 
 5             3             3             1             7             7             1             3 
 6             4             3             5             0             3             7             2 
 5             5             1             4             2             3             1             0 
 2             2             4             1             1             5             1             0 
 1             2             4             2             3             1             2             3 
 3             3             5             0             5             2             2             1 
 4             1             4             7             4             5             1             4 
 2             3             2             2             2             4             3             2 
 2             3             4             5             2             1             2             1 
 2             1             3             0             3             4             7             2 
 2             1             2             4             2             2             1             1 
 1             2             1             3             1             1             3             1 
 2             5             1             2             3             1             0             1 
 1             2             1             1             2             1             4             2 
 3             2             3             0             2             1             0             2 
 2             0             1             3             3             3             2             1 
 2             2             3             1             2             2             5             0 
 1             4             1             4             0             0             2             0 
 0             0             2             1             1             0             3             3 
 3             1             4             1             1             0             2             4 
 2             3             2             4             2             3             1             5 
 0             0             0             3             4             4             1             1 
 0             2             1             1             1             2             4             2 
 3             2             1             1             2             2             3             3 
 3             1             0             1             1             2             1             2 
 1             7             3             4             2             1             2             0 
 2             1             1             3             0             2             0             0 
 2             2             2             1             0             0             2             1 
 3             1             2             0             1             3             2             3 
 3             1             3             1             0             0             0             2 
 1             1             0             1             3             3             0             2 
 0             1             0             1             0             0             1             2 
 0             2             2             2             2             1             5             0 
 1             0             2             3             1             2             2             1 
 2             0             1             2             0             1             1             0 
 2             2             2             3             1             3             0             1 
 0             1             0             3             4             0             1             1 
 1             3             0             4             1             7             5             0 
 2             1             1             0             0             2             1             0 
 0             4             3             3             1             1             2             0 
 0             5             2             2             1             3             2             0 
 1             1             2             3             4             1             1             0 
 2             0             1             3             1             1             0             1 
 2             0             0             1             0             0             0             0 
 2             0             2             1             1             0             1             1 
 0             0             0             0             0             0             0             0 
 3             0             0             0             0             2             0             0 
 0             2             1             2             1             0             0             0 
 0             0             0             2             0             0             0             0 
 0             0             1             0             0             0             0             0 
 0             1             0             1             0             0             0             1 
 0             1             0             0             1             0             0             0 
 1             0             1             1             1             0             0             0 
 0             0             1             0             0             1             0             0 
 0             0             0             1             0             0             0             0 
 0             0             0             0             1             1             0             0 
 1             0             0             1             0             0             0             0 
 0             0             0             0             0             0             0             1 
 0             0             2             1             0             0             0             0 
 0             1             0             2             1             1             1             1 
 0             0             0             0             0             0             0             0 
 1             1             0             0             0             0             0             0 
 0             0             2             0             0             0             0             0 
 0             0             0             0             0             1             0             0 
 1             0             0             0             0             1             0             0 
 0             0             0             0             0             0             0             0 
 0             0             0             0             0             0             0             0 
 0             0             0             0             1             0             1             0 
 0             0             0             1             1             0             0             1 
 0             1             0             0             0             0             0             0 
 0             1             1             0             0             0             0             0 
 0             1             0             0             1             0             0             0 
 0             0             0             0             0             0             0             0 
 2             0             0             0             0             0             0             0 
 0             0             0             1             0             0             0             0 
 0             0             0             0             1             0             0             1 
 0             1             1             0             1             0             0             0 
 1             0             0             0             0             0             0             0 
 0             1             2             0             0             0             1             1 
 0             0             0             0             0             0             0             1 
