$SPEC_ID:
bMCA Spectrum
$DATE_MEA:
06-24-2022  08:14:50
$MEAS_TIM:
 118.95        120
$DEVICE_ID:
bMCA 06201013
$ACQ_SETTINGS:
 2             120           1000          4             4095 
$HRDW_PARAMS:
PHA
 810
 3             3276          5 
 7             0             1023 
 80            25            45 
 1             1 
$SPEC_CAL:
-22.21111      2.09241       9.752878E-05
$MCA_CAL:
3
-22.21111      2.09241       9.752878E-05
$ROI:
 49            79            255           1            57Co
$DATA:
 0             1023 
 1             5             16            13            38            51            83            96 
 133           152           159           186           175           197           164           173 
 177           208           202           209           195           263           247           221 
 247           183           165           183           154           176           170           196 
 212           219           247           239           309           362           376           485 
 502           480           534           571           570           581           637           684 
 702           837           1034          1340          1692          2082          2628          3077 
 3370          3852          3881          3919          3759          3783          3686          3751 
 3658          3833          4087          3982          3973          3797          3421          3017 
 2509          2108          1705          1287          956           714           531           440 
 373           297           256           223           184           160           161           143 
 134           128           145           133           154           129           134           107 
 112           117           108           114           117           134           98            101 
 106           89            112           92            96            121           114           105 
 89            113           75            79            91            92            63            95 
 81            112           78            73            78            63            75            95 
 71            70            60            55            74            52            69            60 
 48            54            62            60            54            57            38            53 
 63            50            65            49            56            46            44            50 
 43            44            53            56            48            47            32            45 
 39            33            52            42            47            34            49            45 
 41            40            38            45            41            46            52            38 
 30            37            39            35            37            35            28            26 
 29            29            31            24            23            33            29            20 
 28            25            30            21            28            22            24            28 
 24            15            16            22            21            23            18            21 
 17            23            20            26            18            24            26            18 
 20            22            25            15            22            13            17            19 
 15            11            27            25            24            21            27            26 
 16            26            17            15            13            17            23            19 
 19            23            22            17            18            17            19            18 
 15            17            20            16            15            17            12            17 
 25            14            16            22            14            10            16            9 
 17            14            16            17            14            20            11            16 
 21            15            24            11            11            11            17            11 
 10            14            12            20            15            16            10            14 
 14            15            20            14            22            13            14            22 
 17            18            16            21            15            11            10            13 
 10            16            17            8             15            17            20            17 
 23            20            10            11            14            23            16            18 
 14            16            20            19            13            12            17            14 
 16            9             11            8             14            14            15            9 
 10            15            13            15            15            17            11            10 
 16            6             8             9             9             10            10            5 
 5             6             4             9             8             9             6             11 
 7             9             6             5             2             4             13            5 
 5             6             7             9             6             7             7             6 
 0             6             9             8             7             4             6             5 
 6             7             10            9             11            8             3             3 
 3             6             7             8             7             3             11            3 
 6             8             12            8             5             4             9             3 
 9             8             7             6             5             3             7             10 
 2             11            5             6             6             5             7             8 
 3             9             4             2             6             6             4             2 
 6             6             5             6             7             7             8             0 
 3             3             4             3             11            9             3             3 
 3             6             7             9             5             6             9             6 
 5             3             4             4             10            4             4             3 
 2             6             8             5             5             6             2             7 
 6             6             8             6             4             3             5             3 
 7             3             2             4             3             4             1             3 
 3             4             6             3             3             6             4             5 
 8             3             1             4             6             3             3             4 
 5             5             7             8             2             10            0             6 
 3             4             4             5             10            6             6             4 
 6             3             8             4             5             2             2             4 
 7             5             2             8             9             3             5             3 
 3             5             3             9             4             6             4             5 
 2             8             2             6             4             2             3             5 
 5             2             8             4             6             6             2             2 
 5             6             4             7             4             4             4             4 
 4             4             1             5             5             4             3             4 
 1             4             5             2             1             6             3             1 
 4             4             1             4             3             2             3             2 
 1             5             5             2             3             4             6             2 
 3             4             4             2             2             2             4             5 
 1             3             1             5             2             5             1             4 
 1             5             4             3             3             3             3             5 
 4             1             1             3             0             3             0             2 
 5             2             2             5             4             3             6             2 
 3             4             0             4             2             4             5             3 
 2             3             0             2             5             4             3             7 
 1             4             2             8             3             2             3             3 
 2             8             3             6             4             4             3             5 
 3             7             6             5             5             4             3             3 
 6             4             3             4             5             6             4             5 
 2             1             3             2             7             4             2             4 
 4             3             2             0             1             3             6             6 
 3             0             3             0             2             1             0             5 
 1             4             3             2             1             4             2             3 
 0             1             2             3             1             1             2             1 
 2             2             2             1             2             3             2             3 
 1             0             2             1             1             0             1             1 
 0             0             1             0             2             1             0             0 
 1             1             1             0             0             0             1             1 
 1             0             0             0             2             1             0             1 
 3             1             0             0             1             0             0             1 
 0             1             1             0             1             2             1             0 
 1             0             1             1             0             1             1             1 
 1             3             0             2             1             0             2             2 
 1             1             1             1             0             0             1             1 
 2             2             1             0             1             1             0             1 
 0             0             3             0             2             2             0             1 
 2             0             0             0             1             0             1             0 
 2             0             0             1             1             0             0             0 
 2             0             0             0             2             1             2             1 
 0             1             0             0             1             1             0             2 
 0             1             0             0             1             0             0             1 
 0             0             0             4             1             0             0             0 
 0             1             1             0             1             0             0             0 
 1             0             0             0             0             0             0             0 
 0             1             0             2             3             0             0             0 
 0             0             0             0             0             0             0             1 
 0             1             0             0             2             0             1             0 
 0             0             0             0             0             0             0             0 
 0             0             0             0             0             1             0             0 
 0             0             1             0             1             0             1             0 
 0             2             1             0             0             2             0             0 
 1             0             1             0             0             1             0             0 
 0             1             0             0             0             0             1             0 
 0             0             0             0             1             1             0             1 
 0             1             0             1             0             0             0             0 
 0             1             1             0             1             0             0             0 
 2             1             1             0             0             0             0             0 
 1             0             0             0             0             0             2             0 
 0             0             0             0             0             0             1             2 
 0             0             0             1             0             0             0             1 
 0             0             0             0             0             0             1             1 
