$SPEC_ID:
bMCA Spectrum
$DATE_MEA:
06-24-2022  08:47:50
$MEAS_TIM:
 178.395       180
$DEVICE_ID:
bMCA 06201013
$ACQ_SETTINGS:
 2             180           1000          4             4095 
$HRDW_PARAMS:
PHA
 810
 3             3276          5 
 7             0             1023 
 80            25            45 
-1            -1 
$SPEC_CAL:
-22.21111      2.09241       9.752878E-05
$MCA_CAL:
3
-22.21111      2.09241       9.752878E-05
$ROI:
 49            79            255           1            57Co
$DATA:
 0             1023 
 7             9             19            22            45            57            93            143 
 178           210           270           268           244           272           238           269 
 227           264           284           306           363           363           366           327 
 299           309           269           279           232           263           289           302 
 324           337           370           425           471           507           583           600 
 745           809           818           877           932           895           925           1099 
 1163          1367          1700          2042          2535          3158          4101          4610 
 5347          5685          5936          5811          5755          5656          5502          5519 
 5571          5741          5929          6054          6116          5690          5099          4463 
 3724          3001          2345          1818          1394          1142          881           666 
 530           466           388           346           261           267           249           234 
 219           233           244           198           201           232           212           205 
 188           204           187           184           194           178           168           174 
 159           181           190           172           159           194           173           172 
 169           144           177           173           166           160           146           150 
 148           148           146           137           141           137           124           112 
 121           121           139           115           105           119           109           98 
 109           119           108           100           117           112           96            84 
 82            93            102           98            90            87            94            73 
 85            92            78            85            76            80            85            63 
 74            78            79            69            69            85            72            54 
 99            71            71            74            63            56            63            66 
 64            62            76            54            67            77            57            55 
 58            41            56            56            44            42            54            47 
 54            38            41            52            47            40            39            44 
 47            37            42            40            49            49            36            32 
 35            43            38            51            38            44            35            40 
 37            33            46            36            27            39            28            31 
 34            38            34            35            27            33            32            27 
 29            36            36            32            36            26            32            42 
 38            28            40            32            37            31            30            27 
 23            24            34            30            29            29            29            27 
 26            29            45            23            30            32            20            28 
 27            24            32            28            35            33            25            30 
 30            25            27            30            23            30            30            26 
 18            22            25            27            24            21            30            28 
 31            30            32            28            38            27            28            26 
 23            28            37            34            38            26            19            34 
 17            33            32            36            35            30            39            40 
 25            26            25            44            33            28            35            33 
 31            40            28            27            21            42            22            29 
 39            29            26            26            33            25            26            27 
 18            36            19            26            19            24            31            12 
 33            16            15            20            14            14            19            16 
 12            9             14            13            21            10            22            17 
 13            13            7             12            14            15            12            9 
 16            24            18            14            15            12            19            11 
 17            11            17            12            14            16            15            14 
 14            10            16            9             11            16            10            10 
 15            15            11            22            14            15            10            11 
 12            14            8             7             21            13            14            11 
 21            12            13            11            10            17            11            16 
 17            10            17            16            18            20            16            11 
 16            16            12            17            15            6             14            8 
 14            12            8             20            14            10            15            16 
 17            15            16            12            6             17            7             9 
 8             7             18            10            13            16            10            9 
 23            14            7             17            15            16            14            11 
 12            8             11            17            17            17            7             6 
 8             7             5             15            14            11            9             9 
 10            6             8             10            9             9             11            11 
 8             7             10            11            6             8             8             9 
 8             8             15            10            5             3             11            7 
 8             13            10            6             5             7             7             8 
 9             6             9             9             9             10            8             5 
 10            7             12            5             11            11            9             9 
 9             12            10            12            13            14            10            9 
 12            12            5             10            15            15            15            9 
 21            15            8             9             9             10            10            17 
 10            10            8             18            10            10            7             15 
 16            10            11            13            11            4             10            10 
 9             12            13            7             11            10            6             5 
 7             10            7             9             14            8             10            8 
 14            5             10            3             5             2             9             5 
 8             9             5             3             7             10            5             6 
 9             4             3             4             5             15            6             5 
 7             9             4             5             9             5             8             5 
 12            12            11            7             8             4             10            10 
 9             7             6             7             4             10            12            12 
 3             7             3             5             2             6             6             6 
 9             17            8             7             5             6             5             8 
 3             5             6             5             12            3             11            9 
 3             1             6             4             5             6             7             6 
 8             11            9             8             11            6             6             6 
 11            9             4             6             7             5             10            8 
 6             4             5             8             4             3             7             6 
 9             3             1             6             5             9             8             5 
 7             3             3             4             7             4             4             9 
 6             8             5             3             2             9             3             4 
 1             3             1             1             2             3             3             0 
 1             4             2             3             3             2             3             5 
 0             4             3             2             3             1             6             2 
 1             0             2             4             3             6             1             1 
 2             2             0             2             1             0             1             2 
 1             1             3             2             1             1             2             0 
 1             0             2             4             0             1             2             0 
 2             0             0             0             2             3             0             3 
 1             2             1             1             1             1             1             1 
 2             1             0             1             1             1             0             0 
 1             0             0             2             2             0             4             0 
 2             0             0             1             1             0             0             1 
 3             1             0             1             0             1             0             3 
 1             2             3             1             1             0             2             2 
 2             1             1             0             0             3             2             0 
 2             0             3             0             1             2             1             3 
 1             1             0             0             0             1             1             1 
 6             0             0             1             0             4             1             2 
 0             1             0             1             0             1             2             0 
 1             0             1             0             1             0             0             0 
 2             1             2             0             1             0             1             2 
 1             0             0             0             0             3             0             0 
 1             1             1             0             0             1             0             0 
 1             0             1             0             1             0             0             3 
 0             1             0             2             0             0             0             0 
 2             1             0             0             0             0             1             0 
 1             0             0             1             0             0             0             0 
 0             0             1             1             1             1             0             0 
 0             1             1             0             0             0             0             0 
 0             1             0             0             0             2             0             0 
 1             0             1             0             0             0             0             0 
 0             2             0             0             1             0             3             0 
 0             0             0             2             0             0             0             0 
 0             0             1             0             1             0             0             1 
 1             0             0             0             0             1             0             0 
 2             1             2             1             1             1             0             2 
 1             0             2             1             0             0             0             1 
 1             0             0             1             1             1             0             0 
 0             0             0             0             1             1             1             1 
