$SPEC_ID:
bMCA Spectrum
$DATE_MEA:
06-24-2022  10:05:01
$MEAS_TIM:
 59.485        60
$DEVICE_ID:
bMCA 06201013
$ACQ_SETTINGS:
 2             60            1000          4             4095 
$HRDW_PARAMS:
PHA
 790
 3             3276          5 
 7             0             1023 
 80            25            45 
-1            -1 
$SPEC_CAL:
-21.59134      2.380025      1.831466E-04
$MCA_CAL:
3
-21.59134      2.380025      1.831466E-04
$ROI:
 40            70            255           1            57Co
$DATA:
 0             1023 
 5             6             11            10            24            52            46            63 
 81            87            78            105           78            87            81            102 
 92            116           138           135           141           156           126           115 
 100           116           113           113           130           140           133           204 
 198           213           261           277           307           310           313           355 
 335           403           482           666           852           1141          1326          1710 
 1887          2128          2091          2103          1973          1948          1893          1936 
 1997          2090          2168          2219          2071          1935          1755          1382 
 1142          808           625           447           375           277           191           159 
 119           116           106           82            84            87            66            80 
 66            72            62            74            79            73            62            64 
 59            89            66            64            76            70            54            56 
 65            41            59            45            45            58            59            62 
 47            32            58            31            44            43            45            41 
 43            38            57            34            35            36            44            33 
 33            22            33            33            27            38            24            25 
 25            20            33            29            22            14            33            31 
 28            27            31            35            34            23            35            28 
 23            21            23            30            16            16            19            19 
 20            30            30            15            17            22            18            14 
 14            19            16            13            28            20            9             16 
 13            16            17            14            16            12            14            14 
 10            12            9             9             8             14            14            16 
 8             19            20            10            11            19            9             12 
 10            9             11            12            10            9             5             9 
 9             9             6             7             8             6             12            13 
 9             11            12            11            12            14            6             7 
 13            4             7             10            6             11            10            9 
 8             9             6             7             8             11            12            7 
 5             7             11            3             7             6             10            6 
 6             6             15            8             11            3             8             4 
 9             9             9             3             10            12            6             7 
 10            7             7             7             8             8             7             16 
 6             10            11            7             11            14            10            10 
 13            10            9             9             10            11            11            11 
 14            16            8             12            7             8             10            8 
 3             8             6             9             11            6             5             4 
 4             6             5             5             2             8             4             11 
 5             5             7             3             4             6             3             4 
 6             6             1             7             1             3             5             8 
 5             5             4             5             4             3             0             3 
 1             6             6             3             5             4             3             5 
 6             2             4             3             7             3             2             2 
 7             5             3             5             5             1             2             2 
 1             3             0             5             4             1             4             2 
 5             3             7             0             3             6             3             1 
 5             3             3             0             9             4             5             4 
 4             5             0             2             3             1             5             3 
 1             4             4             3             1             4             1             2 
 0             4             4             3             7             4             1             0 
 6             4             4             1             0             0             7             4 
 5             3             3             3             4             4             5             1 
 3             1             2             1             0             3             2             2 
 2             3             3             2             3             3             3             3 
 3             1             2             5             0             1             1             4 
 2             2             7             1             3             3             9             6 
 1             3             4             6             0             3             1             0 
 1             3             3             6             3             2             1             1 
 2             1             3             3             2             3             2             2 
 1             6             2             5             3             2             4             2 
 2             3             3             1             3             1             4             1 
 4             2             2             1             2             3             2             1 
 2             2             1             4             0             1             1             1 
 2             6             1             1             1             1             1             2 
 1             2             0             2             2             2             3             2 
 0             2             1             1             1             1             2             0 
 0             0             3             3             2             4             1             5 
 2             0             0             0             2             1             2             0 
 2             1             3             2             4             0             4             4 
 2             2             1             0             4             2             1             5 
 1             4             3             2             1             6             1             2 
 1             2             0             4             3             3             0             3 
 1             3             4             2             6             2             1             3 
 4             2             2             0             1             3             4             1 
 7             2             2             4             1             3             2             3 
 2             8             1             0             2             1             1             1 
 0             0             2             0             1             1             2             3 
 3             3             0             0             3             2             2             0 
 3             1             1             0             0             0             1             2 
 1             0             2             0             0             0             0             1 
 1             0             0             0             1             2             1             1 
 1             0             0             0             1             1             1             0 
 1             0             0             0             0             2             0             0 
 0             1             0             0             0             0             1             0 
 0             0             0             2             0             0             0             1 
 0             2             0             0             0             0             1             0 
 0             1             1             0             0             0             1             2 
 0             3             0             0             3             2             0             1 
 1             0             0             0             1             0             0             0 
 0             0             0             0             0             0             1             1 
 0             0             0             1             0             0             0             1 
 1             0             0             0             0             0             1             1 
 0             0             1             0             1             0             0             1 
 1             1             0             1             0             0             0             1 
 0             0             0             0             0             0             0             0 
 0             0             0             0             1             0             1             0 
 0             0             1             0             1             0             0             0 
 0             0             0             0             1             0             1             0 
 0             0             0             0             0             0             0             0 
 0             0             1             0             0             0             0             0 
 0             1             0             0             0             0             0             0 
 0             0             0             0             1             0             3             0 
 2             0             1             0             0             0             0             0 
 2             0             0             0             0             0             0             0 
 0             0             0             0             0             0             0             0 
 2             0             0             0             0             0             0             1 
 0             0             0             0             1             0             2             0 
 0             0             1             0             0             1             0             0 
 0             0             1             0             0             0             0             0 
 0             1             0             0             0             0             0             0 
 0             0             0             1             0             0             0             1 
 0             1             0             0             1             0             0             0 
 0             0             0             0             0             0             0             1 
 0             0             0             0             0             1             0             1 
 0             0             0             0             0             0             0             0 
 0             1             0             0             0             0             0             0 
 0             0             0             1             1             0             0             0 
 1             0             0             0             0             0             0             0 
 0             0             1             0             0             0             0             0 
 0             0             0             0             0             0             0             0 
 0             1             0             0             0             0             0             0 
 0             0             0             0             0             0             0             0 
 0             0             0             0             0             0             0             1 
 1             0             0             0             0             0             0             0 
 0             0             0             0             0             0             0             0 
 0             0             0             0             0             0             0             0 
 1             0             0             0             0             0             0             1 
 1             0             0             0             0             0             0             0 
