$SPEC_ID:
bMCA Spectrum
$DATE_MEA:
06-24-2022  10:14:34
$MEAS_TIM:
 118.955       120
$DEVICE_ID:
bMCA 06201013
$ACQ_SETTINGS:
 2             120           1000          4             4095 
$HRDW_PARAMS:
PHA
 790
 3             3276          5 
 7             0             1023 
 80            25            45 
-1            -1 
$SPEC_CAL:
-21.59134      2.380025      1.831466E-04
$MCA_CAL:
3
-21.59134      2.380025      1.831466E-04
$ROI:
 40            70            255           1            57Co
$DATA:
 0             1023 
 13            4             14            25            36            53            86            119 
 172           148           158           199           181           171           176           183 
 212           246           262           265           257           268           257           201 
 221           214           226           241           248           312           365           349 
 405           496           546           589           628           614           662           642 
 771           828           1064          1328          1722          2293          2727          3377 
 3809          4191          4257          4237          4119          3922          3890          3840 
 4045          4179          4304          4432          4283          3811          3410          2882 
 2164          1700          1198          912           687           521           419           325 
 271           276           206           167           161           166           170           139 
 151           140           145           146           127           172           136           125 
 147           102           112           136           132           127           102           93 
 146           110           101           106           110           104           91            110 
 118           113           90            94            98            99            83            108 
 91            90            72            67            91            57            82            70 
 60            72            72            69            65            77            69            70 
 79            59            51            51            69            49            55            71 
 52            47            52            65            57            54            47            53 
 59            42            48            40            50            31            52            50 
 34            50            31            35            44            40            37            32 
 35            35            34            36            30            31            36            38 
 41            34            29            30            33            29            30            27 
 34            17            20            19            23            20            21            22 
 26            26            14            20            22            26            19            25 
 17            15            23            27            18            22            19            17 
 18            23            17            22            20            27            25            18 
 21            15            18            19            19            21            21            20 
 19            22            25            24            21            18            29            19 
 18            10            16            21            15            19            15            21 
 23            22            16            17            18            14            16            18 
 22            17            14            14            24            26            11            15 
 15            14            27            19            17            19            16            21 
 16            16            17            15            15            18            20            30 
 17            31            23            22            28            21            16            31 
 16            20            12            29            22            18            24            13 
 20            17            18            15            24            10            15            13 
 16            13            25            14            15            15            12            10 
 8             10            12            9             7             7             14            10 
 10            10            10            11            8             7             7             6 
 6             7             10            9             9             16            11            10 
 9             5             4             10            7             9             6             9 
 8             5             8             10            10            6             9             12 
 9             11            7             5             7             11            3             9 
 7             5             7             9             8             3             5             15 
 8             5             12            7             5             10            12            11 
 9             11            5             16            2             3             9             10 
 3             6             8             6             1             8             4             9 
 6             4             8             9             9             9             8             7 
 10            7             8             3             4             7             9             6 
 7             6             2             2             4             4             13            4 
 7             3             6             3             9             4             5             4 
 6             8             3             7             3             6             7             9 
 5             3             6             4             4             5             3             8 
 4             4             1             7             4             7             4             6 
 7             3             6             6             4             1             1             4 
 3             4             4             5             6             4             5             5 
 6             6             1             4             2             4             3             5 
 6             7             7             3             11            3             4             6 
 9             9             5             9             5             3             7             1 
 5             8             5             3             5             4             7             5 
 6             5             5             8             4             3             7             5 
 9             7             6             3             3             7             5             3 
 5             7             3             3             3             3             4             4 
 5             2             2             7             7             1             2             8 
 4             1             8             1             4             2             3             3 
 0             5             2             1             4             4             5             1 
 2             4             1             6             2             2             1             5 
 0             2             0             4             2             3             1             8 
 2             5             5             5             2             1             3             5 
 1             4             4             6             9             3             6             4 
 1             5             4             1             3             3             3             1 
 1             1             0             3             5             5             7             5 
 5             5             4             2             5             6             6             4 
 3             3             3             2             1             10            8             3 
 2             6             3             6             2             3             1             4 
 5             4             3             2             3             4             0             4 
 2             3             3             1             5             3             2             4 
 7             3             2             2             3             1             4             3 
 4             2             1             3             1             3             2             3 
 1             1             0             1             2             1             4             0 
 0             2             0             0             0             4             2             0 
 2             2             0             3             0             1             0             2 
 0             0             1             1             1             0             1             0 
 3             1             3             0             4             0             2             1 
 0             0             2             0             0             2             1             1 
 1             0             0             0             0             3             1             1 
 0             0             0             1             1             0             0             0 
 3             1             0             2             1             1             0             0 
 0             1             2             2             1             3             2             0 
 0             0             0             0             0             0             1             0 
 2             1             0             1             0             0             2             1 
 0             1             1             0             1             1             1             0 
 0             1             1             0             0             0             0             1 
 0             2             0             0             2             0             2             0 
 3             1             0             0             0             0             1             1 
 0             0             0             0             0             1             0             2 
 0             1             1             0             1             0             2             0 
 2             0             1             2             0             1             0             1 
 1             0             0             0             0             0             2             0 
 1             0             0             0             1             2             1             1 
 0             2             0             0             0             0             0             0 
 0             1             2             0             0             1             0             1 
 0             1             0             0             1             0             0             0 
 0             1             0             0             0             0             0             0 
 1             0             0             0             0             0             0             1 
 0             1             2             2             1             0             0             1 
 0             0             1             2             0             1             0             0 
 0             0             1             0             1             1             0             0 
 0             1             1             1             1             0             0             0 
 0             0             0             0             0             1             0             0 
 0             1             1             3             0             1             0             0 
 0             0             1             0             1             0             1             1 
 0             1             2             0             0             0             1             0 
 0             1             0             0             0             1             1             0 
 2             0             0             1             1             0             0             1 
 0             0             0             0             0             0             0             0 
 1             2             1             1             0             0             0             0 
 1             0             0             0             0             0             0             0 
 0             0             1             0             0             0             1             1 
 0             0             0             0             0             0             0             0 
 0             0             0             0             0             0             0             1 
 0             0             0             0             0             1             0             0 
 1             0             0             0             0             1             0             0 
 1             0             0             0             1             0             2             0 
 0             0             0             0             1             0             0             0 
 0             1             1             0             1             0             0             0 
 0             1             0             1             1             1             0             0 
 2             0             0             0             1             0             0             0 
