$SPEC_ID:
bMCA Spectrum
$DATE_MEA:
06-22-2022  10:55:02
$MEAS_TIM:
 178.525       180
$DEVICE_ID:
bMCA 06201013
$ACQ_SETTINGS:
 2             180           1000          4             4095 
$HRDW_PARAMS:
PHA
 800
 3             3276          5 
 7             0             1023 
 80            25            45 
 1             1 
$SPEC_CAL:
-21.61505      2.251173      8.800329E-05
$MCA_CAL:
3
-21.61505      2.251173      8.800329E-05
$ROI:
 45            74            32768         1            57Co
$DATA:
 0             1023 
 4             8             12            17            35            64            99            158 
 200           240           247           212           226           235           214           240 
 260           270           289           334           382           357           373           386 
 355           286           301           329           313           323           333           401 
 430           471           556           562           666           749           809           793 
 898           887           906           875           1030          1247          1390          1668 
 2221          2855          3643          4376          5098          5505          5825          5786 
 5634          5426          5318          5262          5345          5494          5838          5957 
 5842          5753          5176          4558          3791          2943          2322          1677 
 1292          1005          778           587           466           412           328           254 
 254           245           217           197           197           199           215           203 
 196           186           188           209           154           168           171           161 
 197           142           131           178           158           154           157           166 
 150           140           126           131           136           139           143           132 
 137           139           136           114           132           111           114           120 
 103           122           117           108           121           112           90            87 
 107           78            80            92            96            75            85            79 
 83            99            67            66            82            77            61            67 
 76            79            60            69            67            55            59            51 
 59            72            57            66            77            59            67            57 
 67            64            60            57            47            40            40            59 
 52            55            39            44            28            52            45            43 
 43            41            43            46            40            44            33            28 
 32            36            35            43            34            35            37            29 
 37            31            28            35            32            37            31            25 
 38            24            37            34            29            37            34            33 
 30            30            32            18            28            23            37            28 
 34            27            20            27            32            32            34            29 
 29            32            30            21            27            25            25            22 
 21            23            28            30            18            16            35            22 
 19            21            20            18            25            17            24            18 
 24            25            22            20            11            20            22            18 
 21            17            21            20            11            19            18            16 
 20            20            20            19            29            20            22            25 
 16            25            27            23            17            21            27            31 
 19            26            23            17            26            25            21            25 
 13            23            21            21            31            26            31            29 
 18            19            27            24            16            24            21            23 
 29            26            19            16            18            27            16            24 
 31            23            18            11            15            19            10            14 
 13            13            19            7             11            15            12            16 
 21            12            15            8             13            6             6             13 
 16            13            19            3             5             14            14            17 
 11            9             9             6             8             9             9             9 
 11            11            13            10            6             11            8             10 
 6             16            13            3             6             7             10            10 
 8             7             8             12            10            2             11            9 
 7             11            4             9             12            11            9             12 
 0             10            8             7             6             14            14            10 
 8             7             5             7             5             9             16            8 
 10            11            10            6             13            4             5             8 
 8             6             14            7             8             9             8             6 
 7             7             9             5             11            6             11            5 
 9             7             9             5             10            12            6             8 
 7             7             7             7             8             6             7             5 
 9             8             5             2             6             5             2             10 
 4             4             5             10            5             10            8             7 
 8             4             8             5             5             7             10            6 
 6             0             6             8             3             8             6             6 
 6             4             5             6             3             11            7             6 
 1             1             5             8             8             7             9             3 
 3             5             6             10            10            11            5             8 
 8             5             3             9             5             7             12            6 
 8             2             7             6             7             7             4             7 
 4             8             2             6             6             3             4             4 
 8             7             13            7             2             4             4             7 
 5             9             6             4             3             6             8             6 
 6             4             10            4             1             11            6             6 
 5             4             5             5             4             6             6             12 
 5             3             6             6             2             1             3             7 
 4             2             4             7             1             4             4             4 
 4             2             2             5             5             5             0             3 
 6             6             4             5             3             2             3             8 
 2             2             1             2             7             7             7             3 
 6             3             1             1             3             6             2             5 
 4             4             2             5             4             3             2             2 
 4             3             2             5             2             0             4             5 
 2             4             5             10            4             9             4             5 
 6             3             10            6             7             6             4             4 
 6             5             4             7             5             5             6             5 
 5             5             5             8             8             6             4             13 
 5             3             7             6             6             3             8             8 
 8             3             4             3             5             3             0             5 
 6             6             6             5             1             5             1             1 
 2             3             5             0             1             5             1             1 
 9             5             2             3             3             1             2             1 
 2             0             3             2             2             1             2             2 
 2             0             3             4             2             1             2             1 
 0             3             1             0             2             1             2             1 
 1             0             1             1             2             3             1             0 
 0             2             1             1             2             0             0             0 
 1             2             0             0             2             0             0             1 
 1             0             2             2             2             3             0             0 
 1             0             2             1             0             2             1             2 
 0             1             4             2             0             0             1             5 
 1             1             1             2             4             1             1             0 
 1             1             3             1             1             4             2             0 
 1             2             2             3             0             0             0             2 
 1             1             0             4             1             1             0             1 
 2             2             0             1             1             0             1             0 
 1             0             2             0             2             0             1             0 
 1             0             0             2             2             2             0             0 
 0             1             1             1             1             2             0             0 
 1             0             3             0             0             0             1             1 
 0             0             0             0             0             1             1             2 
 0             2             1             1             0             2             0             1 
 0             0             1             1             1             1             1             0 
 1             1             0             0             0             1             0             0 
 1             1             0             0             0             1             0             0 
 2             1             1             1             1             0             0             1 
 1             1             1             0             0             0             0             0 
 0             0             1             3             0             0             0             0 
 2             0             1             0             0             4             0             2 
 0             1             1             0             2             0             1             1 
 0             0             0             0             0             1             0             1 
 1             0             0             1             0             0             0             1 
 1             2             0             1             1             1             1             0 
 0             0             0             0             1             3             0             1 
 1             0             0             2             1             0             2             0 
 1             2             0             0             2             0             2             0 
 0             2             0             2             0             0             1             0 
 0             0             1             1             0             2             0             0 
 1             1             1             0             0             0             0             0 
 0             1             1             0             0             1             1             0 
 1             0             0             1             2             1             0             0 
 0             2             1             2             0             0             0             0 
 0             0             0             1             0             0             1             0 
 1             0             1             1             0             0             0             2 
