$SPEC_ID:
bMCA Spectrum
$DATE_MEA:
06-22-2022  10:30:55
$MEAS_TIM:
 118.975       120
$DEVICE_ID:
bMCA 06201013
$ACQ_SETTINGS:
 2             120           1000          4             4095 
$HRDW_PARAMS:
PHA
 800
 3             3276          5 
 7             0             1023 
 80            25            45 
 1             1 
$SPEC_CAL:
-21.61505      2.251173      8.800329E-05
$MCA_CAL:
3
-21.61505      2.251173      8.800329E-05
$ROI:
 45            74            32768         1            57Co
$DATA:
 0             1023 
 1             1             7             15            15            41            56            100 
 142           174           148           169           151           127           182           169 
 167           196           226           250           276           273           241           232 
 219           210           229           205           224           215           225           253 
 302           308           339           414           455           451           503           556 
 579           551           606           616           685           766           927           1204 
 1445          1956          2446          2869          3394          3731          3799          3982 
 3768          3658          3675          3548          3601          3737          3789          4043 
 3948          3788          3485          2935          2581          2004          1605          1230 
 879           706           539           424           354           279           242           214 
 205           178           162           162           177           149           148           147 
 152           153           150           152           145           146           143           124 
 124           126           156           129           150           112           116           125 
 141           120           105           124           114           107           101           113 
 117           119           103           104           111           95            101           88 
 94            97            100           91            97            77            81            71 
 83            58            85            79            79            80            63            73 
 74            51            68            54            56            59            55            74 
 60            49            54            59            58            61            74            47 
 49            59            50            72            55            43            40            43 
 39            47            49            36            43            54            44            38 
 44            36            38            47            37            38            38            41 
 50            37            32            30            33            30            31            34 
 30            34            37            34            32            33            24            41 
 37            32            30            30            23            33            30            25 
 38            29            26            28            30            25            35            18 
 21            27            17            34            19            32            24            31 
 21            24            27            21            15            30            27            19 
 18            28            23            17            22            29            16            20 
 29            17            15            26            17            25            22            23 
 23            26            26            18            19            15            19            19 
 22            13            13            16            17            17            18            19 
 22            12            17            23            17            13            16            16 
 24            21            26            13            13            28            22            19 
 22            17            27            19            18            22            24            14 
 28            18            18            13            16            19            15            29 
 20            16            27            14            23            27            24            27 
 30            27            23            15            26            28            26            18 
 24            17            17            23            15            21            20            19 
 28            15            15            16            14            10            21            13 
 21            6             11            13            8             11            14            8 
 13            17            16            12            19            19            9             8 
 10            10            8             10            14            8             5             13 
 7             9             7             9             8             7             4             7 
 12            10            9             11            10            9             8             4 
 10            13            12            8             7             6             12            13 
 8             14            11            11            10            7             6             12 
 8             12            6             10            6             4             3             4 
 8             8             4             10            9             10            5             3 
 11            9             9             12            7             4             8             9 
 10            9             14            5             13            7             5             6 
 13            8             4             7             5             8             15            11 
 6             8             8             8             11            7             14            3 
 11            7             2             9             5             9             9             11 
 6             5             11            5             11            6             10            7 
 10            6             6             10            10            9             9             8 
 7             8             6             9             7             4             4             12 
 7             2             8             9             7             4             4             7 
 12            14            9             8             7             12            4             1 
 5             7             8             4             2             8             11            6 
 13            10            4             9             5             10            4             8 
 0             4             8             6             10            4             9             7 
 4             6             10            6             0             9             7             4 
 9             6             9             9             11            9             10            6 
 11            9             12            8             8             7             9             8 
 11            6             3             7             7             9             6             6 
 4             5             4             3             10            7             8             5 
 8             4             4             3             5             10            3             6 
 7             5             5             3             6             5             2             5 
 4             9             7             3             4             3             2             6 
 5             8             2             6             2             1             2             1 
 3             2             1             3             5             3             5             5 
 7             2             5             6             5             2             5             7 
 4             7             4             6             4             6             4             6 
 3             3             2             6             5             4             4             3 
 4             3             2             2             5             5             5             4 
 3             0             3             5             4             3             7             4 
 6             4             5             5             5             4             1             3 
 1             5             3             6             3             3             2             6 
 2             5             2             7             5             9             2             8 
 3             3             2             1             1             1             8             3 
 2             3             4             8             8             4             2             2 
 1             2             1             3             2             3             5             3 
 6             5             4             2             4             2             2             3 
 3             4             2             3             0             2             5             3 
 2             0             1             0             0             5             0             0 
 3             2             2             0             3             2             3             3 
 1             1             1             4             0             3             1             2 
 1             0             3             0             1             0             1             1 
 2             2             0             0             2             1             2             1 
 0             1             1             1             0             0             0             2 
 1             2             0             2             0             0             1             0 
 1             2             1             0             2             2             0             3 
 0             0             0             2             1             1             2             1 
 0             0             1             1             2             1             1             2 
 0             1             1             1             0             0             0             3 
 0             0             1             1             0             2             1             2 
 0             2             0             0             2             4             1             0 
 0             1             1             0             1             1             0             1 
 0             1             0             0             1             0             1             0 
 0             3             1             0             1             0             2             1 
 0             1             2             0             0             1             0             0 
 0             0             0             0             0             0             0             0 
 1             2             0             0             0             0             1             0 
 0             0             1             0             0             1             1             0 
 0             1             0             0             0             0             0             0 
 0             0             0             0             1             1             0             0 
 0             1             0             0             1             2             0             0 
 0             1             1             0             3             1             1             0 
 0             1             0             0             1             1             1             0 
 0             0             0             1             0             1             0             3 
 0             0             1             0             1             1             0             1 
 0             0             1             0             0             1             0             2 
 1             0             2             0             0             1             0             0 
 0             0             0             0             0             1             1             1 
 0             0             0             1             1             0             2             1 
 0             0             0             0             1             0             0             0 
 0             1             1             2             1             1             0             1 
 0             1             1             1             0             1             2             0 
 0             0             0             0             0             3             0             0 
 1             0             0             0             0             2             0             0 
 0             1             2             1             0             1             1             0 
 0             1             0             0             0             0             0             1 
 0             0             3             0             0             1             0             0 
 0             0             1             1             2             0             0             1 
 0             0             1             0             1             0             0             0 
 0             2             0             1             1             0             0             0 
 2             1             0             1             0             0             0             0 
