$SPEC_ID:
bMCA Spectrum
$DATE_MEA:
06-22-2022  10:39:57
$MEAS_TIM:
 178.46        180
$DEVICE_ID:
bMCA 06201013
$ACQ_SETTINGS:
 2             180           1000          4             4095 
$HRDW_PARAMS:
PHA
 800
 3             3276          5 
 7             0             1023 
 80            25            45 
 1             1 
$SPEC_CAL:
-21.61505      2.251173      8.800329E-05
$MCA_CAL:
3
-21.61505      2.251173      8.800329E-05
$ROI:
 45            74            32768         1            57Co
$DATA:
 0             1023 
 2             4             8             17            46            49            95            147 
 191           216           233           222           219           227           239           247 
 258           308           331           325           416           382           378           352 
 330           352           347           313           319           334           390           382 
 431           452           521           622           630           730           842           784 
 856           856           916           943           1024          1164          1375          1725 
 2324          2946          3662          4381          5001          5613          5903          5808 
 5767          5579          5323          5329          5416          5698          5804          6019 
 5919          5704          5290          4435          3816          3042          2303          1794 
 1385          1075          768           656           500           413           412           318 
 293           268           247           222           266           237           222           231 
 237           207           198           206           236           224           220           221 
 205           223           185           192           193           198           206           190 
 187           162           176           185           191           153           135           146 
 170           151           155           169           138           162           154           129 
 138           178           137           145           135           111           122           130 
 132           106           117           109           112           104           103           85 
 109           100           96            87            102           96            88            87 
 89            78            86            92            110           82            67            76 
 90            89            87            86            74            70            80            77 
 82            63            62            61            80            75            64            57 
 59            51            60            54            56            65            64            73 
 55            50            39            56            48            50            61            46 
 47            43            48            53            57            42            48            49 
 39            45            37            44            48            34            51            41 
 42            42            44            31            34            38            34            39 
 48            36            33            35            41            40            27            47 
 32            33            26            39            31            29            41            49 
 38            41            35            42            34            36            31            37 
 33            34            37            34            35            28            34            33 
 30            30            32            33            27            25            29            37 
 33            35            32            31            37            19            18            22 
 23            21            31            29            22            29            32            24 
 28            28            30            30            24            17            32            27 
 31            27            31            20            20            33            31            43 
 31            33            38            27            41            26            39            36 
 38            48            34            35            32            38            38            27 
 46            24            38            45            20            44            37            37 
 35            34            38            38            33            45            32            31 
 35            20            27            18            21            23            23            24 
 20            23            9             20            17            20            18            26 
 10            12            13            17            18            18            21            15 
 17            21            18            21            14            18            17            19 
 20            21            18            11            14            11            15            19 
 9             11            12            14            10            20            8             10 
 15            14            9             18            14            18            17            15 
 18            15            8             12            11            4             12            9 
 10            17            12            21            18            8             11            12 
 15            17            14            10            14            19            21            10 
 4             21            12            13            15            10            5             11 
 6             8             18            9             15            15            15            14 
 8             9             9             9             14            17            18            9 
 13            12            14            10            14            16            8             14 
 12            10            7             16            9             13            7             11 
 8             19            12            11            13            6             8             8 
 12            8             7             7             11            6             9             10 
 14            14            7             13            10            15            3             8 
 10            10            7             6             6             10            10            8 
 2             10            9             6             8             10            7             10 
 10            9             10            14            12            6             6             5 
 13            13            12            7             11            7             6             9 
 3             12            4             12            6             15            8             10 
 10            10            7             12            11            13            8             13 
 15            7             15            3             14            8             16            10 
 10            10            12            17            14            13            13            7 
 11            8             14            14            5             12            9             9 
 12            13            6             4             7             3             10            17 
 5             11            5             11            11            7             9             4 
 10            9             10            2             12            9             10            5 
 5             9             10            5             5             7             7             9 
 2             4             6             8             3             11            8             11 
 3             4             3             4             8             4             6             9 
 7             4             5             10            4             3             8             5 
 9             10            7             2             5             6             3             10 
 4             10            10            7             8             10            4             8 
 5             12            9             8             5             5             5             4 
 6             3             3             3             3             1             3             5 
 7             5             4             8             7             4             5             4 
 7             4             7             4             6             7             3             2 
 7             7             8             1             7             6             6             3 
 4             9             7             7             7             8             4             5 
 5             4             4             7             2             7             1             9 
 6             5             8             3             2             3             6             6 
 7             1             2             6             2             2             2             3 
 4             5             3             6             6             2             4             1 
 5             2             6             0             3             2             2             5 
 5             3             4             1             3             3             3             2 
 4             1             0             0             3             1             3             0 
 2             2             1             2             1             0             0             1 
 0             1             1             2             0             2             0             2 
 3             1             0             2             1             2             0             0 
 0             2             1             0             0             1             1             0 
 0             1             1             0             2             0             1             0 
 0             2             0             0             3             1             1             2 
 2             4             0             2             0             2             2             2 
 2             1             2             2             0             1             3             3 
 2             0             0             1             1             0             5             2 
 1             1             2             0             0             1             2             0 
 1             3             0             1             1             2             0             1 
 0             2             0             0             1             2             1             2 
 1             1             2             1             2             1             1             0 
 1             2             1             1             1             0             0             0 
 0             0             1             2             1             1             1             1 
 0             1             1             0             2             0             0             2 
 1             1             1             2             0             2             1             0 
 1             0             0             0             1             1             0             0 
 3             2             0             0             0             0             2             1 
 0             2             0             1             0             0             0             1 
 1             0             1             1             1             1             0             0 
 0             0             0             0             0             0             0             0 
 1             1             0             1             0             2             0             0 
 1             1             1             0             0             0             2             0 
 0             0             0             3             4             1             0             2 
 0             3             0             0             1             1             1             1 
 0             0             2             0             0             0             0             1 
 1             1             0             0             1             1             2             0 
 0             1             1             0             1             1             0             0 
 0             0             1             0             3             0             0             1 
 0             1             1             0             1             1             1             0 
 0             1             1             0             1             0             0             2 
 0             2             2             0             1             1             1             0 
 0             0             0             0             2             2             0             0 
 0             1             0             0             0             0             1             1 
 1             1             1             0             0             1             1             0 
 0             1             1             1             1             0             1             1 
 1             0             1             0             0             0             0             0 
 0             0             1             2             1             0             0             0 
 0             0             0             0             1             0             0             1 
