$SPEC_ID:
bMCA Spectrum
$DATE_MEA:
06-17-2022  09:15:40
$MEAS_TIM:
 59.5          60
$DEVICE_ID:
bMCA 06201013
$ACQ_SETTINGS:
 2             60            1000          4             4095 
$HRDW_PARAMS:
PHA
 800
 3             3277          5 
 7             0             1023 
 80            25            45 
-1            -1 
$SPEC_CAL:
 19.48485      1.975924      3.540608E-04
$MCA_CAL:
3
 19.48485      1.975924      3.540608E-04
$ROI:
 51            70            255           1            57Co
$DATA:
 0             1023 
 0             0             2             7             9             16            21            43 
 45            74            71            68            71            68            66            79 
 75            82            79            106           104           112           97            83 
 97            93            84            79            85            96            84            106 
 113           114           165           149           234           221           241           240 
 265           294           329           340           355           364           376           524 
 639           806           1004          1234          1506          1692          1860          1897 
 1845          1894          1876          1794          1863          1805          1922          2046 
 2055          1888          1869          1634          1452          1158          924           734 
 535           407           320           271           220           169           117           116 
 112           79            86            87            65            87            76            64 
 70            64            66            70            69            65            67            64 
 70            47            53            57            54            70            59            62 
 72            43            70            53            61            55            54            45 
 53            43            64            43            53            46            45            43 
 41            37            32            40            44            44            33            34 
 40            41            40            35            36            26            38            28 
 30            32            28            30            32            28            31            19 
 27            31            28            22            25            21            32            25 
 36            27            26            31            21            17            25            20 
 31            22            18            20            19            23            25            31 
 12            19            29            23            17            16            18            24 
 21            24            20            15            13            23            16            13 
 15            18            14            18            17            16            18            15 
 18            9             14            8             8             11            18            7 
 11            8             15            21            15            8             9             10 
 11            7             12            12            9             13            18            14 
 19            6             8             6             7             9             14            11 
 9             10            15            13            12            10            11            10 
 9             13            6             10            10            10            6             7 
 6             4             15            11            9             11            12            12 
 14            5             5             8             9             8             11            3 
 8             11            5             7             12            7             12            2 
 4             10            11            11            10            8             8             15 
 12            8             7             16            5             14            10            6 
 13            7             6             13            9             9             7             13 
 11            11            3             5             6             7             16            7 
 11            16            13            8             11            10            15            11 
 8             9             10            4             10            9             3             9 
 9             6             12            9             11            5             9             10 
 5             8             5             11            3             7             7             1 
 4             7             6             1             4             3             8             2 
 4             2             1             2             4             5             1             5 
 2             3             6             3             6             4             5             4 
 5             5             2             2             2             1             2             2 
 1             3             2             4             1             3             2             4 
 2             3             2             2             7             1             8             2 
 6             3             5             4             3             4             3             1 
 3             5             3             3             3             2             3             2 
 4             3             2             1             2             5             4             4 
 3             1             5             2             0             4             4             7 
 3             5             5             1             4             1             5             0 
 6             3             1             1             3             2             5             5 
 11            3             2             1             3             3             3             1 
 3             0             3             3             2             2             3             5 
 3             2             1             2             2             4             1             0 
 2             3             2             1             1             3             3             3 
 3             3             0             2             4             3             1             0 
 5             3             2             3             2             0             1             3 
 2             1             3             1             3             0             4             4 
 6             3             1             2             0             0             2             3 
 2             3             1             0             2             4             2             1 
 1             5             5             2             3             3             1             2 
 0             1             2             4             2             1             4             1 
 2             0             1             2             3             1             1             1 
 4             1             0             1             4             3             2             2 
 3             2             0             1             2             3             3             3 
 2             0             3             3             2             1             3             3 
 2             2             3             3             3             4             2             1 
 2             1             0             2             1             2             1             2 
 3             0             1             2             4             2             3             1 
 0             1             2             0             0             2             2             1 
 1             3             1             2             2             0             0             1 
 2             1             1             0             0             2             2             0 
 1             1             1             2             2             3             0             0 
 2             2             2             1             3             2             0             1 
 1             1             1             1             2             6             1             2 
 1             1             2             2             2             4             1             0 
 1             2             0             0             4             4             3             1 
 2             1             3             1             5             1             6             2 
 0             1             2             2             2             1             1             1 
 4             2             3             2             2             0             3             5 
 1             2             4             0             1             5             2             1 
 0             0             3             3             1             2             1             2 
 0             3             0             0             1             2             1             1 
 0             4             0             0             0             3             1             1 
 0             1             1             1             1             1             0             0 
 2             1             0             1             0             0             2             1 
 0             0             0             0             1             0             0             0 
 0             0             0             0             0             1             0             0 
 1             0             0             1             1             0             0             0 
 0             0             0             0             0             0             1             0 
 0             1             0             0             0             0             0             0 
 0             0             0             1             1             0             0             1 
 0             0             0             0             0             1             0             0 
 1             1             0             1             0             0             1             1 
 3             1             1             0             0             0             1             0 
 0             1             0             2             0             0             2             1 
 1             0             1             0             0             0             1             0 
 0             0             0             0             0             0             1             0 
 1             1             0             0             0             0             0             0 
 0             0             0             0             1             0             0             0 
 0             0             0             1             0             1             0             0 
 0             0             0             0             0             0             0             1 
 0             0             1             0             1             0             0             0 
 0             0             0             0             1             0             0             0 
 0             0             0             0             0             0             0             1 
 1             1             0             0             0             0             1             0 
 0             0             0             0             0             1             1             0 
 0             1             1             0             0             0             0             1 
 0             0             0             1             0             0             0             0 
 0             0             0             0             0             0             2             1 
 0             0             0             0             0             1             0             1 
 0             0             0             0             0             0             0             1 
 1             0             1             0             0             0             0             0 
 0             0             1             0             0             1             0             1 
 0             0             1             0             1             0             0             1 
 0             1             0             0             1             0             1             0 
 0             0             0             0             1             1             0             1 
 0             0             0             1             0             1             0             0 
 0             0             0             0             0             0             1             0 
 0             0             0             1             1             0             0             0 
 0             0             0             0             0             0             0             0 
 0             0             0             1             0             0             0             0 
 1             1             0             1             0             0             0             0 
 0             0             0             0             0             2             1             0 
 0             0             0             0             0             1             0             0 
 0             0             1             0             0             0             0             0 
