$SPEC_ID:
bMCA Spectrum
$DATE_MEA:
06-24-2022  10:30:43
$MEAS_TIM:
 118.95        120
$DEVICE_ID:
bMCA 06201013
$ACQ_SETTINGS:
 2             120           1000          4             4095 
$HRDW_PARAMS:
PHA
 790
 3             3276          5 
 7             0             1023 
 80            25            45 
-1            -1 
$SPEC_CAL:
-21.59134      2.380025      1.831466E-04
$MCA_CAL:
3
-21.59134      2.380025      1.831466E-04
$ROI:
 40            70            255           1            57Co
$DATA:
 0             1023 
 1             3             15            25            30            56            95            144 
 142           146           144           162           164           165           162           184 
 206           241           249           254           248           275           235           207 
 199           245           203           255           258           262           309           418 
 433           486           520           582           576           612           629           641 
 691           855           1019          1339          1751          2257          2880          3489 
 3758          4152          4250          4188          4060          3891          3832          3845 
 3934          4184          4351          4403          4238          3849          3378          2799 
 2263          1672          1307          896           686           572           397           323 
 271           227           191           203           185           166           164           160 
 139           145           148           148           126           137           126           146 
 121           124           125           117           118           104           137           108 
 110           113           111           113           105           93            106           98 
 103           94            86            98            97            90            83            76 
 85            72            69            75            66            72            74            59 
 87            54            62            60            55            56            62            66 
 62            59            62            45            51            52            52            58 
 51            47            57            42            55            52            31            50 
 46            43            56            40            50            56            49            37 
 37            29            35            49            39            23            41            34 
 32            38            42            25            23            28            37            28 
 32            35            28            24            30            27            23            32 
 23            25            34            28            27            33            25            20 
 29            30            18            19            15            14            22            26 
 21            31            20            21            18            13            17            25 
 19            26            19            18            20            22            24            17 
 15            15            20            22            17            23            25            21 
 14            23            17            18            19            11            18            10 
 25            16            18            11            12            14            16            14 
 14            16            12            20            10            17            20            14 
 17            12            17            15            9             22            13            18 
 15            21            16            19            12            17            17            14 
 24            31            15            13            27            16            15            15 
 22            17            12            18            23            20            26            25 
 16            15            28            20            21            13            21            22 
 19            19            16            20            15            16            26            16 
 19            22            8             16            14            9             8             12 
 13            10            8             14            7             12            6             13 
 14            12            9             7             11            7             8             9 
 7             4             7             3             17            13            12            10 
 7             8             11            4             9             9             12            6 
 6             8             9             10            10            6             9             6 
 6             5             9             6             7             11            8             6 
 11            8             5             6             6             7             9             5 
 11            7             7             9             8             6             11            7 
 14            4             10            9             7             13            5             7 
 5             9             7             8             5             8             7             9 
 12            6             7             6             11            2             13            5 
 5             11            12            4             8             3             3             7 
 5             5             6             7             16            6             4             8 
 6             2             5             6             5             6             6             6 
 4             7             7             1             12            6             5             7 
 4             2             4             3             7             2             1             4 
 5             4             5             5             7             5             6             4 
 3             4             7             4             5             3             6             5 
 6             5             3             4             5             5             6             4 
 6             8             8             9             7             4             3             7 
 2             4             3             2             7             7             6             3 
 6             6             7             10            5             5             2             3 
 5             8             1             7             6             5             8             6 
 7             5             1             4             9             1             3             7 
 4             6             5             3             4             6             4             5 
 5             4             4             5             2             3             3             2 
 3             6             2             2             4             3             4             2 
 3             5             7             5             3             4             1             3 
 2             3             1             5             6             4             2             3 
 2             2             2             5             2             2             1             2 
 3             3             1             4             1             2             3             2 
 5             1             4             4             6             3             5             5 
 7             2             5             4             1             2             1             2 
 2             2             0             3             3             4             6             0 
 3             4             4             1             2             3             3             6 
 6             4             5             4             2             1             3             3 
 8             7             5             2             4             6             4             5 
 2             9             2             4             4             4             7             3 
 6             3             6             4             8             4             4             2 
 5             2             4             2             3             1             2             3 
 3             2             3             2             2             1             6             3 
 0             2             2             3             2             1             1             3 
 1             1             1             3             0             3             1             2 
 4             2             1             1             2             3             0             0 
 1             1             0             2             3             0             0             2 
 0             2             1             0             0             0             1             0 
 0             0             1             2             2             1             1             0 
 0             2             1             0             1             0             0             2 
 1             1             0             4             0             0             0             1 
 0             1             0             0             2             2             1             2 
 3             2             1             0             3             0             3             2 
 1             1             0             1             1             0             0             0 
 0             0             1             0             1             2             0             1 
 2             0             0             1             0             0             2             1 
 1             0             1             0             1             0             1             1 
 0             0             2             0             0             0             2             0 
 0             0             0             0             0             0             0             1 
 1             0             0             0             0             0             0             1 
 1             0             0             0             0             0             0             0 
 1             0             0             2             0             1             1             0 
 0             1             0             0             0             0             0             3 
 0             0             0             2             1             0             1             0 
 0             0             0             0             0             1             0             0 
 1             1             2             0             1             0             0             0 
 0             0             1             0             0             1             0             0 
 0             0             0             0             0             0             1             0 
 1             1             0             0             0             1             0             0 
 0             0             0             0             0             0             0             0 
 0             0             1             0             1             2             1             0 
 0             0             0             0             0             0             1             0 
 0             1             0             0             0             1             0             0 
 2             1             1             0             0             0             0             0 
 0             1             0             0             0             0             0             1 
 0             1             1             1             0             0             1             0 
 2             1             1             0             0             0             1             0 
 0             1             1             3             1             0             0             0 
 0             0             0             0             0             1             1             0 
 0             0             0             0             0             0             1             0 
 0             0             0             0             0             1             0             0 
 0             0             0             1             0             0             1             1 
 0             1             0             1             0             0             1             0 
 0             0             1             0             0             0             1             0 
 0             0             0             0             0             0             0             0 
 0             0             0             0             0             0             0             0 
 0             0             0             0             0             0             0             0 
 0             0             1             1             0             0             1             0 
 0             0             0             0             0             1             0             0 
 0             0             0             1             0             0             1             1 
 0             0             0             0             0             0             0             0 
 0             0             2             1             0             0             1             0 
 0             0             0             0             0             0             0             0 
