$SPEC_ID:
bMCA Spectrum
$DATE_MEA:
06-22-2022  10:18:48
$MEAS_TIM:
 118.985       120
$DEVICE_ID:
bMCA 06201013
$ACQ_SETTINGS:
 2             120           1000          4             4095 
$HRDW_PARAMS:
PHA
 800
 3             3276          5 
 7             0             1023 
 80            25            45 
 1             1 
$SPEC_CAL:
-21.61505      2.251173      8.800329E-05
$MCA_CAL:
3
-21.61505      2.251173      8.800329E-05
$ROI:
 45            74            32768         1            57Co
$DATA:
 0             1023 
 1             3             3             10            17            36            69            94 
 146           149           136           158           164           186           142           166 
 175           205           187           254           242           257           264           217 
 216           196           224           197           205           192           236           234 
 251           320           353           404           456           451           572           540 
 600           578           581           612           669           737           930           1145 
 1540          1907          2461          2885          3282          3588          3875          3912 
 3868          3677          3517          3622          3545          3824          3906          3872 
 3998          3689          3445          2987          2437          1982          1533          1131 
 888           710           551           406           335           272           252           205 
 179           191           176           185           165           164           169           154 
 160           149           153           148           120           157           140           137 
 146           108           124           135           126           128           129           145 
 109           109           96            106           104           102           93            86 
 133           107           115           115           79            102           95            83 
 83            87            86            73            74            87            75            88 
 80            78            78            84            77            73            72            60 
 76            68            68            71            60            52            57            54 
 50            66            56            69            47            59            49            53 
 54            54            52            48            43            56            44            43 
 58            51            43            47            50            43            39            44 
 35            52            36            41            45            46            39            34 
 48            29            32            35            34            24            30            36 
 36            24            32            17            30            35            30            33 
 29            33            22            30            23            22            34            30 
 35            37            29            25            30            26            30            21 
 23            22            21            25            27            24            37            25 
 22            23            28            22            21            17            19            32 
 21            20            17            17            15            18            22            23 
 31            21            23            23            21            24            27            23 
 23            23            23            21            17            11            14            16 
 20            19            16            21            15            11            19            17 
 12            19            22            18            16            24            26            20 
 28            27            25            26            21            15            17            10 
 19            19            20            21            10            21            24            21 
 20            28            13            18            24            23            24            19 
 28            27            20            21            24            24            29            28 
 22            19            25            21            22            25            27            22 
 23            21            25            18            26            18            19            12 
 16            20            26            17            15            9             16            19 
 12            14            17            17            11            13            12            15 
 12            15            18            13            10            17            6             10 
 11            9             10            12            9             10            10            10 
 9             9             11            7             10            5             10            6 
 9             16            13            7             7             5             6             11 
 6             9             14            5             11            10            11            9 
 9             7             6             15            5             8             9             8 
 9             7             12            8             13            11            8             6 
 10            5             12            4             10            11            11            10 
 5             14            5             7             12            7             13            8 
 5             14            8             6             8             7             9             12 
 3             9             10            9             9             7             9             11 
 7             7             12            10            12            8             9             7 
 8             6             6             7             9             4             5             5 
 2             9             7             6             9             10            6             6 
 4             8             11            9             6             6             5             10 
 9             9             4             10            9             6             6             3 
 7             4             11            6             13            6             10            6 
 4             3             5             4             5             3             7             10 
 6             5             7             8             6             10            4             9 
 5             3             7             13            3             12            4             6 
 2             5             6             10            9             9             7             5 
 11            5             4             6             4             4             5             4 
 6             9             9             6             11            7             8             7 
 5             4             7             11            12            6             3             8 
 6             9             6             5             7             8             9             8 
 11            3             5             6             11            9             4             4 
 6             11            12            11            5             3             5             3 
 5             5             2             4             4             2             3             6 
 6             4             4             2             4             0             5             6 
 6             6             5             4             7             4             2             1 
 2             6             7             4             4             8             4             3 
 4             1             3             5             5             5             3             7 
 7             1             3             6             4             3             2             3 
 5             3             7             10            3             6             3             7 
 6             4             6             3             5             5             2             3 
 8             3             4             2             4             7             2             6 
 2             1             1             3             4             5             3             6 
 8             3             2             6             4             2             5             2 
 6             3             3             3             2             1             3             7 
 7             6             6             4             5             2             3             3 
 3             6             6             6             3             3             5             4 
 1             3             2             2             7             3             5             3 
 3             2             1             1             2             2             2             4 
 2             1             3             0             3             2             0             0 
 2             1             1             1             2             0             1             0 
 1             0             3             1             2             4             2             2 
 3             0             2             4             1             1             2             0 
 0             4             0             1             0             0             1             2 
 1             0             0             2             1             1             0             2 
 1             2             2             0             0             3             2             1 
 0             1             2             0             1             1             2             1 
 0             2             1             0             0             1             0             0 
 0             1             2             2             0             1             0             2 
 2             0             2             0             1             0             0             0 
 0             2             0             1             2             0             0             2 
 0             2             1             2             3             2             1             0 
 0             1             2             1             0             1             0             3 
 0             1             0             4             0             1             0             1 
 1             1             1             0             0             1             0             0 
 0             0             1             0             1             0             0             0 
 0             1             0             0             1             2             0             1 
 0             0             1             0             0             1             2             0 
 2             0             0             1             1             0             1             1 
 0             0             0             0             0             1             0             0 
 0             0             0             0             0             1             0             0 
 0             0             0             0             1             1             1             0 
 1             0             0             1             0             0             0             0 
 1             0             0             0             0             0             0             0 
 1             1             0             0             0             1             0             1 
 0             0             1             0             0             0             0             0 
 0             0             1             0             0             0             0             3 
 1             0             1             0             1             0             0             0 
 0             0             0             0             0             2             0             1 
 1             0             0             2             0             4             0             0 
 1             1             1             0             1             0             0             2 
 1             0             1             0             0             0             1             0 
 1             1             1             0             2             2             0             0 
 0             1             0             0             0             0             2             1 
 0             1             2             0             1             0             1             0 
 0             2             0             0             0             1             2             0 
 0             0             0             1             0             1             0             2 
 0             0             0             1             0             0             0             1 
 0             0             0             0             1             1             0             0 
 1             0             1             0             0             0             1             0 
 0             0             0             0             0             0             0             0 
 0             1             0             0             0             0             1             1 
 0             0             0             1             1             1             0             1 
