$SPEC_ID:
bMCA Spectrum
$DATE_MEA:
06-24-2022  08:04:45
$MEAS_TIM:
 118.95        120
$DEVICE_ID:
bMCA 06201013
$ACQ_SETTINGS:
 2             120           1000          4             4095 
$HRDW_PARAMS:
PHA
 810
 3             3276          5 
 7             0             1023 
 80            25            45 
 1             1 
$SPEC_CAL:
-22.21111      2.09241       9.752878E-05
$MCA_CAL:
3
-22.21111      2.09241       9.752878E-05
$ROI:
 49            79            255           1            57Co
$DATA:
 0             1023 
 4             7             16            15            39            56            47            93 
 126           164           190           185           192           197           188           198 
 225           200           218           250           257           272           269           255 
 202           185           203           179           179           175           180           199 
 201           220           241           303           311           353           400           425 
 458           500           506           561           624           617           603           665 
 719           837           1013          1289          1710          2054          2471          2975 
 3433          3684          3855          3907          3954          3684          3783          3677 
 3737          3810          3955          4124          3958          3826          3548          3040 
 2646          2158          1684          1270          995           778           572           467 
 399           299           272           226           168           128           151           156 
 142           126           124           146           143           127           97            106 
 137           113           121           120           110           100           96            107 
 106           99            115           118           98            113           93            82 
 97            94            107           97            95            87            79            100 
 74            107           73            98            88            84            85            57 
 73            72            57            80            69            50            61            51 
 72            62            60            57            57            57            47            58 
 45            57            57            45            42            40            45            50 
 46            54            51            48            40            49            48            43 
 43            38            48            41            40            38            38            40 
 36            43            32            48            39            43            32            42 
 47            32            49            30            33            34            42            33 
 30            21            24            26            20            20            21            29 
 27            29            25            23            23            26            20            28 
 26            26            23            20            16            30            17            23 
 17            13            22            21            25            21            20            17 
 17            14            13            14            21            28            27            20 
 16            18            17            14            20            18            19            18 
 19            14            20            19            18            14            18            8 
 18            21            19            15            21            13            21            20 
 17            18            18            11            14            18            8             15 
 13            16            20            7             8             14            16            7 
 19            15            13            21            14            14            12            17 
 9             17            15            10            15            14            13            11 
 15            11            15            16            14            13            16            16 
 9             10            17            18            19            15            19            14 
 15            19            17            10            14            18            8             19 
 12            14            13            20            12            12            12            16 
 15            19            12            16            17            16            14            17 
 5             19            10            17            14            22            12            12 
 11            14            13            13            8             6             8             15 
 8             13            10            14            9             10            7             4 
 5             10            7             10            3             13            6             7 
 5             12            8             5             14            10            6             10 
 4             9             9             5             11            5             5             7 
 7             12            8             8             5             4             6             6 
 8             1             11            6             5             4             6             1 
 6             8             2             6             6             5             1             7 
 2             9             8             3             6             2             6             5 
 8             4             4             3             7             7             3             10 
 3             4             7             7             2             8             6             5 
 6             7             5             9             4             1             8             6 
 7             4             5             2             5             5             4             5 
 6             4             4             4             11            4             7             3 
 2             3             5             6             4             3             13            5 
 5             5             5             3             2             3             5             6 
 6             6             3             5             5             11            2             9 
 4             6             5             3             3             7             2             8 
 2             4             5             1             2             7             6             3 
 0             3             4             1             4             2             6             2 
 6             8             3             2             5             4             5             1 
 5             5             10            4             2             2             6             2 
 2             3             6             3             2             8             3             10 
 6             2             5             2             3             2             2             5 
 1             1             3             2             3             1             7             3 
 4             4             8             8             4             1             2             4 
 3             2             4             7             4             1             5             3 
 2             1             2             5             6             9             0             4 
 6             2             4             5             0             3             7             4 
 4             7             6             4             1             6             3             4 
 2             1             5             1             2             2             5             3 
 3             4             5             3             6             1             5             0 
 4             7             0             3             2             2             1             2 
 1             1             4             2             5             1             0             3 
 3             1             3             0             3             1             3             3 
 1             1             1             1             2             6             5             5 
 2             3             0             4             4             1             4             6 
 3             3             1             4             1             4             2             2 
 2             2             2             0             1             2             2             3 
 3             1             2             3             3             1             1             1 
 4             2             1             4             1             3             3             4 
 2             3             4             3             2             4             2             6 
 5             2             5             3             4             2             4             5 
 5             3             4             2             4             1             1             6 
 4             3             4             2             3             0             4             2 
 4             2             6             0             5             4             5             2 
 1             3             1             0             6             5             2             4 
 5             2             0             5             2             3             5             2 
 1             5             3             1             6             2             0             3 
 0             3             1             3             2             0             1             3 
 2             2             1             1             0             2             1             2 
 0             4             1             2             3             2             1             0 
 1             1             0             0             3             3             2             2 
 0             0             1             1             0             2             2             1 
 1             1             0             0             0             2             1             0 
 1             1             0             0             1             0             0             1 
 1             1             2             1             0             2             2             0 
 0             0             1             1             3             1             0             2 
 0             0             0             0             2             0             2             0 
 0             0             0             1             1             0             1             1 
 0             0             0             4             0             2             2             2 
 0             1             0             0             1             0             1             1 
 0             1             0             0             0             0             1             1 
 2             1             0             2             0             1             0             1 
 0             1             2             0             0             1             1             1 
 0             1             1             0             0             0             3             0 
 2             0             3             1             1             0             1             0 
 1             1             0             1             3             0             0             0 
 0             1             0             0             1             0             1             0 
 0             0             2             0             0             0             0             0 
 0             0             0             0             1             1             0             1 
 0             2             1             0             0             0             0             1 
 0             0             1             0             1             1             0             1 
 1             0             0             1             0             0             1             0 
 1             1             0             0             0             1             1             1 
 0             0             0             0             1             1             0             0 
 1             0             1             1             0             0             0             1 
 0             2             1             1             0             0             0             0 
 0             1             0             0             0             0             0             1 
 0             1             0             2             0             0             1             0 
 0             0             0             0             0             0             0             3 
 0             0             0             1             0             0             0             0 
 0             1             0             1             0             0             1             0 
 0             0             0             1             0             3             0             1 
 0             0             0             2             0             0             1             0 
 1             0             1             0             0             0             0             0 
 0             2             0             1             1             0             1             0 
