$SPEC_ID:
bMCA Spectrum
$DATE_MEA:
06-22-2022  10:49:00
$MEAS_TIM:
 178.525       180
$DEVICE_ID:
bMCA 06201013
$ACQ_SETTINGS:
 2             180           1000          4             4095 
$HRDW_PARAMS:
PHA
 800
 3             3276          5 
 7             0             1023 
 80            25            45 
 1             1 
$SPEC_CAL:
-21.61505      2.251173      8.800329E-05
$MCA_CAL:
3
-21.61505      2.251173      8.800329E-05
$ROI:
 45            74            32768         1            57Co
$DATA:
 0             1023 
 2             6             12            29            30            57            93            133 
 151           208           210           251           227           206           241           229 
 248           284           317           358           344           370           354           329 
 342           318           298           297           317           316           355           372 
 407           439           483           572           637           733           773           791 
 791           850           852           903           970           1179          1369          1696 
 2287          2827          3507          4389          4992          5508          5803          5825 
 5622          5505          5330          5368          5452          5641          5781          5999 
 5969          5588          5168          4441          3705          2975          2361          1810 
 1276          1047          762           605           520           391           281           290 
 244           220           237           226           198           188           196           177 
 178           183           171           199           190           192           151           161 
 180           156           153           175           152           177           154           145 
 161           179           149           149           153           153           147           130 
 137           154           95            119           126           118           125           133 
 99            103           120           115           105           98            92            118 
 106           91            107           86            83            90            74            98 
 83            83            81            82            76            87            65            67 
 60            69            63            73            83            66            61            60 
 59            47            75            64            44            46            58            46 
 53            53            47            65            61            50            72            58 
 38            67            53            57            41            50            56            41 
 31            38            42            41            33            37            44            37 
 42            38            24            41            43            40            48            38 
 33            28            23            34            25            40            34            30 
 34            38            38            20            36            31            26            40 
 27            27            27            31            34            24            29            31 
 24            36            26            28            24            21            32            28 
 27            27            17            32            13            24            36            24 
 24            25            25            32            35            18            31            33 
 31            21            29            16            29            20            19            18 
 25            23            19            27            20            15            20            22 
 15            29            16            23            24            22            30            19 
 14            26            21            24            20            20            20            18 
 14            23            23            14            25            30            23            20 
 21            23            20            21            16            18            22            24 
 29            30            14            30            23            24            24            21 
 20            18            19            17            25            21            24            23 
 27            25            26            12            22            17            21            12 
 22            17            15            23            21            15            13            13 
 8             21            16            4             12            15            12            11 
 16            8             9             3             7             5             17            7 
 10            13            11            7             16            12            10            12 
 7             6             5             7             8             10            5             12 
 15            8             8             9             8             6             5             10 
 13            8             8             14            6             9             13            6 
 9             8             8             12            11            7             10            11 
 6             9             13            13            13            10            17            10 
 8             8             9             5             2             12            11            5 
 8             12            13            10            8             10            9             9 
 1             4             11            7             4             10            15            12 
 12            11            6             7             4             9             10            3 
 15            10            5             11            11            9             8             9 
 7             3             12            6             14            11            6             12 
 6             10            7             8             3             7             8             6 
 10            5             8             7             8             7             8             8 
 6             7             5             8             7             8             9             5 
 10            7             6             10            5             10            4             3 
 6             10            5             6             4             8             11            2 
 4             7             4             6             6             9             6             5 
 5             9             4             7             7             2             4             6 
 5             5             12            4             8             9             6             7 
 5             2             3             14            7             3             9             3 
 7             9             8             1             9             7             8             5 
 1             8             9             3             4             7             4             9 
 8             2             4             6             5             7             9             3 
 5             8             4             8             3             1             8             8 
 7             7             6             8             3             8             13            7 
 2             5             7             5             5             4             9             3 
 6             6             3             3             3             2             4             2 
 3             5             7             1             6             2             5             3 
 2             2             5             5             2             0             3             4 
 4             3             4             8             2             2             3             7 
 3             2             2             3             3             3             5             4 
 4             3             6             2             4             2             2             3 
 3             3             2             5             4             4             4             4 
 1             0             6             1             5             2             6             3 
 7             3             3             11            3             4             0             7 
 3             5             5             4             7             6             2             8 
 5             5             7             6             2             5             1             7 
 8             5             6             4             3             12            14            2 
 7             7             7             3             4             1             5             10 
 6             7             4             10            5             3             6             5 
 3             2             3             7             2             3             6             7 
 3             7             3             3             3             1             3             7 
 5             4             1             4             3             2             0             4 
 2             2             2             3             0             3             2             3 
 1             1             2             4             0             3             1             2 
 0             3             1             3             2             1             1             0 
 1             3             1             2             1             2             1             0 
 1             1             0             2             1             2             1             0 
 2             3             0             0             0             3             2             0 
 1             0             0             2             1             1             0             0 
 2             1             0             0             0             0             2             3 
 0             0             1             1             0             2             2             0 
 2             1             0             1             2             1             0             1 
 1             3             3             4             3             0             1             1 
 0             1             0             0             1             2             0             0 
 3             1             2             2             0             0             1             2 
 2             4             4             2             1             2             1             1 
 0             0             0             0             2             1             1             0 
 1             2             1             0             5             0             2             1 
 1             2             0             0             0             0             1             0 
 0             1             0             0             2             0             0             1 
 0             0             1             1             1             2             0             1 
 0             1             1             0             1             0             0             1 
 0             1             1             0             1             0             0             2 
 0             1             2             0             1             0             1             3 
 0             0             0             0             0             0             1             1 
 1             1             1             1             0             1             0             1 
 0             1             0             0             2             0             0             2 
 0             1             1             1             0             1             0             0 
 1             1             0             0             0             0             0             0 
 0             2             0             1             1             0             0             0 
 2             0             2             2             1             1             2             0 
 0             1             1             1             1             1             1             0 
 1             0             1             0             1             0             0             0 
 1             1             1             1             1             0             3             1 
 1             0             3             0             1             0             0             0 
 0             1             3             1             0             0             0             2 
 0             0             2             2             0             0             0             0 
 0             1             0             1             0             0             2             0 
 1             2             1             0             0             1             2             0 
 2             1             2             0             0             0             0             0 
 1             0             0             0             1             0             1             0 
 1             1             0             1             1             0             0             0 
 0             0             2             0             0             0             2             1 
 0             0             0             0             0             2             0             1 
