$SPEC_ID:
bMCA Spectrum
$DATE_MEA:
06-24-2022  08:26:43
$MEAS_TIM:
 178.455       180
$DEVICE_ID:
bMCA 06201013
$ACQ_SETTINGS:
 2             180           1000          4             4095 
$HRDW_PARAMS:
PHA
 810
 3             3276          5 
 7             0             1023 
 80            25            45 
-1            -1 
$SPEC_CAL:
-22.21111      2.09241       9.752878E-05
$MCA_CAL:
3
-22.21111      2.09241       9.752878E-05
$ROI:
 49            79            255           1            57Co
$DATA:
 0             1023 
 4             14            21            23            42            90            99            147 
 195           222           262           264           269           243           260           251 
 278           289           288           357           336           340           354           318 
 308           301           259           268           267           256           251           272 
 316           315           376           360           464           525           591           697 
 727           726           814           899           854           887           917           1025 
 1137          1315          1640          2018          2571          3265          3911          4646 
 5138          5667          5901          5930          5738          5573          5507          5566 
 5655          5865          6028          6040          5905          5738          5145          4410 
 3788          2933          2272          1736          1360          1085          806           624 
 480           415           355           276           279           233           232           234 
 179           195           202           183           200           183           161           158 
 181           170           139           147           145           156           150           143 
 159           165           141           134           147           146           145           149 
 138           131           123           150           111           138           105           138 
 116           111           123           111           105           111           113           96 
 111           108           89            90            85            88            91            76 
 98            95            94            83            79            69            76            67 
 79            77            73            64            66            74            75            76 
 77            63            66            54            69            56            53            57 
 67            63            69            51            56            55            59            55 
 58            57            53            60            39            55            56            47 
 50            61            56            55            54            42            56            47 
 41            49            39            48            44            30            34            35 
 26            30            38            34            30            36            36            34 
 30            32            34            35            26            31            38            26 
 20            26            34            27            24            32            29            27 
 27            28            17            17            25            28            33            18 
 24            26            22            25            18            27            23            18 
 19            19            16            31            33            29            23            26 
 28            27            21            19            28            21            30            19 
 28            25            27            24            26            16            25            25 
 28            21            18            21            26            26            18            18 
 15            20            17            18            17            16            21            20 
 20            13            20            21            21            18            18            20 
 18            24            19            18            11            13            13            17 
 22            15            14            22            24            16            18            15 
 25            17            17            15            19            21            28            27 
 20            10            25            17            23            26            18            21 
 19            14            23            20            22            16            33            17 
 20            19            11            21            19            23            22            26 
 14            13            15            18            13            14            18            15 
 14            13            13            14            13            18            12            17 
 10            15            18            11            7             9             14            17 
 9             8             18            7             10            4             11            11 
 6             6             8             7             9             5             7             10 
 6             11            12            11            13            6             9             7 
 7             13            8             5             8             6             10            10 
 7             12            3             4             12            7             6             8 
 3             2             9             12            9             5             5             6 
 7             5             8             5             7             8             12            5 
 8             13            7             6             5             3             4             6 
 6             8             9             6             8             9             11            10 
 10            7             10            5             9             6             12            5 
 9             8             3             4             7             7             8             7 
 10            10            5             2             9             2             5             6 
 8             8             7             13            9             13            9             10 
 10            4             8             8             10            2             8             10 
 4             7             3             9             1             9             5             3 
 6             5             7             3             12            5             6             3 
 7             2             6             5             10            5             3             4 
 4             7             5             5             5             6             9             4 
 3             4             5             4             7             7             2             3 
 6             4             6             5             4             8             4             9 
 6             3             4             11            7             6             4             4 
 5             4             5             6             4             3             7             12 
 6             6             5             5             9             6             9             5 
 4             3             4             7             6             5             1             8 
 4             2             3             3             5             12            6             7 
 3             7             7             1             3             4             9             3 
 3             6             4             1             7             6             7             7 
 5             5             2             10            2             3             4             4 
 4             2             4             6             3             3             4             4 
 1             3             5             2             4             4             3             4 
 1             0             2             5             2             1             4             2 
 4             1             3             3             4             3             3             1 
 3             7             3             4             8             3             1             2 
 2             1             1             1             3             3             2             2 
 0             5             2             1             3             2             1             4 
 0             7             2             3             6             2             6             5 
 2             2             4             6             3             6             2             5 
 2             6             2             3             4             2             4             5 
 3             2             4             1             2             1             7             6 
 4             4             5             3             4             10            4             7 
 5             4             3             7             1             4             4             6 
 7             2             3             4             10            1             5             5 
 10            7             5             4             6             7             3             6 
 5             6             1             4             5             11            6             5 
 4             6             6             3             4             5             4             8 
 4             1             5             4             2             3             1             0 
 7             4             3             1             7             3             4             3 
 4             0             3             1             2             2             1             5 
 4             3             2             2             0             4             2             0 
 1             2             2             2             0             2             1             2 
 0             1             5             3             0             0             1             0 
 0             3             2             3             3             2             1             0 
 0             1             2             2             0             0             1             0 
 1             1             0             1             1             1             4             2 
 3             0             2             1             1             0             1             0 
 1             0             2             0             0             2             4             1 
 2             1             0             1             1             0             1             2 
 1             0             0             2             2             2             0             1 
 1             1             0             2             2             1             3             3 
 0             2             0             5             0             0             2             0 
 2             3             1             3             3             3             1             2 
 2             2             1             1             1             2             1             0 
 2             1             0             1             1             0             1             1 
 1             1             1             1             3             1             1             1 
 0             1             1             1             0             1             0             0 
 0             0             0             0             1             0             1             2 
 1             1             0             1             2             2             2             0 
 1             0             0             0             0             0             0             0 
 0             1             2             0             1             0             0             0 
 0             1             1             1             1             0             0             0 
 0             1             0             1             0             1             1             0 
 0             0             0             0             0             0             1             0 
 0             0             0             0             2             2             0             0 
 3             0             2             0             0             0             0             0 
 0             0             0             1             0             0             1             0 
 0             0             0             0             0             0             2             0 
 0             1             0             0             1             1             1             0 
 1             0             0             0             0             1             0             3 
 0             1             1             0             0             0             1             1 
 0             1             1             0             0             0             1             1 
 1             0             1             1             0             0             1             0 
 0             2             0             0             1             0             0             1 
 0             2             0             0             0             1             0             0 
 3             0             1             0             0             0             0             0 
