$SPEC_ID:
bMCA Spectrum
$DATE_MEA:
06-22-2022  10:36:55
$MEAS_TIM:
 178.475       180
$DEVICE_ID:
bMCA 06201013
$ACQ_SETTINGS:
 2             180           1000          4             4095 
$HRDW_PARAMS:
PHA
 800
 3             3276          5 
 7             0             1023 
 80            25            45 
 1             1 
$SPEC_CAL:
-21.61505      2.251173      8.800329E-05
$MCA_CAL:
3
-21.61505      2.251173      8.800329E-05
$ROI:
 45            74            32768         1            57Co
$DATA:
 0             1023 
 1             6             9             10            30            62            98            126 
 186           220           222           230           199           233           215           229 
 268           303           344           360           411           372           372           345 
 329           346           301           321           317           303           376           383 
 432           466           518           594           681           759           773           799 
 835           879           847           959           990           1155          1400          1748 
 2241          2900          3576          4377          5034          5569          5690          5857 
 5717          5415          5352          5309          5495          5642          5983          5894 
 5912          5607          5168          4485          3666          3028          2270          1747 
 1419          1100          814           626           522           410           357           326 
 280           256           239           260           233           237           259           226 
 241           201           215           209           224           219           225           198 
 197           207           206           193           216           173           176           176 
 191           195           163           164           170           176           164           152 
 176           155           154           161           151           154           132           128 
 138           147           133           125           149           129           126           134 
 122           131           118           107           102           93            102           105 
 86            96            95            85            86            90            84            96 
 87            81            98            84            76            83            88            70 
 90            87            82            82            88            74            74            84 
 90            54            59            61            64            64            60            77 
 62            84            67            61            55            66            63            57 
 61            60            57            50            43            69            48            48 
 37            43            52            36            46            39            39            46 
 45            43            36            45            48            41            40            31 
 35            41            45            43            40            44            33            44 
 37            51            30            34            48            29            22            43 
 47            28            40            41            20            45            37            42 
 21            38            30            37            29            39            32            31 
 47            36            30            22            29            31            33            31 
 23            31            31            39            37            28            37            19 
 34            21            22            30            30            28            27            31 
 23            28            29            28            30            21            33            29 
 24            27            27            31            35            29            26            25 
 36            35            26            31            34            22            35            32 
 32            27            25            33            23            26            28            38 
 29            42            33            42            40            21            33            33 
 37            43            28            31            40            29            42            36 
 34            37            22            24            34            30            33            23 
 29            27            25            19            19            30            22            18 
 24            14            27            19            16            25            12            23 
 13            21            16            10            21            15            23            14 
 15            21            14            14            12            14            13            10 
 20            15            10            11            14            13            10            16 
 21            7             15            14            9             11            12            15 
 19            9             9             17            19            12            13            19 
 19            10            20            13            19            8             18            15 
 7             13            10            10            12            16            10            10 
 10            17            7             13            17            11            9             11 
 13            14            18            9             12            14            15            17 
 10            7             16            11            18            10            9             11 
 15            18            16            16            10            11            12            13 
 15            9             14            13            14            12            12            8 
 12            7             16            7             8             10            11            11 
 8             8             11            5             9             9             4             15 
 6             7             8             10            10            9             12            17 
 11            12            12            8             12            6             9             8 
 5             8             10            17            8             5             8             8 
 5             7             7             10            5             6             8             7 
 8             9             11            6             9             6             12            17 
 11            9             8             8             9             7             17            7 
 6             11            5             9             6             8             7             13 
 11            9             11            9             14            10            14            7 
 8             11            8             12            14            5             12            12 
 6             12            13            12            5             13            7             11 
 5             6             12            9             12            6             5             8 
 8             11            11            6             10            6             11            9 
 12            10            8             9             9             8             6             11 
 7             9             9             6             4             2             9             6 
 3             9             7             3             8             4             9             6 
 7             8             9             6             2             5             9             5 
 3             12            2             8             9             3             5             7 
 8             9             9             10            7             7             8             6 
 8             3             11            10            6             7             4             0 
 7             4             8             5             8             9             11            3 
 2             5             6             7             7             9             8             7 
 4             4             8             2             7             6             3             6 
 5             5             7             6             6             6             6             5 
 2             5             3             11            8             6             2             8 
 9             6             4             12            4             15            5             3 
 7             5             8             10            4             4             7             6 
 4             7             10            4             7             5             7             3 
 2             3             8             5             4             7             6             6 
 4             2             3             4             4             2             4             4 
 2             4             3             10            3             3             2             2 
 4             1             2             0             2             1             3             1 
 2             5             2             0             0             2             2             2 
 0             1             0             1             3             2             3             3 
 3             1             0             2             1             1             1             1 
 1             1             3             2             0             0             1             0 
 0             1             1             1             0             1             2             2 
 1             0             2             2             0             0             0             0 
 1             3             0             1             1             1             3             0 
 1             3             0             2             1             1             1             0 
 3             0             1             2             1             1             0             0 
 1             2             2             2             1             2             0             1 
 0             1             3             1             2             0             1             1 
 0             3             3             4             2             4             2             0 
 0             2             0             3             2             1             1             1 
 0             0             2             0             4             0             0             2 
 3             0             0             2             1             0             0             1 
 2             3             0             1             1             1             0             0 
 1             0             0             0             1             1             1             1 
 2             0             2             0             0             1             1             0 
 2             1             1             0             2             0             0             3 
 0             0             0             1             1             0             1             1 
 1             0             0             0             0             0             0             1 
 0             0             0             0             0             1             0             1 
 0             1             0             1             1             1             0             0 
 0             1             0             0             0             1             0             1 
 0             1             3             0             1             1             1             0 
 0             1             0             1             1             0             0             0 
 2             1             0             1             0             0             1             1 
 0             0             2             0             1             0             1             1 
 0             1             0             0             1             1             2             0 
 0             2             2             1             0             0             0             0 
 0             0             0             2             0             1             0             1 
 1             1             0             0             0             0             0             0 
 0             1             0             0             0             1             1             0 
 0             4             2             1             0             0             0             0 
 0             0             0             1             0             0             0             0 
 3             0             2             0             2             1             0             0 
 1             0             2             0             0             1             1             1 
 0             0             0             1             0             1             0             0 
 1             0             0             0             0             0             0             0 
 0             0             0             0             1             1             1             0 
 0             1             1             0             1             1             0             0 
 0             0             0             1             0             1             1             1 
