$SPEC_ID:
bMCA Spectrum
$DATE_MEA:
06-24-2022  09:47:52
$MEAS_TIM:
 178.45        180
$DEVICE_ID:
bMCA 06201013
$ACQ_SETTINGS:
 2             180           1000          4             4095 
$HRDW_PARAMS:
PHA
 810
 3             3276          5 
 7             0             1023 
 80            25            45 
-1            -1 
$SPEC_CAL:
-22.21111      2.09241       9.752878E-05
$MCA_CAL:
3
-22.21111      2.09241       9.752878E-05
$ROI:
 49            79            255           1            57Co
$DATA:
 0             1023 
 15            14            23            32            37            68            113           135 
 158           220           250           260           254           272           248           245 
 248           252           289           315           325           360           349           341 
 360           300           286           252           241           259           297           292 
 307           351           357           404           479           519           564           699 
 732           760           777           861           907           907           952           1028 
 1137          1382          1656          2089          2641          3320          4073          4887 
 5224          5644          5941          5920          5621          5376          5472          5510 
 5606          5686          5997          6009          6082          5589          5159          4366 
 3661          2933          2282          1751          1363          1029          829           611 
 564           411           341           294           265           245           215           206 
 189           217           202           182           174           198           196           180 
 187           169           159           174           209           150           166           166 
 162           159           155           159           145           138           147           145 
 156           123           148           132           149           142           140           154 
 126           126           121           106           116           104           134           95 
 95            111           119           113           91            94            108           87 
 81            87            73            92            77            102           103           81 
 80            71            80            72            69            80            74            56 
 57            72            59            73            53            76            69            61 
 55            66            67            72            65            67            48            49 
 62            54            55            56            55            53            48            59 
 62            54            47            46            54            46            45            42 
 55            50            50            44            45            34            32            45 
 37            38            35            37            32            37            30            32 
 42            31            33            37            38            34            31            36 
 22            28            22            33            36            37            40            30 
 40            27            40            20            29            32            24            41 
 31            35            34            28            16            24            35            26 
 23            38            21            23            28            24            22            35 
 28            27            18            26            23            27            28            23 
 22            20            23            25            24            32            22            15 
 31            22            29            23            20            21            22            23 
 21            22            16            20            28            19            16            20 
 23            23            24            18            24            19            17            17 
 20            18            31            9             26            24            26            19 
 19            24            18            17            14            21            12            27 
 26            23            28            19            26            31            24            18 
 22            33            27            24            29            26            22            33 
 22            21            28            37            24            30            14            22 
 19            35            19            18            25            16            20            20 
 31            17            18            18            18            18            21            14 
 20            20            16            17            10            17            16            16 
 17            18            11            11            16            14            18            10 
 5             15            10            13            7             16            14            10 
 16            11            4             9             12            13            12            8 
 8             11            7             13            16            6             9             9 
 6             13            11            11            16            9             7             14 
 6             14            13            20            15            10            8             16 
 8             12            6             13            4             5             4             9 
 9             11            12            9             9             7             12            14 
 7             12            14            5             8             11            7             8 
 7             8             12            8             7             9             15            11 
 9             12            8             11            8             4             19            8 
 9             8             12            4             3             4             5             8 
 9             7             10            6             11            9             9             6 
 11            7             9             8             8             15            8             17 
 12            9             8             14            14            7             12            8 
 8             5             4             7             6             8             8             6 
 5             6             11            8             3             4             7             6 
 5             11            7             11            3             5             4             5 
 8             5             7             3             7             5             10            4 
 7             9             8             5             10            6             4             5 
 9             6             7             4             14            13            7             8 
 5             12            7             5             7             11            14            9 
 7             13            5             7             6             8             2             5 
 10            4             9             4             7             6             6             5 
 5             5             7             7             8             6             7             13 
 2             10            5             9             11            4             12            6 
 7             4             9             3             5             9             4             2 
 8             8             9             4             6             7             4             5 
 4             7             3             4             5             10            10            6 
 6             3             4             3             5             3             8             7 
 7             4             5             5             5             7             5             3 
 6             1             4             2             4             7             4             5 
 5             3             6             4             4             8             9             7 
 4             4             5             4             6             7             2             6 
 2             2             2             6             3             8             3             4 
 6             1             6             7             1             2             5             4 
 5             7             8             5             2             5             5             3 
 4             3             2             2             5             2             2             7 
 3             2             9             6             4             3             6             8 
 3             6             2             3             10            5             5             7 
 6             9             5             7             4             4             7             1 
 3             4             8             11            4             5             6             6 
 9             4             7             4             4             4             7             6 
 8             5             6             3             6             5             6             8 
 4             7             4             5             9             4             3             4 
 5             4             1             6             3             3             3             3 
 3             4             6             1             2             2             4             1 
 4             4             5             2             0             3             2             3 
 4             4             1             2             3             4             0             2 
 1             0             1             4             3             0             1             1 
 2             2             0             0             3             1             1             0 
 1             1             1             2             1             0             0             0 
 0             0             2             0             0             0             0             3 
 1             1             0             2             2             0             2             1 
 0             0             2             1             1             0             0             1 
 0             0             0             1             3             0             2             2 
 1             0             0             0             1             1             0             2 
 1             1             1             1             0             1             4             1 
 3             2             2             2             0             0             1             1 
 2             2             1             0             2             2             3             1 
 1             3             0             1             3             0             2             0 
 1             1             1             0             1             1             0             0 
 1             0             1             1             1             0             0             0 
 0             1             1             1             0             4             2             1 
 0             1             0             0             0             2             1             0 
 4             0             0             0             1             0             0             0 
 1             0             1             1             1             0             1             0 
 1             0             0             1             0             0             1             0 
 0             1             0             0             2             1             1             0 
 0             0             0             1             2             0             0             1 
 1             1             1             1             0             0             0             0 
 0             1             0             1             0             0             0             2 
 0             0             0             1             2             0             0             0 
 0             1             1             0             0             1             2             0 
 0             0             0             1             0             0             1             0 
 2             0             3             1             0             1             0             0 
 1             0             1             1             0             0             0             0 
 1             0             0             1             0             0             1             0 
 0             1             2             1             0             0             1             0 
 1             1             1             1             1             0             0             0 
 0             0             1             0             1             1             0             1 
 0             1             3             0             1             0             0             0 
 1             1             1             0             0             0             0             1 
 0             0             0             2             1             0             0             2 
 1             0             0             0             1             1             0             0 
