$SPEC_ID:
bMCA Spectrum
$DATE_MEA:
06-22-2022  10:42:58
$MEAS_TIM:
 178.475       180
$DEVICE_ID:
bMCA 06201013
$ACQ_SETTINGS:
 2             180           1000          4             4095 
$HRDW_PARAMS:
PHA
 800
 3             3276          5 
 7             0             1023 
 80            25            45 
 1             1 
$SPEC_CAL:
-21.61505      2.251173      8.800329E-05
$MCA_CAL:
3
-21.61505      2.251173      8.800329E-05
$ROI:
 45            74            32768         1            57Co
$DATA:
 0             1023 
 4             6             4             18            33            59            90            146 
 169           212           230           244           237           208           240           265 
 240           270           320           390           421           353           372           339 
 346           302           348           306           274           331           332           362 
 389           450           510           587           645           723           749           837 
 866           891           909           950           996           1087          1312          1845 
 2235          2919          3611          4404          4981          5411          5829          5896 
 5734          5565          5409          5277          5479          5506          5840          5832 
 5870          5723          5262          4549          3652          2942          2288          1765 
 1395          1077          821           649           506           398           363           315 
 307           274           267           249           244           228           226           219 
 212           257           206           216           227           210           236           208 
 228           211           159           172           182           185           188           163 
 181           181           161           207           162           173           179           149 
 179           155           162           156           140           150           140           146 
 150           122           124           134           137           122           120           100 
 135           116           120           107           130           96            86            87 
 105           93            101           108           107           99            71            76 
 86            92            90            82            85            99            86            88 
 81            81            75            75            65            77            68            64 
 52            84            68            77            82            60            67            66 
 51            65            70            62            67            57            64            39 
 44            52            52            59            40            50            53            33 
 47            34            45            50            48            55            49            43 
 60            47            41            40            41            33            45            40 
 37            27            35            36            39            30            41            43 
 38            37            37            29            25            32            35            27 
 38            39            36            34            32            38            30            46 
 26            36            30            40            38            40            37            38 
 33            35            35            22            40            48            33            30 
 28            32            27            20            40            20            31            25 
 18            30            25            30            21            23            22            25 
 30            28            34            31            33            20            21            26 
 33            22            22            26            19            24            23            27 
 36            32            24            23            22            40            37            33 
 32            23            24            39            37            34            22            41 
 31            35            39            40            25            30            30            45 
 35            31            39            30            38            29            22            32 
 33            29            36            32            44            26            28            28 
 27            26            22            31            27            31            24            23 
 17            23            26            18            20            17            16            19 
 15            26            18            19            15            16            15            18 
 13            17            19            22            15            16            21            14 
 13            15            16            8             8             15            11            10 
 11            7             16            10            14            13            17            19 
 15            11            8             13            11            15            10            14 
 15            12            13            13            11            10            13            13 
 13            16            11            19            15            10            18            11 
 13            16            15            15            11            14            14            17 
 18            13            11            15            11            11            14            17 
 16            12            6             11            15            16            12            9 
 9             9             11            11            11            10            16            15 
 11            10            14            9             20            12            15            16 
 11            19            6             11            14            5             13            14 
 12            7             11            8             10            14            11            12 
 16            15            12            14            11            9             15            14 
 8             13            11            9             10            13            15            7 
 9             11            8             8             11            9             11            7 
 10            10            8             9             11            10            8             9 
 10            11            10            6             2             5             12            10 
 10            8             5             16            6             8             6             9 
 8             8             6             9             12            11            8             6 
 8             15            6             13            8             11            11            7 
 11            10            12            7             9             6             16            6 
 12            9             12            12            10            8             10            11 
 15            11            11            9             11            8             12            10 
 13            7             13            8             5             11            8             9 
 11            10            2             7             8             7             10            5 
 7             9             10            10            8             6             11            7 
 10            7             7             7             5             1             4             6 
 9             4             4             4             3             7             8             3 
 5             4             4             7             5             9             9             8 
 6             4             11            9             13            10            14            5 
 9             12            5             7             13            7             6             7 
 14            8             6             9             4             12            15            9 
 5             8             6             2             7             7             5             9 
 5             9             4             5             3             6             4             5 
 4             5             9             6             3             8             5             7 
 9             5             3             4             3             10            6             4 
 3             6             4             6             16            7             9             4 
 10            8             9             6             7             4             8             3 
 4             8             6             5             3             8             9             4 
 7             9             6             3             7             4             2             3 
 2             5             3             9             0             4             2             5 
 4             3             6             6             3             4             4             2 
 4             5             4             5             5             4             3             5 
 3             3             2             3             4             0             0             2 
 0             4             2             1             2             2             0             0 
 2             1             0             2             1             0             1             0 
 1             2             3             1             1             0             0             2 
 2             1             2             2             3             0             1             0 
 0             0             2             0             3             3             1             0 
 1             0             1             3             0             2             0             1 
 2             0             2             0             1             2             1             2 
 0             0             2             2             3             1             1             2 
 1             2             0             0             4             2             1             0 
 1             2             1             3             2             2             1             0 
 0             0             0             1             0             2             0             0 
 1             2             1             3             1             2             2             1 
 1             1             2             3             2             2             4             1 
 3             1             1             1             3             2             1             2 
 0             1             0             0             2             1             0             1 
 1             2             1             2             2             0             1             0 
 3             0             0             0             1             0             0             1 
 1             2             0             2             1             2             0             0 
 1             1             0             1             0             0             2             0 
 1             0             0             1             1             1             3             0 
 1             0             0             0             0             0             1             0 
 0             0             0             0             1             0             0             1 
 1             0             2             0             3             0             0             0 
 0             0             0             1             0             0             1             0 
 0             0             0             0             0             1             0             0 
 0             0             1             1             0             0             0             1 
 1             0             0             0             0             1             0             0 
 1             1             1             0             0             2             0             0 
 1             0             0             2             0             2             2             1 
 2             0             1             2             1             0             1             0 
 0             1             1             0             1             0             0             2 
 0             0             0             0             1             1             0             0 
 1             1             1             0             1             1             0             2 
 0             0             2             1             0             2             0             1 
 0             2             1             0             1             0             0             0 
 1             1             0             0             0             0             0             0 
 1             3             0             4             0             1             0             0 
 1             0             1             0             1             0             1             1 
 0             1             0             0             0             1             1             2 
 0             0             1             0             0             0             0             0 
 1             0             0             0             1             0             0             0 
