$SPEC_ID:
bMCA Spectrum
$DATE_MEA:
06-24-2022  08:29:44
$MEAS_TIM:
 178.46        180
$DEVICE_ID:
bMCA 06201013
$ACQ_SETTINGS:
 2             180           1000          4             4095 
$HRDW_PARAMS:
PHA
 810
 3             3276          5 
 7             0             1023 
 80            25            45 
-1            -1 
$SPEC_CAL:
-22.21111      2.09241       9.752878E-05
$MCA_CAL:
3
-22.21111      2.09241       9.752878E-05
$ROI:
 49            79            255           1            57Co
$DATA:
 0             1023 
 6             12            12            31            48            59            99            127 
 169           209           241           229           259           237           258           245 
 257           259           310           327           348           361           353           331 
 322           279           257           241           256           242           270           268 
 297           326           336           400           477           555           580           610 
 717           769           820           805           811           894           902           1004 
 1097          1267          1642          2009          2535          3169          3971          4515 
 5267          5742          5803          5849          5901          5559          5462          5507 
 5718          5854          6031          6044          5864          5677          5167          4518 
 3717          3028          2382          1764          1353          1051          869           672 
 485           391           374           274           256           221           236           223 
 200           220           201           209           178           168           177           161 
 147           183           143           153           175           153           156           161 
 153           135           148           162           145           133           137           141 
 128           113           125           132           144           147           137           118 
 132           130           100           117           115           76            117           119 
 105           94            92            104           85            93            83            90 
 82            96            80            76            75            69            73            77 
 80            73            77            63            71            59            68            86 
 58            64            67            71            63            68            55            52 
 54            58            66            69            63            59            55            59 
 47            43            58            52            57            45            54            38 
 42            37            50            41            52            48            47            45 
 35            27            40            27            41            39            32            32 
 28            34            40            33            32            33            19            38 
 33            42            30            35            31            31            33            38 
 28            34            28            30            33            20            29            17 
 26            28            28            28            27            31            30            35 
 18            30            21            22            20            29            18            31 
 29            20            20            30            29            27            24            27 
 33            26            26            41            28            21            24            22 
 29            21            17            25            23            23            26            21 
 23            22            31            19            21            16            21            26 
 27            18            15            33            24            17            16            16 
 16            17            21            20            20            21            21            27 
 23            11            25            17            20            18            19            25 
 18            33            34            24            17            21            16            21 
 29            20            9             18            14            23            27            27 
 19            22            15            19            27            11            29            26 
 21            20            12            16            23            23            20            20 
 21            24            17            22            19            18            21            25 
 13            18            19            19            15            8             16            18 
 11            17            11            12            5             12            10            12 
 12            8             21            7             8             11            6             14 
 5             7             8             9             7             6             12            7 
 7             5             8             10            12            13            8             11 
 14            6             13            8             13            8             6             6 
 10            5             5             6             10            11            4             10 
 10            5             10            9             9             9             10            6 
 7             9             11            5             7             7             12            8 
 8             13            12            5             6             11            8             5 
 8             10            11            5             7             11            14            8 
 5             8             6             4             15            6             14            10 
 11            8             7             4             4             6             9             5 
 5             7             3             6             5             3             7             3 
 9             7             2             7             10            6             6             9 
 6             10            6             2             12            9             4             7 
 10            4             5             6             4             5             3             7 
 7             4             8             6             9             5             1             9 
 5             6             8             3             6             4             7             11 
 4             5             5             7             7             6             2             5 
 6             4             12            7             7             8             5             7 
 10            5             3             5             4             3             5             6 
 2             8             6             4             5             3             5             1 
 5             7             4             6             5             4             2             7 
 5             4             6             10            8             2             5             6 
 5             4             6             8             3             6             1             3 
 4             5             4             10            7             4             3             5 
 4             12            4             5             3             6             7             4 
 5             2             1             7             2             6             3             3 
 8             8             5             0             4             5             2             1 
 10            5             8             5             6             5             5             4 
 1             0             1             3             3             4             4             3 
 5             6             5             5             5             4             2             2 
 2             3             6             4             7             4             3             7 
 2             1             2             4             5             3             6             6 
 1             5             4             4             4             3             4             2 
 2             2             8             5             7             2             4             0 
 1             5             3             3             4             3             2             4 
 2             3             4             4             2             0             5             0 
 4             4             1             4             1             4             2             6 
 2             1             4             4             3             9             1             2 
 4             6             3             1             2             4             7             2 
 6             3             7             1             3             7             3             4 
 5             3             2             5             6             5             6             6 
 6             7             5             7             4             2             2             2 
 4             6             1             2             7             9             4             3 
 6             8             1             7             4             1             2             2 
 6             3             5             8             4             3             2             0 
 5             0             3             1             2             3             1             2 
 2             0             0             5             2             3             3             3 
 2             2             2             4             0             1             0             2 
 2             2             5             1             2             0             2             1 
 0             0             2             0             3             1             1             1 
 0             4             0             1             4             2             0             1 
 0             0             1             2             2             2             1             3 
 0             1             1             0             1             1             2             2 
 2             2             2             2             0             0             1             0 
 1             1             1             0             3             1             0             1 
 2             1             0             1             1             2             1             1 
 5             1             5             2             1             5             3             0 
 1             2             2             2             2             1             2             2 
 0             1             1             1             0             0             1             0 
 0             0             2             0             1             2             3             0 
 0             3             0             0             1             2             0             0 
 1             1             0             0             2             2             0             1 
 2             0             0             1             1             0             1             1 
 0             2             0             0             2             1             2             1 
 0             0             1             1             2             2             1             3 
 1             2             2             0             0             0             0             2 
 0             0             0             1             2             0             2             2 
 1             1             0             3             0             1             0             0 
 0             0             0             1             1             2             0             0 
 0             2             0             0             0             0             0             0 
 2             2             3             2             1             0             0             2 
 0             1             0             0             1             1             0             2 
 0             0             1             0             1             1             0             2 
 1             0             1             0             0             0             0             1 
 0             1             0             0             0             0             1             0 
 1             0             0             0             1             0             0             1 
 2             0             0             0             1             0             0             1 
 1             0             0             1             1             0             0             0 
 0             3             1             1             0             1             2             1 
 0             3             2             0             0             1             0             0 
 1             0             0             1             1             1             2             0 
 0             0             1             1             0             1             1             0 
 0             0             0             0             1             1             0             1 
 1             1             0             0             1             0             1             1 
