$SPEC_ID:
bMCA Spectrum
$DATE_MEA:
06-22-2022  11:27:26
$MEAS_TIM:
 238.015       240
$DEVICE_ID:
bMCA 06201013
$ACQ_SETTINGS:
 2             240           1000          4             4095 
$HRDW_PARAMS:
PHA
 800
 3             3276          5 
 7             0             1023 
 80            25            45 
 1             1 
$SPEC_CAL:
-21.61505      2.251173      8.800329E-05
$MCA_CAL:
3
-21.61505      2.251173      8.800329E-05
$ROI:
 45            74            32768         1            57Co
$DATA:
 0             1023 
 1             3             10            34            42            75            125           177 
 240           300           337           314           290           308           321           302 
 349           372           429           512           493           513           496           496 
 404           366           413           423           409           459           496           524 
 543           656           725           823           899           919           1055          1106 
 1034          1077          1216          1266          1327          1509          1858          2366 
 3064          3953          4714          5777          6611          7561          7699          7670 
 7567          7279          7063          6946          7083          7170          7745          7894 
 7977          7471          7010          6061          4948          3898          3037          2306 
 1819          1404          1089          816           668           563           436           390 
 387           345           305           303           299           296           267           259 
 291           243           284           254           263           266           245           239 
 262           226           243           248           207           232           217           233 
 201           230           212           197           216           193           202           199 
 196           195           188           172           185           172           173           180 
 163           127           159           139           147           153           151           125 
 130           144           141           127           138           113           123           113 
 119           135           118           117           120           128           123           99 
 104           116           92            111           112           109           91            82 
 91            98            99            94            102           89            91            81 
 80            87            94            105           95            88            85            93 
 72            77            77            86            85            71            84            74 
 53            58            69            56            61            46            61            61 
 50            54            61            55            47            59            51            45 
 48            44            44            50            57            54            37            40 
 33            61            46            38            50            44            42            45 
 43            38            38            41            47            30            51            53 
 37            32            32            43            43            30            32            46 
 41            33            32            40            40            46            40            33 
 26            38            20            30            33            30            35            39 
 32            28            41            25            33            37            33            22 
 39            28            26            37            36            26            35            22 
 20            21            21            27            28            35            29            21 
 33            32            25            26            26            30            25            36 
 32            33            40            33            33            28            29            24 
 47            33            23            32            38            36            37            32 
 26            40            47            39            39            29            42            36 
 44            43            42            42            37            43            32            32 
 39            47            35            40            18            28            28            27 
 30            35            23            30            31            32            24            20 
 27            22            16            23            25            23            26            11 
 12            18            20            19            17            18            14            20 
 21            17            21            13            13            11            12            13 
 12            21            7             12            20            15            9             12 
 20            10            19            16            7             12            18            17 
 15            10            14            10            9             20            11            9 
 16            14            9             17            11            8             11            10 
 17            20            7             14            16            7             11            10 
 10            14            6             10            11            16            15            15 
 15            18            8             8             7             10            14            8 
 7             10            16            11            9             12            8             7 
 11            14            15            11            12            16            12            17 
 7             17            10            16            15            16            10            11 
 19            12            17            8             14            12            7             12 
 16            11            8             12            9             16            9             10 
 14            6             10            15            7             19            10            10 
 11            6             15            8             5             13            11            8 
 8             8             8             7             6             9             10            6 
 11            6             8             11            7             8             8             7 
 5             8             4             9             8             6             15            17 
 7             14            3             10            5             11            15            11 
 16            7             4             3             9             18            7             6 
 9             11            15            10            10            7             9             11 
 8             11            5             11            9             11            7             13 
 13            8             7             10            12            12            7             7 
 11            11            11            5             2             7             7             12 
 16            8             6             12            9             10            8             7 
 8             6             5             10            8             5             4             9 
 8             11            6             3             7             10            2             8 
 6             4             7             1             9             7             3             6 
 6             12            8             9             7             9             3             5 
 2             1             6             6             4             5             9             7 
 6             5             6             11            6             9             8             5 
 4             4             9             9             1             8             7             12 
 9             4             9             3             1             6             7             7 
 3             8             7             4             5             3             5             6 
 8             3             13            4             3             7             7             6 
 4             4             10            8             8             4             7             5 
 6             5             4             7             5             7             6             13 
 7             6             5             8             10            6             7             7 
 11            7             9             3             5             7             7             7 
 7             8             13            11            9             4             7             5 
 5             7             6             2             9             7             8             4 
 6             7             10            7             7             7             4             5 
 3             4             6             4             4             2             7             2 
 5             3             1             5             3             1             4             2 
 1             6             4             4             6             3             3             2 
 2             4             3             5             2             1             0             2 
 2             3             3             2             0             1             6             1 
 3             1             0             1             4             1             1             1 
 0             2             1             1             2             2             2             0 
 0             0             2             1             2             2             2             1 
 1             0             1             1             4             0             2             2 
 2             3             2             1             0             1             3             1 
 0             1             2             2             1             3             2             0 
 2             3             0             3             0             1             4             0 
 1             3             3             2             1             1             1             0 
 1             2             0             1             2             2             0             0 
 1             2             1             0             1             4             0             0 
 3             2             1             2             2             0             2             0 
 2             0             1             2             0             0             0             2 
 1             2             2             0             1             2             0             1 
 1             0             3             1             1             0             3             0 
 2             0             1             0             2             0             0             1 
 0             5             1             2             1             0             2             0 
 1             0             0             1             1             0             1             1 
 0             0             2             0             2             1             1             0 
 2             0             0             1             1             1             0             2 
 0             1             1             1             0             1             2             1 
 2             2             0             0             2             1             3             0 
 0             2             0             0             0             0             1             0 
 0             0             1             1             0             2             0             1 
 0             1             0             2             2             1             2             3 
 1             1             1             0             1             0             0             0 
 0             2             2             1             1             1             0             0 
 3             0             0             1             1             1             0             1 
 0             0             1             3             2             0             0             0 
 1             2             0             2             1             1             0             1 
 0             1             0             0             2             1             1             0 
 0             1             1             0             0             0             0             0 
 1             1             0             0             0             1             0             1 
 1             2             1             2             0             1             2             1 
 1             0             1             0             0             1             1             1 
 0             1             0             0             1             0             1             2 
 0             1             1             2             0             0             0             1 
 0             2             1             1             1             1             0             1 
 1             0             2             1             0             1             0             1 
 0             0             1             1             0             0             1             0 
