$SPEC_ID:
bMCA Spectrum
$DATE_MEA:
06-24-2022  09:08:49
$MEAS_TIM:
 237.91        240
$DEVICE_ID:
bMCA 06201013
$ACQ_SETTINGS:
 2             240           1000          4             4095 
$HRDW_PARAMS:
PHA
 810
 3             3276          5 
 7             0             1023 
 80            25            45 
-1            -1 
$SPEC_CAL:
-22.21111      2.09241       9.752878E-05
$MCA_CAL:
3
-22.21111      2.09241       9.752878E-05
$ROI:
 49            79            255           1            57Co
$DATA:
 0             1023 
 18            21            40            39            56            72            117           193 
 237           300           317           362           353           343           338           342 
 350           349           369           424           427           487           476           437 
 465           387           347           317           364           334           336           374 
 377           456           498           547           613           734           871           863 
 997           1075          1100          1073          1165          1197          1215          1336 
 1535          1861          2292          2808          3662          4494          5416          6249 
 7008          7469          7512          7697          7599          7333          7312          7223 
 7491          7713          8059          8072          8034          7538          6848          5812 
 4824          3955          3027          2402          1846          1427          1106          889 
 643           549           484           413           359           303           296           285 
 247           294           267           252           243           258           228           245 
 227           202           248           206           235           205           213           217 
 229           208           246           227           211           201           205           207 
 198           178           183           168           204           191           181           180 
 186           184           148           158           154           149           158           161 
 127           135           158           133           133           124           135           111 
 131           103           126           113           107           120           104           133 
 122           105           102           99            114           83            99            89 
 87            95            97            106           90            74            85            87 
 85            86            86            84            85            86            79            82 
 84            86            91            82            72            61            68            71 
 74            72            56            70            74            60            65            70 
 63            63            63            56            53            65            62            46 
 38            55            37            56            63            47            58            49 
 52            46            46            50            49            55            35            42 
 48            41            49            44            46            47            42            30 
 33            42            40            33            36            33            34            35 
 42            42            34            34            35            35            49            40 
 37            27            34            29            39            29            34            31 
 40            37            39            40            38            37            37            29 
 33            35            31            30            47            39            31            37 
 29            32            38            29            23            24            27            26 
 27            32            30            23            31            24            28            33 
 26            26            24            16            31            26            29            27 
 35            30            40            37            27            31            36            27 
 25            35            27            31            32            31            28            32 
 25            45            25            26            30            35            41            30 
 35            34            38            45            27            45            31            30 
 26            35            32            27            35            26            36            27 
 30            31            29            38            25            29            26            27 
 29            25            16            29            31            22            18            28 
 22            25            23            21            21            19            18            15 
 11            21            23            15            13            23            14            21 
 15            22            10            15            18            12            14            17 
 12            17            18            13            18            13            27            22 
 11            10            14            13            12            19            20            18 
 10            14            17            16            12            15            14            14 
 19            14            13            7             10            13            11            20 
 11            16            11            12            13            11            9             12 
 14            13            18            20            20            11            8             17 
 12            12            12            12            14            9             10            13 
 13            8             10            18            15            13            16            8 
 14            8             14            13            12            15            18            19 
 15            12            8             11            10            15            16            15 
 8             14            16            19            13            17            11            17 
 11            10            14            15            9             17            13            6 
 9             5             9             9             6             11            14            15 
 12            12            8             13            7             9             13            7 
 12            13            5             9             11            10            13            4 
 5             11            15            11            7             12            11            6 
 7             9             9             7             9             8             8             10 
 13            9             11            4             4             5             6             6 
 12            9             10            10            8             9             7             9 
 10            7             8             11            4             10            10            6 
 10            10            9             11            9             9             9             10 
 11            5             8             14            5             9             13            6 
 5             9             6             9             10            8             6             9 
 12            6             10            12            9             7             10            8 
 9             6             11            7             8             5             6             6 
 6             8             11            11            9             2             9             7 
 5             11            5             9             3             5             11            9 
 3             2             8             2             9             5             7             5 
 4             5             12            5             5             9             8             8 
 13            9             10            6             5             13            11            1 
 3             6             8             9             2             7             3             7 
 6             3             6             8             8             7             5             5 
 6             8             7             3             11            4             6             6 
 8             3             8             3             9             9             5             9 
 3             7             6             3             4             5             6             3 
 5             5             5             1             6             6             4             3 
 8             5             6             5             6             4             3             6 
 8             7             2             3             7             2             6             6 
 9             3             4             7             8             7             7             2 
 9             11            7             5             8             11            3             6 
 11            9             9             11            1             8             14            11 
 11            9             10            5             6             11            4             5 
 10            4             10            5             6             3             8             6 
 6             3             5             3             7             5             6             4 
 3             3             5             6             3             5             2             4 
 7             4             4             3             2             2             3             5 
 2             2             3             0             3             3             0             4 
 2             2             0             3             2             4             1             3 
 1             0             1             1             1             1             5             1 
 4             1             1             0             1             2             2             3 
 1             1             3             1             1             1             0             1 
 1             2             0             1             0             3             2             1 
 0             1             2             3             2             0             3             0 
 2             2             1             2             2             4             1             1 
 2             2             3             4             3             1             2             1 
 2             1             0             5             1             0             0             2 
 4             5             2             2             3             0             1             5 
 1             2             0             3             0             0             2             3 
 5             1             3             0             2             0             3             4 
 1             3             0             4             1             0             1             1 
 1             2             1             2             1             1             2             2 
 1             0             1             0             0             0             1             1 
 1             1             1             0             1             1             1             0 
 1             1             0             0             0             1             2             0 
 3             3             2             0             0             4             0             2 
 1             2             3             2             1             2             1             0 
 0             0             2             0             1             0             1             3 
 0             0             1             0             0             0             1             1 
 1             0             1             0             0             3             1             0 
 0             0             0             4             0             1             0             1 
 0             0             1             0             0             0             2             1 
 2             0             0             1             1             0             3             1 
 1             1             0             0             1             1             0             1 
 0             1             1             2             3             1             0             0 
 0             1             2             0             0             1             0             0 
 1             0             1             1             0             1             2             1 
 0             2             3             1             1             0             2             0 
 3             1             1             2             0             0             0             0 
 2             1             0             2             1             1             2             0 
 0             0             0             0             0             2             0             1 
 1             2             0             1             2             1             0             0 
 0             1             1             2             2             0             0             0 
 2             2             1             1             0             1             1             0 
