$SPEC_ID:
bMCA Spectrum
$DATE_MEA:
06-24-2022  07:57:34
$MEAS_TIM:
 59.475        60
$DEVICE_ID:
bMCA 06201013
$ACQ_SETTINGS:
 2             60            1000          4             4095 
$HRDW_PARAMS:
PHA
 810
 3             3276          5 
 7             0             1023 
 80            25            45 
 1             1 
$SPEC_CAL:
-22.21111      2.09241       9.752878E-05
$MCA_CAL:
3
-22.21111      2.09241       9.752878E-05
$ROI:
 49            79            255           1            57Co
$DATA:
 0             1023 
 1             3             5             6             15            15            32            45 
 64            79            81            104           95            78            88            93 
 70            84            103           108           98            107           111           103 
 83            83            77            76            91            76            86            99 
 99            96            123           142           162           166           177           204 
 217           271           275           293           306           259           327           315 
 362           411           533           650           786           995           1191          1469 
 1731          1799          2021          2045          1935          1965          1810          1888 
 1916          1954          1948          1940          2005          1928          1759          1566 
 1300          1112          842           709           479           368           318           242 
 198           161           140           107           96            83            69            58 
 63            70            60            71            67            49            65            60 
 64            74            59            60            55            53            57            52 
 47            48            50            54            53            56            51            41 
 38            54            35            44            54            46            50            40 
 43            43            37            38            35            31            35            37 
 43            46            34            35            37            32            37            30 
 34            36            30            23            38            26            31            32 
 25            26            18            31            20            27            23            29 
 28            31            17            20            18            18            21            23 
 27            19            25            26            12            30            18            27 
 20            20            28            14            16            13            17            17 
 19            28            10            17            15            19            15            14 
 17            14            11            18            21            13            13            7 
 7             12            11            16            9             11            7             21 
 14            9             14            12            10            11            18            13 
 14            6             9             13            8             10            9             9 
 14            10            10            7             5             9             13            5 
 10            8             6             10            10            11            6             9 
 8             11            10            8             8             7             3             6 
 8             11            7             13            11            9             6             12 
 11            11            8             5             9             9             10            11 
 8             3             11            9             5             8             7             11 
 6             7             6             1             5             8             4             7 
 9             4             7             8             6             7             7             9 
 10            8             7             11            9             11            11            3 
 5             9             6             13            2             5             5             5 
 7             7             8             4             7             4             5             5 
 4             8             7             5             9             8             9             7 
 8             7             11            7             14            6             10            6 
 7             3             2             8             9             7             8             6 
 10            9             7             3             6             7             4             4 
 9             9             4             7             5             3             2             7 
 4             3             10            2             9             5             8             1 
 1             5             3             3             2             6             3             5 
 3             4             2             6             4             3             5             1 
 6             4             1             3             4             6             4             3 
 3             2             2             1             3             1             4             6 
 1             5             1             2             5             4             4             1 
 2             0             2             4             2             5             2             4 
 5             6             3             1             3             1             3             1 
 3             2             1             1             7             3             2             5 
 5             3             4             3             0             6             3             2 
 1             6             3             6             4             1             0             2 
 2             2             3             1             2             4             3             1 
 4             2             2             1             3             5             3             5 
 1             2             5             5             2             6             1             1 
 0             3             4             5             2             3             0             2 
 0             3             2             2             1             2             4             0 
 2             2             3             0             1             2             1             1 
 1             4             3             2             4             3             1             1 
 1             3             3             4             3             2             2             1 
 3             0             1             2             3             1             2             0 
 3             2             4             5             4             1             0             1 
 2             2             1             0             2             5             4             1 
 2             2             1             2             0             3             3             1 
 1             2             1             2             6             2             1             2 
 1             3             1             2             1             2             2             4 
 1             0             2             1             3             2             1             2 
 1             3             5             2             1             3             0             0 
 0             0             2             1             2             2             3             3 
 1             1             1             2             2             1             3             2 
 3             2             1             4             7             1             0             2 
 2             0             2             4             2             0             2             1 
 2             0             3             3             2             0             1             1 
 2             4             2             2             1             0             1             1 
 0             0             0             1             0             2             1             1 
 2             3             1             2             0             0             3             2 
 0             2             0             1             0             3             2             2 
 2             0             1             1             2             0             5             2 
 2             2             0             1             1             2             0             1 
 0             2             0             1             2             0             1             1 
 2             1             1             1             0             3             1             1 
 1             1             3             0             3             0             2             2 
 0             1             1             2             2             0             0             4 
 3             4             6             1             3             1             2             2 
 1             5             4             1             4             5             0             1 
 0             4             1             2             0             2             2             3 
 2             0             5             1             0             1             0             1 
 1             1             1             0             0             0             0             1 
 1             1             2             1             0             0             2             0 
 0             4             0             0             2             1             0             1 
 2             0             1             0             0             0             0             1 
 1             1             3             0             0             0             0             0 
 1             0             1             0             0             0             1             4 
 0             3             0             0             0             1             0             0 
 0             1             1             0             1             0             2             0 
 0             0             0             1             1             0             1             0 
 0             0             0             0             0             0             1             0 
 0             1             0             2             0             0             0             0 
 0             1             0             1             0             0             1             1 
 0             0             0             0             0             0             0             2 
 0             0             1             0             1             0             0             1 
 0             0             0             0             1             0             1             0 
 0             0             1             1             0             0             0             0 
 0             0             0             0             1             1             1             0 
 0             0             1             1             2             0             1             1 
 1             1             1             0             0             0             0             0 
 0             0             0             0             0             0             0             0 
 1             0             0             1             0             0             1             0 
 0             0             1             0             0             0             0             0 
 0             0             0             0             2             0             0             1 
 0             0             0             0             0             0             0             1 
 0             0             0             0             0             0             0             0 
 0             1             0             0             0             0             0             1 
 0             1             0             0             0             0             0             0 
 0             1             1             0             0             0             0             1 
 0             1             0             0             0             0             0             0 
 0             1             0             0             0             0             0             0 
 0             0             1             0             0             0             0             0 
 1             0             0             1             0             0             0             0 
 0             0             0             0             0             0             0             0 
 0             0             0             0             0             0             0             0 
 0             0             1             1             0             0             0             0 
 0             0             0             0             0             0             0             1 
 0             0             0             0             0             1             0             0 
 0             1             1             0             0             0             0             0 
 0             0             0             0             1             0             0             1 
