$SPEC_ID:
bMCA Spectrum
$DATE_MEA:
06-24-2022  09:16:52
$MEAS_TIM:
 237.91        240
$DEVICE_ID:
bMCA 06201013
$ACQ_SETTINGS:
 2             240           1000          4             4095 
$HRDW_PARAMS:
PHA
 810
 3             3276          5 
 7             0             1023 
 80            25            45 
-1            -1 
$SPEC_CAL:
-22.21111      2.09241       9.752878E-05
$MCA_CAL:
3
-22.21111      2.09241       9.752878E-05
$ROI:
 49            79            255           1            57Co
$DATA:
 0             1023 
 7             13            22            43            65            96            114           157 
 270           272           330           327           350           317           336           367 
 365           376           370           417           396           483           479           470 
 402           414           333           369           342           381           391           400 
 428           452           487           537           666           708           837           942 
 954           1030          1047          1125          1125          1151          1196          1385 
 1494          1832          2211          2875          3737          4331          5455          6386 
 7256          7453          7718          7684          7497          7459          7333          7341 
 7480          7802          7992          8134          7774          7345          6779          5942 
 4850          3920          3035          2328          1830          1370          1119          852 
 677           578           509           403           361           326           302           279 
 279           305           254           241           270           262           247           261 
 229           229           241           271           220           238           221           203 
 197           230           206           207           219           188           195           209 
 192           174           180           193           177           173           197           161 
 159           166           168           156           160           164           156           178 
 149           134           137           134           122           140           137           135 
 123           127           113           114           111           107           114           130 
 119           104           85            111           90            100           100           90 
 106           103           92            94            88            84            98            73 
 100           82            83            88            83            79            72            79 
 76            69            73            88            76            69            64            78 
 57            81            70            66            57            63            74            64 
 48            36            59            65            46            61            58            52 
 53            45            39            54            47            43            49            44 
 37            45            47            56            35            48            48            53 
 43            50            29            38            48            47            32            38 
 36            34            50            41            30            38            39            37 
 28            40            43            26            32            37            29            33 
 29            42            31            34            42            37            43            38 
 36            40            32            30            31            33            38            32 
 35            33            32            29            39            47            26            34 
 36            42            34            31            27            25            25            40 
 36            27            36            32            20            26            28            30 
 25            25            26            23            25            38            22            21 
 20            18            30            31            31            27            37            32 
 27            32            34            22            30            28            28            24 
 30            41            35            28            32            39            44            32 
 34            31            37            28            45            43            32            23 
 28            34            28            31            43            41            20            41 
 34            37            40            33            31            28            35            22 
 32            22            25            29            21            23            22            21 
 23            11            27            15            25            15            23            21 
 16            25            21            18            13            17            10            22 
 10            16            12            16            12            9             10            23 
 13            21            12            5             18            15            22            18 
 21            20            13            24            8             12            13            17 
 11            16            16            9             14            14            14            14 
 17            16            9             17            9             15            14            10 
 7             14            13            8             9             16            21            16 
 8             10            11            8             8             9             11            13 
 8             14            10            8             12            10            11            13 
 13            11            15            9             10            7             9             13 
 11            8             13            10            13            10            11            13 
 9             14            9             22            9             9             13            17 
 7             8             5             11            11            16            16            11 
 7             10            10            16            9             18            15            12 
 7             11            13            9             10            11            14            12 
 11            8             11            9             2             12            15            7 
 14            7             5             14            10            12            9             7 
 7             7             4             12            6             10            18            9 
 7             7             10            4             7             4             12            10 
 9             11            6             10            6             4             8             6 
 8             4             8             3             10            6             7             8 
 7             5             12            12            10            7             4             11 
 12            10            13            12            7             5             5             9 
 10            12            6             7             9             5             7             8 
 14            6             7             15            11            7             4             5 
 12            6             10            7             9             5             7             8 
 8             5             8             7             13            12            8             15 
 6             8             6             12            11            8             10            6 
 6             7             7             3             8             6             5             6 
 6             6             8             3             4             11            1             5 
 5             3             7             3             5             11            0             4 
 5             10            8             9             13            6             6             6 
 6             8             8             9             5             6             4             5 
 7             9             5             4             7             3             7             8 
 5             8             6             9             4             5             4             7 
 4             6             4             4             4             7             4             9 
 10            4             6             3             7             5             2             4 
 7             7             1             6             9             7             6             2 
 8             2             4             4             4             4             10            6 
 6             6             9             3             10            5             3             2 
 10            7             3             11            7             2             3             11 
 9             4             7             4             12            8             6             13 
 5             14            6             9             7             8             10            5 
 11            10            6             11            7             11            10            6 
 6             6             6             4             11            7             7             7 
 5             7             4             3             5             2             5             5 
 5             4             3             5             5             4             8             6 
 5             5             3             5             4             3             4             3 
 1             1             5             2             1             4             3             2 
 2             3             2             2             0             2             3             3 
 2             1             4             1             2             5             1             4 
 3             3             4             1             0             2             2             0 
 2             1             1             2             2             2             2             1 
 2             3             3             0             1             3             1             4 
 2             3             1             0             0             2             2             1 
 3             3             1             2             4             2             2             1 
 3             2             4             1             2             2             2             0 
 4             1             1             3             2             1             0             0 
 3             2             1             3             3             0             1             0 
 3             3             1             2             4             1             2             1 
 1             0             0             3             2             0             2             3 
 2             0             1             2             2             3             1             1 
 1             1             0             1             2             2             3             3 
 3             1             0             1             3             0             3             1 
 1             1             1             0             1             0             0             0 
 2             1             0             0             0             2             1             3 
 1             1             1             2             0             1             1             0 
 0             2             1             0             1             1             1             1 
 0             2             0             0             1             1             0             0 
 2             0             3             1             0             1             0             3 
 0             0             0             1             0             0             1             1 
 0             1             2             1             1             0             2             0 
 0             0             1             1             1             2             0             1 
 0             0             0             1             1             1             0             0 
 1             0             1             0             1             1             0             1 
 0             1             1             1             3             1             1             2 
 1             1             1             1             0             1             1             0 
 0             1             1             0             3             0             1             1 
 1             0             2             0             0             0             0             1 
 0             0             3             1             3             1             3             2 
 2             0             1             0             2             1             0             0 
 0             1             1             0             1             1             1             1 
 0             0             0             1             0             1             2             2 
 0             1             0             2             2             1             0             1 
 0             2             1             0             4             1             1             2 
