$SPEC_ID:
bMCA Spectrum
$DATE_MEA:
06-24-2022  07:55:32
$MEAS_TIM:
 59.47         60
$DEVICE_ID:
bMCA 06201013
$ACQ_SETTINGS:
 2             60            1000          4             4095 
$HRDW_PARAMS:
PHA
 810
 3             3276          5 
 7             0             1023 
 80            25            45 
 1             1 
$SPEC_CAL:
-22.21111      2.09241       9.752878E-05
$MCA_CAL:
3
-22.21111      2.09241       9.752878E-05
$ROI:
 49            79            255           1            57Co
$DATA:
 0             1023 
 2             0             3             6             16            23            25            49 
 66            98            102           103           101           93            114           92 
 88            85            108           112           128           149           122           107 
 116           117           92            95            78            79            87            102 
 108           105           121           124           150           178           215           184 
 234           242           259           285           287           300           299           335 
 333           450           492           582           824           1014          1252          1454 
 1690          1825          1901          1967          1935          1909          1958          1780 
 1757          1948          1972          2088          1992          1968          1813          1534 
 1458          1126          863           697           517           398           299           268 
 185           145           130           95            73            67            74            89 
 71            62            66            55            60            71            49            68 
 64            55            55            56            58            59            66            39 
 48            54            51            56            66            56            34            53 
 56            45            47            65            39            47            45            55 
 39            52            44            46            38            33            51            31 
 33            31            37            32            36            32            30            30 
 30            34            37            26            28            22            32            25 
 24            22            24            22            35            18            25            24 
 35            27            20            24            20            30            29            18 
 31            23            30            24            14            18            22            14 
 29            16            19            15            15            20            12            16 
 16            14            23            11            17            20            15            12 
 8             8             15            17            17            10            9             13 
 8             8             5             13            14            16            8             9 
 17            7             13            11            14            18            10            8 
 12            10            11            9             12            12            9             10 
 11            17            8             10            6             8             9             16 
 12            11            5             12            6             11            2             7 
 9             11            5             13            10            6             8             9 
 6             8             10            7             11            13            6             14 
 12            10            12            9             6             14            9             8 
 7             7             3             7             16            5             5             8 
 8             5             4             4             11            6             6             7 
 2             6             6             10            9             4             5             10 
 4             8             3             8             6             6             13            6 
 5             5             4             6             4             15            3             12 
 6             8             6             3             14            5             8             8 
 9             7             12            8             6             9             8             9 
 5             8             9             5             11            11            9             6 
 5             2             9             6             8             10            5             6 
 9             7             2             5             7             7             7             4 
 4             5             6             5             2             2             6             4 
 3             5             2             5             4             5             8             2 
 2             3             9             0             6             1             3             7 
 3             4             1             5             3             2             9             4 
 1             4             4             1             3             4             3             3 
 5             4             2             3             2             5             4             7 
 3             2             7             1             7             1             2             5 
 2             1             3             2             2             2             2             5 
 1             4             2             3             5             2             2             2 
 2             4             2             5             2             3             2             6 
 1             3             2             1             3             2             4             0 
 1             3             2             3             4             1             3             3 
 4             3             3             6             2             3             4             4 
 1             5             3             6             2             2             4             3 
 5             7             4             2             3             0             4             2 
 4             4             6             2             4             2             3             1 
 1             0             3             1             4             1             3             2 
 2             0             1             4             2             3             0             0 
 1             3             2             1             1             4             5             1 
 2             0             0             5             2             0             1             1 
 0             3             2             0             2             1             2             1 
 1             1             0             3             2             2             6             5 
 3             0             3             4             1             1             1             2 
 1             4             0             2             1             0             5             0 
 2             2             1             1             1             1             4             2 
 4             0             1             4             1             1             2             4 
 2             3             0             4             2             3             4             1 
 6             1             2             3             1             4             0             2 
 1             3             3             3             1             1             0             2 
 2             2             3             0             0             1             3             3 
 0             2             3             3             3             3             1             1 
 1             0             1             0             4             2             1             2 
 3             1             1             0             0             0             3             3 
 2             1             2             1             2             2             5             2 
 1             0             2             3             0             1             2             0 
 0             1             1             1             4             3             0             0 
 2             1             2             1             2             2             4             1 
 1             0             0             0             0             0             0             3 
 1             0             1             0             1             1             0             0 
 1             1             0             0             3             1             2             2 
 1             0             1             1             1             1             0             1 
 2             1             2             2             0             3             2             1 
 2             2             0             3             3             1             5             1 
 0             2             3             4             5             2             1             0 
 0             5             0             2             4             2             2             2 
 1             2             2             2             1             0             3             3 
 1             2             3             2             3             0             2             0 
 1             3             1             0             2             0             1             4 
 1             1             2             3             1             0             2             1 
 1             0             0             0             0             0             0             0 
 1             1             0             1             1             0             1             0 
 2             0             0             0             0             0             2             2 
 1             0             0             0             0             2             0             0 
 1             2             0             1             1             0             0             1 
 1             0             1             0             0             0             1             0 
 1             0             0             0             0             0             0             0 
 1             0             0             0             1             0             0             0 
 1             0             0             3             0             0             0             2 
 1             2             1             2             0             0             0             1 
 0             1             0             0             0             0             0             1 
 0             0             0             1             1             1             0             0 
 0             0             1             0             0             0             2             0 
 1             2             2             0             0             1             0             0 
 0             0             0             0             0             0             0             0 
 0             0             0             1             0             0             0             0 
 0             0             0             0             1             0             0             1 
 1             1             0             0             0             0             0             0 
 0             0             0             0             0             1             0             2 
 0             0             0             0             0             0             1             1 
 0             0             0             0             1             0             0             1 
 0             0             0             0             0             0             0             0 
 0             0             0             0             0             0             0             0 
 1             0             0             0             0             0             0             0 
 0             0             0             0             1             0             1             0 
 0             0             1             0             0             1             0             0 
 0             0             0             0             0             0             1             0 
 0             0             1             0             0             0             0             0 
 0             0             0             0             0             0             0             0 
 2             0             1             1             0             0             0             0 
 0             0             1             0             1             0             0             0 
 0             0             0             0             0             0             0             0 
 0             0             0             0             0             0             1             0 
 0             0             0             0             0             0             0             0 
 1             0             0             0             0             0             1             1 
 0             0             1             0             0             0             0             0 
 0             0             0             1             0             0             0             0 
