$SPEC_ID:
bMCA Spectrum
$DATE_MEA:
06-22-2022  10:32:56
$MEAS_TIM:
 118.985       120
$DEVICE_ID:
bMCA 06201013
$ACQ_SETTINGS:
 2             120           1000          4             4095 
$HRDW_PARAMS:
PHA
 800
 3             3276          5 
 7             0             1023 
 80            25            45 
 1             1 
$SPEC_CAL:
-21.61505      2.251173      8.800329E-05
$MCA_CAL:
3
-21.61505      2.251173      8.800329E-05
$ROI:
 45            74            32768         1            57Co
$DATA:
 0             1023 
 0             1             3             15            23            50            59            75 
 105           151           162           163           147           144           172           160 
 178           192           215           213           223           245           251           239 
 214           246           228           186           212           226           224           254 
 266           311           353           396           438           475           508           543 
 600           597           578           672           650           757           938           1158 
 1472          1883          2371          2984          3349          3572          3804          3863 
 3689          3615          3567          3570          3685          3741          3890          4020 
 4032          3781          3525          3146          2526          1991          1554          1122 
 902           711           511           466           346           276           245           208 
 164           189           198           178           173           140           142           158 
 167           150           138           165           129           156           148           134 
 134           137           106           124           119           134           122           121 
 124           122           119           103           123           115           109           114 
 103           86            104           97            91            93            98            69 
 94            84            72            72            74            68            75            76 
 73            66            75            63            66            72            78            64 
 69            64            55            45            55            68            67            56 
 57            62            71            50            63            46            50            44 
 47            56            55            44            42            60            53            53 
 57            50            65            51            49            29            43            41 
 38            40            45            49            34            40            34            32 
 25            38            33            32            39            35            29            36 
 34            30            33            18            44            25            32            30 
 30            32            35            21            22            34            27            28 
 23            29            19            22            34            28            16            29 
 18            36            24            22            28            21            24            28 
 24            20            22            31            30            28            29            27 
 26            21            23            16            21            20            14            31 
 17            29            21            25            23            29            21            30 
 22            26            16            21            15            20            19            11 
 23            22            14            16            27            20            17            10 
 18            20            18            15            27            20            24            17 
 26            15            22            29            18            16            28            24 
 17            22            28            26            18            16            20            15 
 24            22            18            28            23            18            24            25 
 22            25            20            28            31            24            21            16 
 25            25            15            29            15            24            23            34 
 21            27            14            15            24            19            26            20 
 23            26            22            18            24            14            20            14 
 17            15            14            19            13            19            15            16 
 14            7             7             12            9             10            11            7 
 18            11            7             12            9             12            12            16 
 8             9             4             13            7             5             3             9 
 9             11            9             10            9             10            13            5 
 12            6             13            10            10            7             4             8 
 5             9             11            7             7             6             3             11 
 4             9             8             7             11            7             5             9 
 7             7             5             7             5             4             8             5 
 2             11            8             9             3             9             4             5 
 7             9             11            10            10            6             18            12 
 10            10            11            14            6             14            13            7 
 10            5             5             6             5             15            5             9 
 6             7             7             7             6             4             9             9 
 11            6             5             7             4             0             11            10 
 8             7             6             9             7             6             5             6 
 3             7             6             5             12            10            7             5 
 3             5             2             8             4             3             3             3 
 4             2             2             6             6             3             7             5 
 0             5             4             6             5             6             3             7 
 7             3             4             5             5             6             7             9 
 6             7             4             9             6             4             5             8 
 15            5             3             6             7             6             5             6 
 6             4             7             7             2             12            4             5 
 6             8             4             6             5             6             5             5 
 4             6             10            9             6             5             5             6 
 3             4             7             6             5             9             6             7 
 4             7             7             2             4             6             6             8 
 5             7             6             6             8             1             2             2 
 4             5             7             4             0             3             7             0 
 10            5             3             2             4             2             5             0 
 8             6             4             3             1             8             2             7 
 2             5             4             6             5             3             5             2 
 4             7             6             12            5             6             7             3 
 3             2             6             5             4             4             5             6 
 2             5             8             2             2             5             2             3 
 4             3             7             5             3             6             4             5 
 4             3             0             3             7             6             2             3 
 5             1             5             5             2             3             3             5 
 5             9             7             5             6             5             3             3 
 6             4             4             2             7             2             2             4 
 6             7             3             4             5             2             7             3 
 4             4             5             6             3             2             0             4 
 2             1             1             4             6             1             4             2 
 3             1             4             2             2             4             0             1 
 0             2             2             3             0             3             2             0 
 1             1             0             2             1             2             0             0 
 0             0             0             0             2             2             2             1 
 0             7             2             0             1             2             1             1 
 1             1             1             2             0             2             0             2 
 4             1             3             0             4             0             0             1 
 2             0             0             1             2             0             1             0 
 1             0             2             1             0             0             1             2 
 0             0             1             0             2             0             1             1 
 0             1             2             0             1             1             1             1 
 0             0             0             0             0             1             1             0 
 2             0             0             1             1             0             0             0 
 3             0             1             0             1             0             0             2 
 2             1             0             0             0             1             1             0 
 1             1             1             0             0             2             1             0 
 1             1             2             0             0             3             0             0 
 2             0             1             1             1             1             0             0 
 1             2             1             0             0             1             1             0 
 0             0             1             0             0             1             0             2 
 0             0             0             1             0             0             0             0 
 0             0             0             0             0             1             0             0 
 0             0             0             2             0             0             0             0 
 1             0             2             0             1             0             0             0 
 0             0             1             0             0             1             0             0 
 1             0             0             0             0             1             0             1 
 0             2             4             1             1             0             0             0 
 0             1             0             0             0             0             1             1 
 0             0             1             0             0             0             0             1 
 1             0             0             0             1             0             0             3 
 0             2             1             0             0             1             0             0 
 0             0             0             1             0             0             0             1 
 0             0             0             1             1             1             1             0 
 0             0             0             1             0             0             0             0 
 0             0             0             1             0             0             0             1 
 0             0             0             0             0             0             0             1 
 1             0             0             1             0             0             0             2 
 1             1             0             0             1             1             0             0 
 1             1             0             0             0             0             0             0 
 0             0             0             2             0             0             0             0 
 0             0             0             1             1             0             0             0 
 0             0             2             0             0             0             0             0 
 0             0             0             0             0             0             0             1 
 0             0             0             1             0             0             0             0 
