$SPEC_ID:
bMCA Spectrum
$DATE_MEA:
06-24-2022  08:18:52
$MEAS_TIM:
 118.945       120
$DEVICE_ID:
bMCA 06201013
$ACQ_SETTINGS:
 2             120           1000          4             4095 
$HRDW_PARAMS:
PHA
 810
 3             3276          5 
 7             0             1023 
 80            25            45 
 1             1 
$SPEC_CAL:
-22.21111      2.09241       9.752878E-05
$MCA_CAL:
3
-22.21111      2.09241       9.752878E-05
$ROI:
 49            79            255           1            57Co
$DATA:
 0             1023 
 4             8             15            28            24            48            79            84 
 117           163           176           202           187           183           196           226 
 202           209           222           243           248           230           265           258 
 206           197           178           178           159           184           207           190 
 179           215           204           275           306           359           398           459 
 497           545           553           608           551           575           579           666 
 793           883           1087          1407          1712          2187          2607          3133 
 3471          3768          3875          3989          3788          3690          3811          3721 
 3784          3886          4034          4109          4104          3657          3509          3002 
 2488          2044          1560          1228          938           718           539           432 
 364           303           255           208           175           154           141           130 
 151           136           135           126           131           142           116           124 
 124           119           109           96            136           117           105           114 
 118           103           91            90            106           124           87            118 
 99            80            98            97            92            97            84            93 
 82            80            92            86            88            81            83            64 
 78            70            62            67            62            58            58            71 
 55            49            44            49            56            52            58            38 
 59            78            50            52            53            45            52            49 
 36            66            40            50            45            35            48            34 
 44            51            52            55            38            42            45            35 
 37            39            36            50            39            41            39            30 
 41            47            38            37            42            29            39            24 
 27            32            32            18            33            30            22            33 
 20            24            29            30            20            21            26            15 
 22            20            25            18            21            31            24            30 
 22            19            28            29            16            20            25            15 
 29            17            20            15            26            18            20            14 
 14            26            22            18            15            17            20            14 
 15            19            24            17            16            12            19            18 
 17            11            16            17            12            22            19            16 
 13            29            19            20            15            25            16            18 
 17            17            14            15            14            18            12            15 
 18            9             20            18            10            17            11            13 
 10            11            14            18            12            9             14            10 
 11            17            13            10            15            22            14            16 
 20            18            12            25            12            18            20            14 
 8             18            18            17            13            9             14            21 
 16            11            7             18            11            15            16            17 
 23            14            15            25            15            18            10            25 
 15            19            15            13            12            9             15            11 
 11            16            17            16            22            15            7             6 
 15            8             11            9             7             12            12            5 
 13            6             7             9             9             7             11            12 
 7             12            6             8             3             6             5             13 
 5             11            7             6             10            8             5             6 
 5             4             3             7             11            8             6             4 
 11            5             8             9             2             6             9             6 
 10            7             5             8             13            6             7             6 
 9             7             5             6             2             6             5             5 
 9             4             4             4             7             4             5             10 
 6             9             6             8             3             4             4             8 
 10            2             2             7             9             8             6             2 
 7             9             5             7             7             4             6             6 
 3             7             7             8             10            5             10            4 
 5             5             9             6             9             7             4             7 
 4             3             4             5             4             3             6             5 
 10            2             4             5             10            4             6             6 
 5             5             8             4             4             3             6             7 
 4             4             7             5             4             7             3             9 
 6             10            2             1             1             5             4             3 
 3             3             9             5             6             1             2             5 
 4             5             2             5             3             6             2             5 
 5             3             6             3             3             6             4             4 
 7             10            5             4             4             4             5             5 
 1             7             2             4             3             4             2             3 
 0             3             4             2             5             4             5             5 
 7             5             5             6             4             3             2             6 
 4             4             2             1             6             1             2             6 
 3             5             3             2             3             1             5             4 
 5             4             6             4             2             6             4             7 
 3             4             4             3             2             4             7             2 
 2             3             1             2             0             8             3             6 
 2             3             3             0             3             3             1             6 
 1             2             3             2             1             1             1             2 
 2             2             2             2             1             2             3             0 
 4             3             3             4             2             0             3             3 
 3             4             2             2             5             4             4             1 
 1             4             4             2             1             4             1             1 
 4             2             0             1             3             3             2             0 
 2             3             4             3             3             1             1             3 
 1             3             0             5             2             1             2             4 
 5             1             5             7             4             4             4             3 
 3             4             0             1             5             1             2             4 
 4             5             6             3             6             4             4             6 
 3             2             3             5             7             3             4             6 
 2             5             2             3             3             3             6             8 
 4             3             1             3             0             4             4             5 
 1             1             3             2             0             6             2             0 
 2             0             1             3             1             1             2             4 
 1             0             0             2             2             2             1             0 
 4             3             3             2             2             1             4             2 
 0             1             0             0             0             0             2             1 
 1             1             1             1             0             0             1             0 
 1             0             0             3             0             0             3             0 
 3             0             0             0             0             2             2             0 
 0             0             1             1             0             0             0             1 
 2             1             1             0             0             1             1             1 
 1             1             0             1             0             0             0             0 
 0             0             1             0             1             0             0             1 
 1             2             1             1             0             1             0             1 
 3             1             1             2             0             0             2             1 
 0             0             1             3             0             1             0             1 
 0             2             0             0             2             0             0             4 
 3             0             0             1             0             0             0             1 
 2             0             0             0             0             2             0             0 
 0             0             0             0             1             0             0             1 
 0             0             1             1             1             0             0             1 
 0             0             1             1             0             2             0             0 
 1             0             0             1             0             0             1             0 
 0             1             2             0             1             1             0             0 
 0             0             1             1             1             1             1             2 
 0             0             0             0             0             0             1             1 
 0             1             0             0             0             0             1             0 
 0             0             0             0             0             1             0             0 
 0             1             1             0             0             0             0             0 
 0             0             0             2             1             0             0             0 
 0             1             0             1             1             1             1             0 
 2             0             0             0             0             0             0             1 
 0             1             1             0             0             0             1             0 
 1             1             1             1             1             0             0             0 
 0             1             1             0             1             0             0             1 
 3             1             1             0             0             0             0             0 
 0             0             2             1             0             0             0             1 
 1             0             0             0             1             0             1             1 
 1             2             1             0             2             0             0             0 
 0             0             1             0             0             1             2             0 
 0             1             0             1             0             1             0             1 
