$SPEC_ID:
bMCA Spectrum
$DATE_MEA:
06-24-2022  09:04:48
$MEAS_TIM:
 237.905       240
$DEVICE_ID:
bMCA 06201013
$ACQ_SETTINGS:
 2             240           1000          4             4095 
$HRDW_PARAMS:
PHA
 810
 3             3276          5 
 7             0             1023 
 80            25            45 
-1            -1 
$SPEC_CAL:
-22.21111      2.09241       9.752878E-05
$MCA_CAL:
3
-22.21111      2.09241       9.752878E-05
$ROI:
 49            79            255           1            57Co
$DATA:
 0             1023 
 7             26            46            37            59            109           149           189 
 252           306           308           365           343           361           362           343 
 345           370           358           413           455           482           479           457 
 456           357           381           357           374           361           364           366 
 401           428           496           555           609           711           795           870 
 1001          1037          1076          1176          1217          1238          1214          1387 
 1581          1881          2275          2878          3563          4497          5429          6279 
 6942          7636          7687          7660          7567          7567          7415          7282 
 7426          7727          7879          8174          8034          7483          6811          6080 
 4863          4007          3003          2508          1815          1375          1069          837 
 725           561           471           393           347           326           287           285 
 268           260           289           265           247           271           284           244 
 241           219           238           250           235           219           224           209 
 198           199           235           206           203           202           198           225 
 195           180           185           180           177           214           167           167 
 187           164           160           165           158           154           169           165 
 140           159           141           135           152           127           113           115 
 144           118           128           124           120           95            134           145 
 107           102           97            110           118           85            120           83 
 88            84            94            82            110           80            72            105 
 87            92            91            92            93            102           92            85 
 88            80            84            78            82            75            67            91 
 74            69            70            65            78            64            70            75 
 60            61            52            66            51            56            50            46 
 55            52            69            64            37            54            62            42 
 38            64            52            41            52            50            54            37 
 42            43            34            32            36            37            37            34 
 44            56            40            36            31            31            27            31 
 42            41            51            35            31            41            29            30 
 42            32            31            37            35            24            42            40 
 29            31            26            43            33            39            35            42 
 38            38            28            32            31            33            34            33 
 23            28            37            26            30            31            26            22 
 23            27            26            27            36            33            29            34 
 31            21            26            21            21            38            15            22 
 33            28            41            27            14            25            34            34 
 29            28            29            32            30            39            23            45 
 37            31            35            30            29            37            41            28 
 33            42            27            35            31            39            31            41 
 42            26            30            27            25            33            37            28 
 35            34            37            36            40            35            25            30 
 30            28            21            28            34            19            19            22 
 19            23            20            22            36            17            26            19 
 23            15            13            15            21            11            9             19 
 12            9             18            14            12            15            20            15 
 11            15            20            17            14            11            13            15 
 20            18            16            11            11            16            18            20 
 13            16            16            11            5             12            11            17 
 12            10            13            11            9             4             20            17 
 12            19            16            16            15            9             10            13 
 15            20            13            11            19            9             19            17 
 12            11            13            12            8             14            18            15 
 16            10            14            14            9             8             8             13 
 14            14            12            14            11            20            10            18 
 14            7             14            16            13            11            19            13 
 11            16            10            13            15            13            13            9 
 9             10            17            10            9             9             11            10 
 9             16            8             9             12            9             14            4 
 13            14            6             10            7             10            10            9 
 6             8             14            9             8             8             7             14 
 5             9             10            5             12            12            5             10 
 8             11            12            9             14            12            7             13 
 7             4             10            11            8             6             7             8 
 11            2             10            8             4             9             3             8 
 6             14            5             16            6             13            4             12 
 8             1             8             7             4             4             5             8 
 6             9             8             9             9             8             10            7 
 12            10            11            14            9             11            7             7 
 5             7             7             9             5             13            9             8 
 11            12            11            8             9             9             8             8 
 9             11            6             7             7             10            8             11 
 5             4             3             8             8             8             8             8 
 11            3             4             6             6             4             7             3 
 7             5             4             11            10            5             3             1 
 1             4             6             6             4             5             5             6 
 5             8             7             6             3             4             4             7 
 2             8             7             4             4             3             6             3 
 7             7             8             6             6             6             7             11 
 5             5             8             9             3             7             4             3 
 3             3             4             5             6             8             6             6 
 4             4             3             1             5             1             1             5 
 4             7             5             5             6             3             7             8 
 3             4             7             6             6             11            7             9 
 9             8             7             13            7             7             9             12 
 4             11            4             8             9             13            3             11 
 7             9             5             15            10            6             5             6 
 8             14            7             9             8             6             7             6 
 4             14            12            5             4             9             3             11 
 6             3             3             5             9             6             9             4 
 5             3             3             8             2             4             3             2 
 6             5             3             5             2             7             1             2 
 5             0             0             3             1             4             8             0 
 3             1             3             2             5             3             1             6 
 2             1             2             7             3             2             0             4 
 2             0             1             1             3             3             1             3 
 1             1             0             3             4             1             0             2 
 1             1             1             0             1             0             1             4 
 0             3             0             3             2             1             2             2 
 3             2             1             4             2             0             0             1 
 2             1             1             2             1             0             1             2 
 4             1             1             0             1             3             1             2 
 2             2             1             0             2             0             2             1 
 1             3             1             4             1             1             1             2 
 0             1             1             2             0             3             2             3 
 3             3             1             1             5             0             3             2 
 0             1             1             1             1             1             0             0 
 3             1             1             2             0             1             1             2 
 2             1             0             0             1             2             1             1 
 0             1             5             1             1             0             0             1 
 2             1             0             1             1             1             1             2 
 0             0             2             1             2             2             0             0 
 1             0             1             0             1             0             1             0 
 0             1             1             0             1             0             1             0 
 1             1             1             3             2             1             0             1 
 0             0             1             1             2             1             1             2 
 1             1             0             0             1             0             0             2 
 2             0             1             1             1             1             0             2 
 0             1             1             0             0             0             2             2 
 3             0             0             2             0             1             1             0 
 0             0             0             1             0             0             0             3 
 2             0             1             1             1             1             0             0 
 1             3             0             0             1             1             0             1 
 1             3             2             1             0             2             0             1 
 0             1             2             0             0             1             0             0 
 0             0             1             1             1             1             0             0 
 1             2             1             0             3             1             0             1 
 3             1             0             0             0             1             1             1 
 1             0             0             0             0             0             1             1 
