$SPEC_ID:
bMCA Spectrum
$DATE_MEA:
06-24-2022  10:07:03
$MEAS_TIM:
 59.48         60
$DEVICE_ID:
bMCA 06201013
$ACQ_SETTINGS:
 2             60            1000          4             4095 
$HRDW_PARAMS:
PHA
 790
 3             3276          5 
 7             0             1023 
 80            25            45 
-1            -1 
$SPEC_CAL:
-21.59134      2.380025      1.831466E-04
$MCA_CAL:
3
-21.59134      2.380025      1.831466E-04
$ROI:
 40            70            255           1            57Co
$DATA:
 0             1023 
 3             5             9             8             19            21            52            63 
 83            70            66            90            77            83            78            81 
 88            97            129           116           122           138           116           112 
 99            110           107           118           149           158           188           203 
 228           241           252           306           354           310           341           351 
 372           426           503           625           859           1070          1376          1666 
 1992          2116          2113          2035          2039          2050          1904          1916 
 1985          2134          2196          2173          2162          1988          1756          1443 
 1131          821           615           409           363           291           216           154 
 124           99            85            97            87            84            85            89 
 73            67            65            68            58            76            64            61 
 71            59            72            64            57            58            65            52 
 65            53            67            43            67            65            58            59 
 40            65            47            48            37            38            42            44 
 45            38            30            33            36            42            35            38 
 29            31            40            44            36            20            33            30 
 25            21            25            29            28            26            31            24 
 24            28            29            22            23            20            33            32 
 17            13            21            23            27            30            26            25 
 15            22            28            21            21            16            26            18 
 15            23            18            17            18            19            16            14 
 16            11            12            9             21            9             16            13 
 9             14            14            12            12            18            12            18 
 12            14            13            12            7             11            12            9 
 11            6             13            11            7             19            5             8 
 14            18            10            10            4             6             11            11 
 8             7             15            11            11            12            10            11 
 7             7             7             9             6             11            4             8 
 12            7             9             7             12            12            6             8 
 4             8             6             9             5             15            9             8 
 7             10            10            5             8             12            8             6 
 10            12            9             5             6             11            15            6 
 5             8             10            8             16            9             11            12 
 12            10            8             10            10            9             6             11 
 8             9             12            6             12            14            12            9 
 9             10            9             7             5             9             8             14 
 13            10            6             11            9             4             5             8 
 4             11            7             6             5             6             8             4 
 3             3             2             5             4             4             3             2 
 3             5             4             4             9             3             6             3 
 3             4             6             6             7             3             5             5 
 1             3             2             5             4             6             2             6 
 3             5             5             1             3             1             3             3 
 4             1             2             3             4             3             3             2 
 1             2             3             3             4             0             4             3 
 7             4             3             4             3             4             3             4 
 8             3             3             2             2             3             4             3 
 6             3             4             4             2             3             0             5 
 4             4             2             5             5             4             5             4 
 4             3             3             3             2             2             6             3 
 3             3             3             3             2             4             1             5 
 1             3             2             0             3             0             2             4 
 2             2             2             3             4             1             3             5 
 2             2             2             0             2             2             3             0 
 1             4             1             1             4             3             1             3 
 2             0             5             3             1             1             2             0 
 3             4             0             2             4             1             2             3 
 2             0             2             5             3             2             2             3 
 5             3             2             5             2             2             2             3 
 5             1             0             2             6             1             0             2 
 1             3             1             0             3             3             3             5 
 3             2             0             4             0             0             2             3 
 4             5             2             1             2             2             2             1 
 0             1             1             2             1             0             0             3 
 2             2             0             0             3             1             1             0 
 1             0             0             2             3             3             3             2 
 1             2             1             0             2             4             0             0 
 3             1             4             0             2             1             3             2 
 3             4             3             4             1             1             1             0 
 5             0             1             0             2             0             1             4 
 2             0             1             2             0             2             3             1 
 1             2             2             0             0             3             2             3 
 2             2             0             1             3             1             0             5 
 0             3             4             2             2             6             0             1 
 3             5             5             2             1             0             3             1 
 6             3             2             3             3             1             2             1 
 0             1             0             1             2             1             2             2 
 2             5             1             2             0             0             1             1 
 4             1             2             0             2             0             1             3 
 0             1             0             1             1             0             1             0 
 0             0             0             0             1             0             1             1 
 0             1             0             0             1             0             2             0 
 1             1             1             0             1             1             1             1 
 1             0             0             0             0             0             0             2 
 1             0             2             0             1             0             0             0 
 0             0             0             0             0             1             0             1 
 0             0             2             1             0             0             0             0 
 0             1             0             1             0             0             0             1 
 0             0             0             0             1             0             0             0 
 1             0             0             0             0             0             1             1 
 0             1             1             1             1             0             0             0 
 0             0             0             1             0             0             1             0 
 0             1             1             0             1             0             2             0 
 0             1             1             2             0             0             0             1 
 0             0             0             0             0             0             0             1 
 0             1             1             0             0             0             0             0 
 0             0             1             1             0             1             0             0 
 0             0             0             0             0             0             0             0 
 0             0             1             1             0             1             1             0 
 0             1             0             1             0             0             0             0 
 0             1             0             0             0             0             0             1 
 0             0             0             0             0             0             1             0 
 0             0             0             0             0             1             0             0 
 0             0             1             0             0             1             1             0 
 2             1             1             0             0             0             1             0 
 0             0             0             0             0             0             0             0 
 0             1             0             0             0             0             0             0 
 0             1             0             0             0             0             0             0 
 0             0             0             0             1             1             0             0 
 0             1             0             1             0             0             1             0 
 1             0             0             0             0             0             0             0 
 0             1             0             0             1             1             0             0 
 1             0             0             1             0             0             0             0 
 0             0             0             0             0             0             0             0 
 0             0             1             0             0             0             2             0 
 0             0             0             0             0             1             0             0 
 1             0             0             0             0             0             0             0 
 0             0             0             0             0             0             0             0 
 0             0             0             0             0             0             0             0 
 0             0             0             0             0             0             1             0 
 1             0             0             0             1             0             0             0 
 0             0             0             0             0             0             0             0 
 0             0             0             0             0             0             0             1 
 0             0             0             0             0             0             0             0 
 0             0             0             0             0             0             0             0 
 0             1             0             0             0             0             0             0 
 0             0             0             0             1             0             0             0 
 1             0             0             0             1             1             0             0 
