$SPEC_ID:
bMCA Spectrum
$DATE_MEA:
06-22-2022  10:20:49
$MEAS_TIM:
 118.985       120
$DEVICE_ID:
bMCA 06201013
$ACQ_SETTINGS:
 2             120           1000          4             4095 
$HRDW_PARAMS:
PHA
 800
 3             3276          5 
 7             0             1023 
 80            25            45 
 1             1 
$SPEC_CAL:
-21.61505      2.251173      8.800329E-05
$MCA_CAL:
3
-21.61505      2.251173      8.800329E-05
$ROI:
 45            74            32768         1            57Co
$DATA:
 0             1023 
 2             5             5             9             19            41            51            81 
 96            112           136           169           137           149           159           148 
 163           179           230           263           247           264           252           244 
 218           233           224           189           213           219           250           260 
 295           315           323           412           427           481           525           528 
 579           564           586           582           676           771           923           1117 
 1491          1916          2420          2936          3339          3623          3737          3922 
 3652          3731          3662          3616          3622          3832          3936          4009 
 3995          3790          3452          2993          2509          1904          1594          1239 
 916           683           513           441           373           292           251           218 
 176           179           168           183           157           152           143           139 
 159           157           148           139           125           135           132           121 
 124           144           106           143           118           121           107           118 
 114           130           117           107           117           114           119           122 
 100           112           111           105           102           85            94            92 
 73            84            92            89            92            79            84            80 
 67            74            75            77            86            61            67            64 
 74            61            63            64            59            57            65            54 
 51            58            56            59            54            53            52            47 
 50            36            39            46            59            45            52            47 
 53            47            47            51            58            41            45            41 
 37            36            42            43            46            32            47            38 
 36            33            28            40            31            32            18            35 
 23            28            45            30            29            29            23            26 
 24            24            31            18            28            19            29            26 
 22            23            25            41            34            23            25            22 
 14            24            17            32            29            18            24            24 
 15            19            21            24            22            20            21            21 
 18            17            24            26            28            25            19            16 
 30            22            21            20            11            25            21            23 
 19            14            24            23            22            22            24            15 
 18            15            20            19            25            13            16            16 
 22            27            20            10            20            18            18            23 
 19            23            15            17            22            21            10            12 
 30            16            23            24            15            23            25            16 
 25            18            12            23            20            19            26            17 
 16            25            22            24            28            26            17            25 
 28            32            22            22            19            23            24            18 
 20            12            22            23            19            16            17            16 
 17            21            17            17            16            18            27            9 
 11            11            5             5             11            16            11            14 
 15            10            12            7             7             9             7             5 
 11            12            8             10            10            11            13            10 
 12            15            3             8             8             7             16            6 
 7             8             7             6             11            11            10            10 
 4             9             11            10            5             11            12            14 
 5             8             15            10            13            9             10            10 
 5             9             9             7             6             8             14            8 
 9             7             8             11            6             9             9             9 
 6             9             4             11            9             6             13            15 
 8             9             4             10            11            9             8             4 
 6             6             9             3             8             6             9             7 
 7             4             10            5             11            13            12            11 
 8             11            4             7             4             7             12            5 
 10            5             8             6             6             7             7             10 
 7             4             4             11            3             11            9             12 
 10            5             3             6             5             10            4             10 
 4             3             8             4             3             3             11            3 
 7             6             5             4             5             3             6             7 
 8             3             7             5             5             9             6             3 
 9             8             7             4             6             6             5             6 
 3             5             8             2             4             2             5             8 
 10            7             7             5             9             6             7             5 
 11            6             8             9             10            6             7             10 
 6             4             2             5             8             8             8             5 
 8             6             6             4             4             5             9             8 
 7             8             10            5             1             4             3             6 
 5             5             5             8             8             7             5             3 
 9             7             6             4             4             2             5             4 
 4             6             6             6             5             7             3             6 
 6             5             3             4             6             2             1             5 
 1             5             4             2             6             3             4             10 
 5             1             7             3             2             7             9             5 
 7             5             4             9             2             5             4             7 
 7             7             1             6             2             5             3             5 
 3             6             3             5             5             5             1             3 
 2             4             3             4             7             2             3             7 
 3             3             7             2             2             7             7             4 
 1             8             2             2             5             8             5             5 
 1             6             4             7             4             2             1             5 
 4             4             4             2             2             7             2             3 
 3             7             3             3             3             2             5             7 
 2             5             5             6             0             6             1             3 
 2             3             2             4             2             1             5             3 
 3             2             3             0             1             1             0             2 
 2             4             3             4             0             1             2             1 
 1             0             0             2             0             1             1             1 
 0             2             1             1             1             2             1             0 
 1             0             0             0             1             0             3             0 
 1             1             0             1             0             3             1             1 
 0             2             2             1             0             0             1             0 
 4             2             0             0             0             0             0             1 
 1             0             1             2             1             0             1             1 
 1             0             0             0             0             1             1             2 
 1             2             0             1             0             1             1             2 
 0             1             1             3             0             2             0             1 
 1             0             0             1             2             0             2             1 
 2             1             0             2             1             0             0             0 
 1             0             0             2             0             0             0             0 
 0             1             1             0             1             1             1             1 
 0             0             2             3             2             0             3             0 
 0             0             0             3             1             1             2             1 
 4             0             1             1             1             0             0             0 
 1             0             0             0             0             0             0             0 
 0             1             0             0             1             0             0             1 
 0             0             1             0             0             0             0             0 
 1             1             0             0             0             0             0             1 
 0             0             2             0             1             0             0             0 
 1             0             0             0             1             2             1             1 
 0             0             1             0             0             0             1             1 
 0             0             0             1             0             0             0             0 
 0             1             1             0             0             0             1             0 
 0             0             0             0             0             0             0             1 
 1             0             1             0             1             0             0             0 
 0             0             0             0             1             0             0             1 
 0             0             0             2             0             0             1             1 
 0             0             0             0             0             0             0             0 
 1             1             1             0             1             1             3             0 
 1             0             0             0             0             0             0             0 
 1             1             1             1             0             0             1             0 
 0             0             1             0             0             0             0             0 
 0             0             0             2             4             0             1             2 
 0             0             1             0             0             0             2             0 
 0             1             0             0             1             0             0             0 
 0             2             0             0             0             1             0             0 
 1             0             0             0             0             1             1             1 
 1             0             1             0             1             0             0             0 
 0             0             0             0             0             0             0             0 
