$SPEC_ID:
bMCA Spectrum
$DATE_MEA:
06-24-2022  08:35:46
$MEAS_TIM:
 178.465       180
$DEVICE_ID:
bMCA 06201013
$ACQ_SETTINGS:
 2             180           1000          4             4095 
$HRDW_PARAMS:
PHA
 810
 3             3276          5 
 7             0             1023 
 80            25            45 
-1            -1 
$SPEC_CAL:
-22.21111      2.09241       9.752878E-05
$MCA_CAL:
3
-22.21111      2.09241       9.752878E-05
$ROI:
 49            79            255           1            57Co
$DATA:
 0             1023 
 1             6             13            20            36            61            82            119 
 191           223           207           252           248           262           258           239 
 243           282           275           324           310           329           349           363 
 295           287           276           248           258           252           253           279 
 318           332           349           387           449           519           598           691 
 731           821           801           831           853           861           953           964 
 1093          1338          1543          2127          2559          3305          3932          4629 
 5202          5663          5867          5818          5739          5633          5465          5309 
 5572          5851          6026          5891          5927          5749          5141          4377 
 3790          2913          2253          1766          1365          1061          830           658 
 541           440           362           277           267           224           232           211 
 219           195           193           182           188           186           180           175 
 191           166           163           182           151           162           158           162 
 166           159           161           125           150           154           121           151 
 133           118           131           139           115           121           108           112 
 109           106           98            113           128           98            112           118 
 96            81            95            112           96            94            95            91 
 97            90            90            74            82            66            80            75 
 79            78            71            56            63            68            64            64 
 55            67            79            69            51            61            58            67 
 57            63            49            67            64            45            70            49 
 46            73            57            53            56            41            45            50 
 45            52            47            46            56            43            44            38 
 45            31            30            38            44            53            39            25 
 33            37            44            25            36            41            26            36 
 33            29            31            25            34            39            34            33 
 27            35            32            31            28            30            30            25 
 20            18            26            22            22            38            28            28 
 28            28            21            26            17            26            22            31 
 20            33            27            26            21            19            21            28 
 36            24            27            33            19            22            11            18 
 22            18            23            22            26            26            26            24 
 25            20            25            21            18            15            22            16 
 32            18            14            22            18            19            21            12 
 22            19            17            20            13            18            21            17 
 17            25            14            21            25            14            22            19 
 22            20            20            15            21            19            19            20 
 15            24            13            20            23            26            32            23 
 23            22            23            14            13            22            18            18 
 23            27            24            30            28            22            22            16 
 22            26            17            26            16            16            24            13 
 12            24            22            11            16            15            17            17 
 17            14            14            12            11            14            5             8 
 19            14            16            15            11            5             10            12 
 10            9             7             10            6             11            8             9 
 11            16            9             12            8             8             7             8 
 11            7             4             20            7             11            9             10 
 10            9             6             13            9             8             5             6 
 7             3             6             7             10            6             6             15 
 10            10            11            10            10            14            9             3 
 8             4             3             6             7             6             12            4 
 6             16            9             8             6             5             6             12 
 11            4             7             4             6             6             8             5 
 13            7             9             9             5             5             7             7 
 8             11            12            8             8             5             7             3 
 6             5             7             8             7             11            6             6 
 4             9             7             7             4             11            8             11 
 9             9             6             5             7             8             4             8 
 5             7             7             1             6             3             8             6 
 6             6             4             3             4             7             3             1 
 7             7             2             8             7             7             5             7 
 5             6             3             5             4             5             7             2 
 6             4             4             5             10            10            4             3 
 2             6             7             8             5             8             5             7 
 2             6             4             9             7             8             9             7 
 2             6             6             6             6             5             9             9 
 9             6             7             5             8             0             7             0 
 4             4             2             8             7             7             7             2 
 1             6             4             5             6             8             4             4 
 4             8             3             5             7             2             7             5 
 7             3             4             5             4             7             5             4 
 2             4             1             5             6             6             9             3 
 5             5             1             7             5             1             5             5 
 3             4             5             1             3             5             8             1 
 4             5             8             6             6             2             0             5 
 1             4             6             5             8             4             6             2 
 4             8             5             0             2             0             5             3 
 1             2             1             7             3             4             3             3 
 4             2             1             3             4             2             4             3 
 7             3             3             7             2             8             2             3 
 5             3             4             2             3             1             5             3 
 3             3             6             2             4             4             3             6 
 3             3             3             3             4             6             9             9 
 1             3             6             1             2             10            13            5 
 5             2             5             6             3             5             4             6 
 5             2             5             5             3             5             4             4 
 4             4             4             9             8             4             5             5 
 6             3             7             8             8             5             4             2 
 8             3             4             2             8             3             5             3 
 5             4             3             1             1             3             5             3 
 3             3             2             1             2             3             3             3 
 2             2             2             0             1             4             3             1 
 3             1             5             2             2             1             2             0 
 1             2             0             0             1             1             2             2 
 1             0             0             2             3             0             0             0 
 1             2             0             1             1             2             1             0 
 2             1             1             1             3             1             0             1 
 1             1             1             1             0             5             2             3 
 0             1             1             1             1             0             2             2 
 1             2             3             1             0             1             2             3 
 2             0             3             1             2             4             3             1 
 0             1             2             3             1             0             1             2 
 0             0             1             1             1             2             1             4 
 4             0             0             1             3             0             0             0 
 0             2             0             0             0             3             1             0 
 0             0             0             0             0             3             2             0 
 1             0             1             1             2             2             1             0 
 0             1             0             1             1             0             0             2 
 1             1             0             1             0             0             1             3 
 2             0             0             0             2             1             1             0 
 0             1             0             0             0             0             2             1 
 0             2             0             1             1             0             1             2 
 0             1             0             0             1             0             1             2 
 2             1             0             0             0             0             1             0 
 0             1             2             0             1             0             0             0 
 0             0             0             1             1             0             1             0 
 0             0             1             2             0             0             2             0 
 0             2             1             0             0             0             1             0 
 1             0             1             1             1             1             1             1 
 0             0             0             0             0             0             0             2 
 0             1             0             2             2             0             0             1 
 1             0             1             0             0             1             0             0 
 0             1             0             0             0             0             1             0 
 1             1             3             0             1             0             1             0 
 0             1             0             1             2             0             0             1 
 0             2             3             0             1             1             0             0 
 2             0             1             0             1             0             2             0 
 1             1             1             1             1             1             0             1 
