$SPEC_ID:
bMCA Spectrum
$DATE_MEA:
07-04-2022  10:26:26
$MEAS_TIM:
 58.25         60
$DEVICE_ID:
bMCA 06201013
$ACQ_SETTINGS:
 2             60            1000          4             4095 
$HRDW_PARAMS:
PHA
 800
 3             3276          5 
 7             0             1023 
 80            25            45 
 1             1 
$SPEC_CAL:
-5.490132      2.161477      2.078236E-04
$MCA_CAL:
3
-5.490132      2.161477      2.078236E-04
$ROI:
 267           332           32768         1            137Cs
 553           618           16711935      1            60Co
$DATA:
 0             1023 
 3             8             14            31            53            86            136           180 
 285           377           408           398           451           439           427           423 
 474           510           475           625           578           665           616           581 
 552           472           421           398           360           418           384           392 
 356           393           398           415           386           400           409           397 
 401           422           448           444           435           428           422           398 
 424           416           423           463           425           408           429           439 
 399           436           441           411           411           425           447           444 
 431           432           450           432           443           405           420           438 
 455           386           421           456           450           408           406           404 
 445           475           448           448           473           438           422           483 
 432           437           419           491           496           488           486           532 
 511           495           484           483           476           474           479           524 
 506           487           524           500           441           469           531           476 
 478           479           467           473           482           457           453           460 
 488           420           422           442           399           436           444           436 
 398           392           426           394           375           385           396           328 
 392           381           399           379           361           396           383           370 
 362           387           330           380           350           366           357           348 
 333           367           341           363           315           362           335           330 
 375           308           333           302           298           330           342           340 
 348           311           332           333           323           271           325           294 
 311           319           343           300           315           323           301           322 
 293           319           325           301           305           311           295           296 
 290           311           326           318           294           286           328           310 
 267           293           272           265           297           271           275           279 
 271           236           264           257           266           276           238           230 
 230           226           225           237           220           221           229           227 
 189           216           205           213           206           186           195           206 
 211           186           188           217           199           200           175           181 
 175           214           201           179           191           203           206           177 
 210           195           191           201           191           186           192           166 
 191           207           195           186           189           224           208           189 
 207           230           215           245           214           219           231           297 
 278           263           312           323           331           366           363           393 
 437           488           469           535           573           582           592           635 
 622           666           673           712           692           769           774           717 
 756           713           738           756           712           659           721           657 
 628           612           562           569           530           472           465           466 
 414           420           420           337           339           322           318           273 
 267           288           257           231           226           194           210           224 
 204           195           185           210           186           169           204           183 
 194           179           211           176           187           175           186           195 
 167           165           173           182           182           178           186           186 
 177           188           175           197           211           201           190           190 
 201           200           189           189           185           212           176           174 
 211           181           193           226           212           197           159           190 
 209           216           212           216           222           204           201           203 
 204           215           206           238           236           216           215           242 
 210           211           202           217           238           218           197           204 
 192           217           215           200           222           218           191           213 
 202           200           185           207           189           198           199           180 
 155           159           178           168           160           160           171           159 
 129           164           154           183           161           149           154           148 
 176           155           143           153           150           156           134           126 
 134           131           122           147           138           140           140           149 
 147           124           132           129           155           132           125           110 
 139           121           144           154           158           144           130           120 
 139           116           142           130           123           155           135           137 
 132           130           113           143           134           138           139           120 
 125           131           142           133           131           155           172           159 
 160           184           188           204           214           226           220           232 
 231           260           265           276           273           296           302           281 
 345           354           329           344           341           382           410           404 
 412           361           359           351           349           347           360           341 
 328           374           308           304           295           280           276           280 
 231           244           229           222           205           204           206           204 
 191           167           160           133           132           156           135           131 
 140           134           123           126           128           125           110           113 
 116           131           129           136           137           130           136           164 
 189           184           174           202           217           205           214           240 
 229           237           259           258           257           272           257           302 
 281           258           273           283           266           304           262           272 
 261           300           264           269           268           240           212           220 
 217           210           237           200           197           183           190           181 
 188           163           142           130           120           126           96            111 
 107           91            89            92            88            84            86            75 
 73            48            63            65            48            50            42            42 
 40            41            44            34            31            32            20            19 
 34            23            21            19            23            24            19            22 
 19            14            17            15            14            25            10            19 
 12            18            11            16            9             10            10            13 
 17            10            20            11            11            11            13            9 
 13            11            6             6             6             5             10            9 
 13            12            8             11            10            12            17            9 
 8             7             10            5             14            8             13            10 
 5             13            9             8             5             6             12            9 
 6             5             5             9             6             9             6             4 
 11            8             8             5             7             8             4             6 
 9             12            7             4             5             9             4             8 
 8             9             8             6             8             10            3             12 
 5             11            12            7             6             3             3             5 
 8             8             6             6             4             8             4             4 
 8             2             9             8             6             4             6             11 
 5             10            2             6             9             7             9             4 
 7             5             4             1             7             6             13            4 
 8             7             6             11            4             4             7             5 
 8             5             7             7             5             6             5             4 
 8             2             5             2             5             3             3             3 
 3             5             5             3             5             7             2             5 
 4             5             8             7             8             7             8             5 
 6             6             5             2             5             6             6             3 
 4             6             9             4             9             4             8             7 
 6             8             8             3             9             6             5             6 
 5             5             5             5             7             1             1             3 
 5             6             9             2             1             12            5             4 
 9             4             3             3             6             4             3             8 
 5             3             6             2             3             2             5             5 
 3             3             6             5             2             2             7             4 
 5             3             6             5             7             3             3             4 
 3             2             7             5             3             5             11            8 
 4             7             7             4             3             5             2             6 
 5             3             9             5             2             4             4             3 
 5             3             4             4             1             4             4             5 
 3             6             4             4             6             5             6             6 
 4             5             4             3             4             2             6             4 
 8             5             5             4             2             4             4             4 
 7             4             7             2             6             3             4             6 
 5             7             7             1             3             10            11            6 
 6             4             4             3             3             3             4             6 
 9             1             8             4             3             3             5             2 
 4             5             7             5             6             3             3             6 
 7             4             3             6             7             0             1             5 
 2             2             4             2             4             1             7             2 
 4             2             2             2             1             0             3             2 
 2             4             2             1             2             2             2             4 
 3             1             1             2             2             2             3             3 
 3             1             0             1             2             2             2             4 
