$SPEC_ID:
bMCA Spectrum
$DATE_MEA:
07-05-2022  09:07:57
$MEAS_TIM:
 236.305       240
$DEVICE_ID:
bMCA 06201013
$ACQ_SETTINGS:
 2             240           1000          4             4095 
$HRDW_PARAMS:
PHA
 800
 3             3276          5 
 7             0             1023 
 80            25            45 
 1             1 
$SPEC_CAL:
-2.996172      2.07587       2.903056E-04
$MCA_CAL:
3
-2.996172      2.07587       2.903056E-04
$ROI:
 270           340           32768         1            137Cs
 46            75            33023         1            57Co
$DATA:
 0             1023 
 6             14            33            71            121           233           414           606 
 926           1221          1364          1543          1540          1417          1350          1280 
 1297          1360          1476          1678          1921          1910          1973          1812 
 1604          1311          1174          1014          985           937           976           980 
 1047          1119          1168          1313          1415          1440          1518          1561 
 1603          1662          1681          1784          1859          2064          2336          2759 
 3297          4040          4803          5548          6458          6817          7084          7381 
 7004          6884          6775          6620          6796          6952          7216          7196 
 7210          6867          6316          5622          4777          4032          3233          2655 
 2146          1708          1502          1310          1189          1101          1021          1019 
 950           913           921           909           919           956           960           933 
 961           939           939           980           1046          942           950           900 
 990           966           987           888           948           916           959           937 
 947           893           882           839           801           803           792           815 
 814           799           797           784           725           751           762           734 
 703           711           697           689           681           685           649           618 
 624           607           701           635           667           654           610           615 
 632           626           565           592           611           562           603           561 
 539           583           537           528           514           575           522           530 
 550           582           563           562           557           517           536           498 
 469           487           473           560           532           530           582           546 
 526           532           464           524           514           517           525           523 
 511           490           516           517           509           551           492           526 
 507           531           519           573           499           561           526           541 
 544           517           532           528           503           540           532           498 
 508           494           493           449           473           436           449           437 
 407           433           381           413           329           329           309           301 
 287           283           239           254           236           242           213           172 
 213           204           198           172           159           169           161           153 
 140           127           138           136           129           117           115           100 
 116           107           106           124           113           92            97            93 
 101           76            95            80            96            108           77            91 
 94            93            102           93            95            105           87            132 
 146           120           134           153           179           196           188           232 
 288           304           352           400           462           502           596           633 
 721           788           915           1028          1093          1219          1281          1467 
 1593          1633          1738          1861          1915          1971          2083          2109 
 2174          2355          2338          2324          2330          2254          2244          2228 
 2141          2093          2035          1972          1823          1808          1597          1535 
 1418          1384          1179          1101          1066          856           826           725 
 651           564           513           465           379           381           297           273 
 251           209           196           166           146           126           112           90 
 86            80            57            58            47            42            47            39 
 40            31            35            35            24            27            20            25 
 25            25            16            24            19            27            28            21 
 15            26            19            18            21            22            11            28 
 22            15            16            16            17            12            24            22 
 17            15            21            18            17            16            24            15 
 16            14            17            16            10            19            17            15 
 21            20            14            20            25            19            18            19 
 12            9             16            19            9             27            14            15 
 17            18            15            18            14            20            18            11 
 10            19            12            13            10            18            14            18 
 9             17            23            17            23            24            12            16 
 18            12            16            17            15            13            17            20 
 17            17            11            19            16            17            9             13 
 12            6             9             11            9             13            14            10 
 11            11            12            9             20            11            15            11 
 9             10            8             13            8             12            5             8 
 14            10            8             10            11            12            13            16 
 7             11            13            16            10            11            9             7 
 12            9             12            14            7             6             8             9 
 9             9             6             15            10            12            17            14 
 12            16            16            19            16            12            12            19 
 11            9             14            12            23            18            15            18 
 11            28            21            25            8             21            21            18 
 12            11            17            18            9             12            10            13 
 11            13            13            8             21            18            11            5 
 9             7             9             9             10            10            5             11 
 7             11            13            11            9             7             3             11 
 16            10            7             11            11            12            7             7 
 8             2             7             11            9             10            11            10 
 11            4             7             11            10            8             7             15 
 12            5             6             9             12            6             9             8 
 11            10            9             9             16            9             9             13 
 6             10            9             6             9             11            11            9 
 12            5             11            12            7             6             11            6 
 7             8             8             8             8             7             11            7 
 8             7             9             13            5             9             9             11 
 9             10            6             12            9             9             6             12 
 3             9             7             6             6             8             7             14 
 5             8             8             10            6             9             9             9 
 11            13            4             11            9             5             7             2 
 5             5             8             6             6             6             1             3 
 4             2             8             5             4             4             6             6 
 4             7             9             2             4             4             3             5 
 1             3             4             4             2             4             1             4 
 2             2             0             2             2             0             2             1 
 5             2             2             0             1             2             1             3 
 1             2             5             0             1             1             2             2 
 1             1             0             1             1             2             2             0 
 1             1             2             0             1             0             0             2 
 2             0             2             3             0             0             6             1 
 1             2             0             1             1             1             5             1 
 3             1             2             1             1             2             4             0 
 2             2             1             0             1             2             1             1 
 2             4             2             3             3             0             2             1 
 0             0             2             1             0             3             3             3 
 2             2             1             1             0             1             2             2 
 2             1             2             0             0             0             1             2 
 0             0             2             2             0             3             3             0 
 2             0             2             3             2             0             1             0 
 1             1             2             0             0             0             1             3 
 2             1             1             1             2             0             1             0 
 0             2             0             1             0             2             0             0 
 0             0             0             0             0             1             0             1 
 1             3             1             0             0             1             0             1 
 1             1             1             2             1             0             1             2 
 0             0             0             0             0             1             2             1 
 0             1             1             0             1             0             0             1 
 1             0             2             2             2             0             0             0 
 1             1             1             0             0             0             0             0 
 2             2             2             1             0             0             4             0 
 0             0             2             0             0             0             0             0 
 2             0             1             1             2             0             0             1 
 1             0             1             1             3             1             1             1 
 1             1             0             0             0             1             3             0 
 1             1             1             2             2             4             1             2 
 0             2             1             1             0             0             1             0 
 0             0             0             2             0             1             1             1 
 0             0             0             1             0             0             1             1 
 1             1             0             1             0             1             1             2 
 2             0             1             0             1             0             1             1 
 2             0             0             0             0             0             1             1 
 1             0             2             0             2             1             0             0 
 1             0             0             0             0             0             0             0 
 0             1             0             1             2             0             1             0 
 0             1             1             1             2             1             0             0 
