$SPEC_ID:
bMCA Spectrum
$DATE_MEA:
07-05-2022  08:50:04
$MEAS_TIM:
 177.225       180
$DEVICE_ID:
bMCA 06201013
$ACQ_SETTINGS:
 2             180           1000          4             4095 
$HRDW_PARAMS:
PHA
 800
 3             3276          5 
 7             0             1023 
 80            25            45 
 1             1 
$SPEC_CAL:
-2.996172      2.07587       2.903056E-04
$MCA_CAL:
3
-2.996172      2.07587       2.903056E-04
$ROI:
 270           340           32768         1            137Cs
 46            75            33023         1            57Co
$DATA:
 0             1023 
 6             11            25            42            110           185           301           496 
 719           953           1026          1169          1134          1105          1001          943 
 998           919           1162          1257          1390          1459          1452          1352 
 1219          973           829           732           703           662           709           727 
 766           808           867           892           960           1050          1096          1126 
 1206          1288          1290          1351          1436          1533          1718          1962 
 2364          2909          3493          4153          4558          4972          5389          5388 
 5315          5265          5129          5006          5131          5156          5203          5419 
 5434          5216          4961          4384          3723          3137          2555          2042 
 1655          1368          1145          1038          923           811           768           705 
 718           703           674           673           698           694           684           673 
 738           737           720           702           737           680           739           753 
 723           724           692           782           710           692           698           711 
 626           686           645           646           658           633           598           613 
 604           601           606           583           614           554           572           534 
 570           518           500           544           500           515           501           508 
 490           522           460           456           423           487           444           450 
 461           467           476           439           462           460           428           433 
 437           427           436           393           431           382           409           390 
 435           432           401           449           431           409           404           374 
 388           412           404           421           413           407           390           394 
 378           413           375           395           373           409           416           407 
 380           367           352           401           393           385           375           356 
 410           377           372           373           381           402           401           419 
 412           404           377           376           389           411           356           389 
 418           373           383           318           351           337           363           317 
 323           301           295           301           259           261           279           236 
 228           212           200           220           181           193           158           157 
 159           151           147           140           124           127           120           117 
 96            93            116           111           79            92            88            79 
 96            70            71            93            80            80            72            76 
 69            61            84            64            82            71            55            78 
 66            62            86            74            61            76            84            80 
 79            94            108           127           123           147           148           166 
 166           211           228           281           299           346           374           446 
 458           535           589           666           762           862           929           977 
 1128          1197          1219          1321          1377          1527          1551          1594 
 1701          1683          1706          1752          1726          1684          1769          1745 
 1608          1580          1587          1505          1384          1342          1271          1193 
 1158          1042          937           906           837           735           704           611 
 569           477           436           399           331           275           267           218 
 200           177           132           119           120           112           104           73 
 78            58            42            52            52            39            32            35 
 26            28            27            22            17            22            17            25 
 17            19            12            22            20            19            15            15 
 8             13            14            13            13            15            8             13 
 12            12            9             13            12            15            19            14 
 15            17            17            14            13            15            10            14 
 9             9             11            17            15            9             8             10 
 13            7             15            7             17            14            12            17 
 12            16            9             13            11            12            17            14 
 14            13            11            13            11            11            14            6 
 18            9             16            16            18            10            16            6 
 11            10            15            15            10            15            13            10 
 14            5             11            12            11            7             9             15 
 8             9             12            12            12            13            13            11 
 14            10            14            8             6             12            6             11 
 9             13            11            7             10            18            7             6 
 10            7             9             7             6             12            13            10 
 7             9             6             11            13            13            9             7 
 9             10            9             8             10            8             11            9 
 8             13            8             4             13            5             5             14 
 10            12            10            5             6             7             5             10 
 11            9             10            7             11            7             10            14 
 12            7             15            8             10            12            10            13 
 16            10            9             8             18            6             7             7 
 13            19            7             9             12            8             10            8 
 18            8             8             11            13            6             10            15 
 6             5             8             3             5             7             5             10 
 8             5             8             7             5             10            14            6 
 7             8             7             4             7             7             5             7 
 9             8             10            10            5             10            6             7 
 10            11            8             7             3             6             7             11 
 6             6             5             10            2             7             8             3 
 7             10            7             8             9             12            8             4 
 8             8             5             5             6             9             13            9 
 6             11            7             9             7             5             4             7 
 3             8             14            7             5             6             2             6 
 8             5             6             6             4             7             7             8 
 4             8             6             4             6             10            7             7 
 3             7             7             7             5             5             5             8 
 6             2             10            6             6             14            4             6 
 4             4             4             9             7             7             9             7 
 6             8             4             1             1             6             4             1 
 5             2             3             7             6             4             3             2 
 5             2             3             0             2             3             5             0 
 2             2             1             1             3             4             4             1 
 2             1             1             2             1             2             2             3 
 0             1             1             1             1             1             0             2 
 1             0             2             2             3             1             1             1 
 1             2             2             1             1             2             1             0 
 2             1             1             2             2             1             1             1 
 1             0             1             0             0             0             2             1 
 2             2             2             1             0             2             0             1 
 1             1             2             1             1             2             2             0 
 2             1             0             0             1             1             2             0 
 2             0             1             1             0             4             2             0 
 1             2             2             0             1             2             2             0 
 1             2             1             2             1             1             0             1 
 4             0             0             1             3             1             0             2 
 0             0             1             2             1             0             4             0 
 0             0             1             1             3             1             1             0 
 2             2             0             1             2             0             1             0 
 1             2             2             2             1             0             0             1 
 1             0             1             1             0             1             2             0 
 0             1             0             0             0             1             0             2 
 0             1             1             2             1             1             1             0 
 0             0             0             0             1             0             0             1 
 1             0             2             0             0             1             1             1 
 0             2             3             0             1             0             0             1 
 1             1             0             1             2             0             1             0 
 1             0             0             0             0             0             0             0 
 0             1             0             0             0             1             0             1 
 0             1             1             0             1             0             0             1 
 0             0             0             2             0             0             1             0 
 2             0             1             2             1             0             0             0 
 1             0             0             0             0             0             0             1 
 0             0             3             0             0             0             0             2 
 2             0             1             1             0             0             1             0 
 0             0             0             0             0             1             0             0 
 0             2             0             0             0             0             0             0 
 1             2             0             0             0             1             0             0 
 1             0             0             0             1             1             1             0 
 1             2             1             0             0             0             1             0 
 0             0             0             1             0             0             1             0 
 0             2             0             0             0             0             1             0 
 0             0             0             2             0             0             0             0 
 0             0             0             0             0             0             1             0 
