$SPEC_ID:
bMCA Spectrum
$DATE_MEA:
07-07-2022  09:41:12
$MEAS_TIM:
 118.035       120
$DEVICE_ID:
bMCA 06201013
$ACQ_SETTINGS:
 2             120           1000          4             4095 
$HRDW_PARAMS:
PHA
 800
 3             3276          5 
 7             0             1023 
 80            25            45 
 1             1 
$SPEC_CAL:
-39.25932      2.313255      0
$MCA_CAL:
3
-39.25932      2.313255      0
$ROI:
 267           333           32768         1            137Cs
 46            75            33023         1            57Co
$DATA:
 0             1023 
 7             6             20            39            75            110           162           316 
 470           574           665           733           704           631           684           563 
 646           644           692           775           863           950           882           850 
 778           643           560           546           490           471           433           500 
 555           568           619           696           747           793           883           942 
 885           916           955           1031          1041          1183          1290          1604 
 1918          2426          2917          3591          3916          4428          4506          4539 
 4443          4276          4244          4105          4307          4443          4583          4728 
 4615          4468          4334          3680          3270          2682          2070          1701 
 1325          1071          885           725           584           512           523           484 
 451           453           420           413           429           429           409           419 
 447           417           433           445           457           474           457           442 
 423           461           424           418           457           439           413           443 
 387           405           382           381           364           411           379           379 
 370           367           432           327           358           344           362           362 
 317           348           321           349           320           323           323           316 
 294           288           347           295           312           274           276           278 
 307           294           269           264           255           269           244           283 
 253           267           277           288           245           245           248           247 
 266           247           271           259           244           252           216           248 
 241           251           258           240           252           247           235           245 
 216           240           226           230           229           253           227           212 
 237           248           245           250           231           229           246           210 
 242           241           239           247           253           215           248           226 
 201           220           262           218           224           222           232           252 
 206           204           189           192           200           209           200           178 
 213           196           161           152           146           144           152           131 
 133           130           137           116           99            97            89            85 
 86            74            77            71            69            57            70            78 
 62            67            83            63            60            52            67            59 
 51            53            57            38            47            60            60            47 
 47            53            44            46            48            38            45            36 
 41            42            35            50            47            56            54            54 
 60            61            54            67            84            87            90            95 
 128           140           144           177           193           205           260           267 
 332           375           395           449           461           502           567           638 
 647           725           747           796           833           914           934           898 
 944           967           969           1015          978           1006          948           920 
 919           870           876           855           785           758           716           676 
 610           538           516           495           450           398           372           355 
 284           234           230           203           192           156           154           135 
 113           96            79            96            48            48            58            44 
 41            37            29            27            21            21            21            20 
 12            16            10            8             11            10            12            10 
 9             5             13            10            13            6             11            8 
 7             8             6             8             10            12            19            8 
 9             7             3             6             9             14            10            8 
 11            9             9             11            3             10            10            6 
 7             14            10            11            11            11            5             11 
 13            6             11            8             10            7             12            7 
 7             10            10            7             6             6             10            10 
 8             5             4             11            3             3             12            7 
 7             5             6             9             4             7             4             10 
 7             7             6             1             2             5             9             6 
 10            8             6             9             9             6             4             3 
 8             9             12            2             3             7             5             2 
 6             8             7             5             9             6             7             1 
 2             2             3             7             7             7             3             8 
 5             4             3             5             7             5             9             4 
 3             5             4             1             6             4             9             6 
 5             6             3             3             7             3             6             10 
 8             5             8             3             6             5             7             3 
 9             8             5             7             5             3             4             3 
 8             4             11            7             7             7             5             8 
 9             4             8             5             10            7             5             5 
 5             7             4             5             4             7             6             5 
 5             3             9             8             5             5             3             4 
 4             3             4             4             3             4             5             4 
 4             5             3             4             3             7             4             5 
 5             7             7             5             1             1             3             5 
 5             5             5             3             1             4             3             2 
 5             2             2             2             4             5             6             1 
 7             6             2             5             7             0             8             2 
 6             6             4             4             3             2             2             5 
 5             7             6             3             5             3             3             5 
 3             5             4             4             7             7             4             4 
 2             5             6             2             6             7             5             4 
 3             2             7             3             3             2             4             3 
 6             3             4             5             3             4             3             7 
 1             5             4             0             7             4             7             3 
 2             2             3             3             4             2             7             3 
 5             2             3             3             3             4             2             2 
 3             5             3             1             2             9             3             5 
 3             5             3             3             1             2             3             1 
 2             2             1             3             1             1             1             1 
 0             1             0             2             4             3             2             3 
 1             3             2             4             1             5             1             3 
 1             1             0             2             3             2             2             2 
 0             2             0             1             0             1             1             1 
 1             3             0             1             1             1             1             1 
 1             0             1             2             2             0             0             0 
 0             0             0             0             0             2             0             0 
 0             1             1             0             1             3             1             2 
 0             1             0             1             1             0             1             0 
 0             1             0             1             2             1             2             2 
 1             2             0             1             2             0             0             2 
 0             2             1             1             1             1             0             1 
 1             1             2             2             0             1             1             0 
 0             1             0             0             1             1             1             0 
 1             1             1             0             0             2             0             0 
 0             0             0             0             0             3             0             0 
 2             1             0             0             0             0             2             0 
 2             1             1             0             1             0             1             1 
 0             1             0             0             1             0             0             0 
 1             0             0             0             0             0             1             1 
 0             0             0             0             0             1             0             0 
 1             1             0             0             0             2             0             0 
 0             1             1             0             1             0             0             0 
 0             0             0             0             1             1             2             0 
 0             0             0             0             1             0             0             0 
 0             0             1             0             0             0             0             1 
 0             0             0             0             1             0             0             1 
 0             0             0             1             0             2             0             0 
 0             0             0             0             0             0             0             1 
 0             1             1             0             0             1             1             0 
 0             0             3             2             0             1             0             1 
 0             0             0             0             0             1             0             0 
 0             0             0             0             0             0             2             1 
 1             0             0             0             1             0             0             1 
 0             0             0             0             0             0             1             0 
 0             1             0             0             1             0             1             1 
 0             1             1             0             0             1             0             1 
 1             1             0             0             0             0             0             0 
 0             0             0             0             1             1             1             1 
 0             0             0             1             0             0             0             1 
 2             0             0             1             0             0             0             0 
 0             0             0             0             0             0             1             0 
 0             0             2             1             0             1             0             1 
