$SPEC_ID:
bMCA Spectrum
$DATE_MEA:
07-04-2022  09:49:49
$MEAS_TIM:
 173.725       180
$DEVICE_ID:
bMCA 06201013
$ACQ_SETTINGS:
 2             180           1000          4             4095 
$HRDW_PARAMS:
PHA
 800
 3             3276          5 
 7             0             1023 
 80            25            45 
 1             1 
$SPEC_CAL:
-5.490132      2.161477      2.078236E-04
$MCA_CAL:
3
-5.490132      2.161477      2.078236E-04
$ROI:
 267           333           32768         1            137Cs
 553           618           16711935      1            60Co
 46            75            33023         1            57Co
$DATA:
 0             1023 
 14            32            54            107           189           288           474           669 
 936           1166          1236          1395          1408          1354          1332          1476 
 1444          1492          1560          1676          1895          1972          2052          1870 
 1706          1491          1420          1281          1282          1219          1307          1358 
 1346          1535          1634          1757          1826          1940          2024          1970 
 2032          2096          2059          2202          2333          2525          2871          3264 
 3958          4549          5486          6335          6898          7347          7771          7574 
 7365          7279          7032          6974          7200          7474          7621          7591 
 7507          7200          6760          5789          4856          4164          3313          2810 
 2295          1966          1764          1627          1464          1391          1387          1298 
 1278          1201          1242          1251          1231          1254          1212          1225 
 1282          1346          1299          1363          1415          1392          1380          1406 
 1395          1475          1466          1407          1427          1410          1423          1434 
 1398          1372          1421          1393          1402          1407          1426          1376 
 1356          1371          1303          1333          1256          1290          1312          1214 
 1270          1277          1197          1190          1209          1189          1216          1148 
 1149          1157          1209          1175          1125          1186          1053          1049 
 1122          1113          1059          1066          1048          1114          1057          995 
 1043          1018          956           995           1016          1005          960           918 
 1002          1011          922           929           975           945           951           928 
 961           921           885           955           956           890           895           823 
 888           908           913           907           916           920           884           899 
 877           868           867           853           895           870           895           850 
 930           859           863           868           815           820           806           957 
 835           896           831           850           852           828           788           824 
 787           804           795           766           776           784           744           731 
 761           756           724           738           690           682           629           623 
 660           618           609           648           608           609           577           621 
 600           592           562           578           559           604           536           559 
 602           575           584           550           540           547           547           539 
 522           483           519           500           535           556           538           502 
 488           546           519           512           475           528           543           509 
 491           549           560           566           541           511           567           540 
 539           620           602           597           613           630           699           704 
 732           739           810           862           950           938           986           1123 
 1109          1180          1313          1342          1437          1519          1543          1622 
 1644          1798          1822          1931          1945          2066          1952          1967 
 1920          1902          1980          1958          1887          1928          1802          1800 
 1716          1676          1572          1503          1464          1398          1307          1289 
 1100          1117          1024          961           993           892           909           830 
 754           692           658           706           632           616           677           614 
 574           563           570           574           534           537           551           544 
 503           550           517           524           483           534           489           528 
 482           523           538           528           561           547           495           526 
 544           546           527           507           554           547           541           559 
 540           561           533           570           582           567           528           551 
 511           532           554           547           583           548           560           576 
 568           594           555           541           609           532           532           575 
 587           589           604           598           558           592           624           622 
 598           587           572           613           605           577           572           557 
 605           621           548           545           569           577           585           535 
 534           569           546           534           486           502           512           532 
 480           472           459           511           422           450           493           438 
 415           459           443           431           404           446           419           406 
 401           417           405           421           374           377           383           382 
 390           413           384           393           378           358           398           383 
 397           383           398           372           372           389           390           371 
 372           317           345           389           334           423           366           354 
 363           360           371           349           372           327           352           317 
 329           349           323           339           352           361           365           348 
 376           349           382           386           441           429           410           443 
 464           509           496           547           515           611           607           589 
 661           667           682           745           739           775           845           825 
 859           904           896           968           938           939           987           996 
 996           1036          1011          970           1020          1009          959           928 
 965           941           929           890           881           849           792           762 
 768           713           697           662           640           580           527           505 
 511           515           484           431           466           386           410           374 
 356           380           344           375           333           373           342           361 
 340           363           384           415           394           389           421           451 
 460           481           507           502           529           558           539           566 
 635           607           645           688           677           681           689           731 
 763           692           744           807           758           772           754           799 
 786           783           758           752           732           683           732           669 
 592           635           585           575           554           540           553           490 
 481           443           441           442           406           389           348           318 
 327           305           275           252           259           225           252           215 
 184           167           184           164           150           139           118           144 
 121           126           100           114           108           101           91            103 
 84            65            63            66            64            55            54            51 
 56            53            34            35            36            51            43            39 
 26            41            42            34            32            26            28            34 
 34            31            29            24            25            28            29            27 
 24            34            24            31            23            22            26            26 
 20            27            29            27            17            26            24            21 
 23            27            19            17            18            29            18            22 
 21            21            21            23            25            22            22            25 
 26            21            15            16            34            12            15            22 
 27            12            10            24            21            23            19            19 
 16            20            21            20            16            21            20            23 
 21            16            13            18            20            17            22            17 
 11            14            14            17            20            20            16            18 
 22            22            23            18            21            12            18            22 
 16            14            9             22            14            29            16            14 
 15            23            10            19            20            16            13            16 
 24            18            10            15            12            21            19            17 
 14            16            19            15            12            17            13            8 
 12            15            12            16            12            14            12            13 
 16            20            17            15            11            18            21            14 
 23            15            19            17            7             23            15            9 
 4             8             18            16            18            12            18            13 
 15            7             12            22            14            9             18            8 
 15            9             16            18            15            15            14            16 
 19            8             11            16            16            10            21            14 
 14            15            17            15            10            14            11            11 
 16            15            12            7             12            16            13            9 
 10            11            15            12            11            15            10            8 
 10            16            12            10            14            13            11            16 
 11            22            18            9             11            13            13            9 
 17            10            9             8             12            16            12            13 
 15            16            10            14            12            9             10            12 
 13            15            11            13            16            7             16            15 
 10            12            10            26            7             12            17            11 
 6             12            13            8             10            12            14            12 
 18            9             10            7             8             11            8             6 
 9             12            14            15            7             8             14            13 
 10            11            12            16            13            11            7             8 
 13            12            9             15            11            9             20            19 
 12            11            12            15            10            15            13            12 
 17            7             10            12            12            19            13            8 
 13            6             14            12            12            11            14            12 
 14            12            12            15            20            14            14            11 
 14            11            18            14            12            17            8             7 
 8             7             13            13            10            8             2             9 
 11            6             10            7             6             9             3             7 
 10            4             6             6             8             5             6             7 
 5             5             9             8             8             6             3             4 
 2             7             6             7             3             4             5             2 
