$SPEC_ID:
bMCA Spectrum
$DATE_MEA:
07-05-2022  08:41:17
$MEAS_TIM:
 118.155       120
$DEVICE_ID:
bMCA 06201013
$ACQ_SETTINGS:
 2             120           1000          4             4095 
$HRDW_PARAMS:
PHA
 800
 3             3276          5 
 7             0             1023 
 80            25            45 
 1             1 
$SPEC_CAL:
-2.996172      2.07587       2.903056E-04
$MCA_CAL:
3
-2.996172      2.07587       2.903056E-04
$ROI:
 270           340           32768         1            137Cs
 46            75            33023         1            57Co
$DATA:
 0             1023 
 4             7             22            22            66            106           188           302 
 454           601           727           745           690           741           674           636 
 628           717           735           790           911           982           969           906 
 761           619           535           501           502           442           469           486 
 508           520           593           614           668           725           732           809 
 782           825           863           844           876           1072          1099          1229 
 1481          1803          2259          2594          2949          3365          3497          3585 
 3587          3478          3329          3343          3340          3385          3529          3613 
 3582          3597          3314          2928          2470          2105          1739          1356 
 1185          897           821           711           594           498           504           496 
 476           460           462           463           498           484           468           485 
 463           475           502           499           475           482           479           511 
 507           517           488           462           471           453           465           454 
 440           440           421           425           437           442           391           434 
 437           396           405           386           392           371           370           384 
 368           337           336           341           308           347           329           354 
 327           312           348           324           326           319           305           306 
 272           297           267           313           301           294           311           288 
 296           262           269           294           276           284           274           292 
 268           236           263           282           280           262           253           280 
 276           266           223           270           263           272           292           274 
 278           266           244           245           261           259           246           275 
 237           276           241           262           248           256           242           256 
 248           254           267           281           238           262           286           242 
 292           229           263           228           263           250           248           274 
 265           256           263           227           252           225           249           240 
 223           208           192           195           188           163           171           147 
 152           154           157           132           122           123           127           113 
 98            117           88            84            101           73            86            71 
 74            87            66            69            62            61            63            67 
 69            48            57            59            54            59            62            48 
 54            42            49            51            49            46            43            42 
 39            42            61            49            50            37            54            49 
 63            66            69            70            71            87            103           98 
 105           119           135           154           180           215           230           272 
 301           332           370           432           445           492           535           657 
 645           712           768           829           858           950           957           1017 
 1067          1118          1162          1161          1124          1135          1199          1129 
 1079          1068          1077          1013          1001          976           958           813 
 824           754           716           670           536           516           522           450 
 380           371           314           302           237           203           200           171 
 155           145           112           110           107           74            68            54 
 70            49            33            39            30            36            38            23 
 25            18            19            14            18            10            8             13 
 9             13            14            15            13            4             14            13 
 9             9             10            11            15            6             13            6 
 12            13            9             8             14            10            23            10 
 4             7             5             10            11            7             15            6 
 10            13            8             11            14            6             9             8 
 8             14            11            8             8             7             4             8 
 11            11            13            7             8             9             10            5 
 10            11            12            11            13            12            13            12 
 10            6             8             4             7             12            10            8 
 7             10            10            5             12            8             6             10 
 19            4             9             4             12            8             5             8 
 7             9             6             9             5             6             9             8 
 6             6             10            7             7             6             5             6 
 7             5             4             6             9             5             6             4 
 6             3             4             6             5             6             6             6 
 4             3             3             9             8             3             12            9 
 7             3             8             6             6             2             5             4 
 3             6             4             2             3             5             2             10 
 4             7             7             4             6             4             4             9 
 6             5             5             9             9             11            6             9 
 9             7             10            10            6             9             7             11 
 10            12            8             6             10            5             3             11 
 4             6             8             5             4             7             5             6 
 7             9             6             6             7             6             4             5 
 7             5             2             4             3             3             2             6 
 5             5             1             4             7             5             7             5 
 10            4             4             2             5             5             3             4 
 2             3             2             6             4             7             8             5 
 6             2             8             4             4             6             6             8 
 6             3             4             4             5             4             3             8 
 5             4             5             6             4             4             8             9 
 4             10            6             6             6             6             5             3 
 4             6             6             3             3             6             4             3 
 5             10            7             3             1             3             5             6 
 5             9             7             3             4             4             6             3 
 2             2             4             3             5             3             5             2 
 4             3             1             9             9             6             7             6 
 5             3             7             4             3             7             3             2 
 3             2             6             5             1             3             0             6 
 4             2             2             3             0             6             3             1 
 2             1             1             2             1             1             2             2 
 0             3             4             2             0             1             1             2 
 0             1             2             0             1             2             2             0 
 2             0             1             3             0             1             1             1 
 2             1             0             1             1             1             0             1 
 1             0             1             0             0             1             1             3 
 1             0             0             1             2             0             0             0 
 0             2             0             0             0             1             1             1 
 1             0             1             2             1             2             2             3 
 1             0             0             0             1             1             0             5 
 1             0             1             1             0             0             3             0 
 0             0             1             1             1             2             0             1 
 0             0             1             0             0             1             2             0 
 2             0             0             1             0             3             0             0 
 3             0             1             1             1             1             1             2 
 0             0             0             1             0             1             2             1 
 0             0             0             0             2             0             0             0 
 0             0             1             1             0             0             1             0 
 0             0             0             1             1             1             1             0 
 0             3             0             0             1             1             0             0 
 1             0             0             0             1             1             0             0 
 0             1             0             0             0             0             0             1 
 0             0             0             0             0             0             0             1 
 1             0             0             0             2             1             1             0 
 0             0             0             1             0             0             0             0 
 0             0             1             0             0             1             0             0 
 2             0             0             0             0             0             1             0 
 1             0             0             0             0             0             0             0 
 1             0             0             0             1             2             0             1 
 1             0             1             0             0             0             0             0 
 0             1             0             0             1             0             1             0 
 3             0             0             0             1             0             1             3 
 2             1             1             0             0             0             2             0 
 0             1             1             0             1             1             1             0 
 0             0             1             0             0             0             0             0 
 0             1             1             0             0             0             0             0 
 0             0             1             0             0             2             0             0 
 0             0             0             0             1             0             1             1 
 0             0             1             0             0             1             0             1 
 0             1             0             1             0             0             1             0 
 0             1             1             1             0             0             0             0 
 1             0             0             1             2             1             0             0 
 0             0             0             0             0             0             0             0 
 0             1             1             0             0             2             0             0 
