$SPEC_ID:
bMCA Spectrum
$DATE_MEA:
07-07-2022  09:33:08
$MEAS_TIM:
 59.01         60
$DEVICE_ID:
bMCA 06201013
$ACQ_SETTINGS:
 2             60            1000          4             4095 
$HRDW_PARAMS:
PHA
 800
 3             3276          5 
 7             0             1023 
 80            25            45 
 1             1 
$SPEC_CAL:
-39.25932      2.313255      0
$MCA_CAL:
3
-39.25932      2.313255      0
$ROI:
 267           333           32768         1            137Cs
 46            75            33023         1            57Co
$DATA:
 0             1023 
 3             3             6             14            33            65            83            177 
 245           320           361           328           324           352           347           312 
 309           331           350           404           439           482           436           439 
 399           327           260           238           229           237           228           237 
 264           315           327           367           435           421           456           428 
 464           459           492           476           547           551           688           752 
 922           1168          1446          1783          1961          2190          2272          2239 
 2298          2210          2111          2075          2203          2194          2332          2366 
 2316          2238          2133          1863          1652          1360          1110          815 
 642           586           452           403           338           325           266           244 
 200           222           221           226           213           210           224           221 
 239           227           241           214           216           207           218           217 
 216           206           233           227           219           214           226           214 
 212           202           215           198           212           179           184           185 
 162           188           173           167           168           166           154           171 
 150           153           159           149           152           162           142           169 
 148           147           175           151           159           143           127           157 
 155           145           138           135           123           136           136           142 
 127           137           132           144           146           136           126           135 
 130           118           127           123           109           115           103           125 
 133           122           105           118           130           105           116           139 
 114           131           120           112           144           117           130           108 
 117           123           131           123           113           119           115           119 
 120           130           105           115           107           109           110           124 
 111           121           126           104           129           124           112           127 
 125           113           98            99            99            111           102           106 
 100           80            75            95            88            86            63            58 
 57            62            68            63            53            55            48            44 
 39            47            34            48            39            38            40            38 
 29            20            33            22            35            32            29            21 
 32            29            35            13            33            21            24            23 
 30            30            21            23            18            22            24            14 
 21            15            17            18            28            26            24            21 
 31            30            22            23            44            48            51            58 
 68            64            59            86            107           100           124           153 
 141           174           202           210           234           253           283           319 
 365           349           370           385           443           438           451           488 
 516           486           514           476           483           472           451           476 
 459           435           412           446           388           378           373           337 
 303           265           252           239           222           202           193           157 
 133           115           106           94            90            80            73            72 
 50            58            32            45            30            22            18            20 
 17            10            17            11            8             4             11            11 
 15            6             9             8             9             7             6             4 
 5             2             4             1             8             3             4             7 
 4             4             7             8             3             5             4             4 
 5             4             4             4             3             2             7             2 
 5             4             3             4             5             7             2             4 
 3             1             2             2             6             7             3             2 
 6             3             4             5             2             2             5             9 
 1             6             6             4             5             3             4             3 
 3             6             3             4             4             5             4             6 
 3             5             5             3             5             5             3             5 
 4             10            3             2             3             3             2             2 
 4             3             4             7             5             6             2             1 
 2             1             1             2             4             3             2             4 
 5             3             2             4             2             2             3             2 
 3             5             2             1             1             1             0             2 
 2             4             2             0             0             3             4             0 
 3             4             4             3             5             2             4             5 
 1             4             2             4             2             2             4             2 
 0             5             0             5             2             2             8             5 
 2             3             2             3             4             6             3             4 
 4             8             2             1             3             6             2             1 
 5             8             2             5             1             4             3             5 
 2             5             3             2             4             2             4             4 
 3             2             2             2             3             1             2             3 
 1             1             2             2             6             2             3             2 
 3             2             0             4             1             2             1             1 
 1             2             4             0             2             4             1             2 
 4             3             3             1             1             6             0             4 
 3             3             1             2             4             3             1             2 
 3             0             4             2             1             3             1             2 
 0             1             2             2             3             1             3             1 
 0             0             1             2             2             6             1             2 
 2             4             2             0             1             2             4             3 
 0             3             3             1             4             4             1             0 
 2             1             5             0             2             5             4             4 
 4             1             1             3             1             2             3             2 
 0             3             4             0             5             0             1             4 
 3             0             1             2             1             2             4             1 
 3             3             1             2             3             1             2             1 
 3             0             1             2             1             1             1             4 
 2             2             2             0             1             1             2             2 
 1             1             1             1             1             3             1             2 
 0             1             1             1             1             0             1             3 
 0             2             0             2             2             1             1             0 
 0             0             0             1             0             1             0             1 
 1             1             1             0             0             1             0             0 
 0             1             0             0             0             1             0             0 
 1             1             1             0             1             0             0             0 
 0             0             0             2             1             0             1             1 
 0             0             0             0             0             1             0             1 
 1             0             0             0             0             0             0             0 
 1             1             0             0             1             0             1             0 
 1             0             0             0             1             0             0             0 
 0             0             1             0             0             0             0             1 
 0             1             0             0             0             0             0             2 
 0             0             0             0             0             0             0             1 
 0             0             0             1             0             0             0             0 
 0             0             0             0             1             0             0             0 
 0             1             0             0             0             0             0             1 
 0             1             0             0             0             1             0             0 
 1             1             0             0             0             0             2             0 
 0             0             0             0             0             0             0             0 
 0             0             1             2             0             0             0             0 
 0             0             0             0             0             0             0             0 
 0             0             0             0             0             0             1             0 
 0             0             0             0             0             0             1             0 
 0             0             0             1             0             0             0             0 
 0             0             1             0             0             0             0             0 
 0             0             0             0             0             0             0             0 
 1             0             0             0             0             0             0             1 
 0             0             0             0             0             0             0             0 
 2             1             1             0             0             0             0             0 
 0             1             1             0             0             1             0             0 
 0             1             0             0             0             0             0             0 
 0             0             0             1             0             0             0             0 
 0             0             1             2             0             1             0             0 
 0             0             0             0             0             0             0             0 
 0             0             1             0             0             0             0             0 
 0             0             0             0             0             0             0             0 
 0             1             0             0             0             0             0             0 
 0             2             0             0             0             0             1             0 
 0             1             0             1             0             0             1             0 
 0             1             0             0             0             0             0             0 
 0             1             0             0             0             0             0             0 
 0             0             0             0             0             0             0             0 
