$SPEC_ID:
bMCA Spectrum
$DATE_MEA:
07-07-2022  09:50:44
$MEAS_TIM:
 177.05        180
$DEVICE_ID:
bMCA 06201013
$ACQ_SETTINGS:
 2             180           1000          4             4095 
$HRDW_PARAMS:
PHA
 800
 3             3276          5 
 7             0             1023 
 80            25            45 
 1             1 
$SPEC_CAL:
-39.25932      2.313255      0
$MCA_CAL:
3
-39.25932      2.313255      0
$ROI:
 267           333           32768         1            137Cs
 46            75            33023         1            57Co
$DATA:
 0             1023 
 6             19            30            54            105           176           279           445 
 698           844           1045          1046          1035          1013          977           915 
 879           965           1084          1150          1354          1419          1375          1324 
 1144          987           785           734           704           678           740           739 
 762           834           992           1077          1130          1287          1337          1396 
 1399          1454          1501          1482          1570          1697          2061          2445 
 2867          3594          4459          5234          6026          6553          6807          6913 
 6771          6639          6386          6173          6626          6503          6707          6961 
 7091          7002          6352          5733          4810          3926          3208          2392 
 1930          1582          1315          1080          961           841           727           694 
 694           618           685           691           638           695           610           609 
 661           638           676           617           630           671           689           693 
 659           643           704           675           611           612           646           652 
 625           630           598           633           598           648           538           588 
 564           542           577           516           510           470           521           521 
 476           493           479           459           500           484           437           426 
 475           455           417           431           474           430           472           430 
 394           447           376           452           412           418           393           386 
 402           444           389           367           407           377           401           379 
 366           369           365           341           348           398           392           357 
 391           363           339           364           403           329           377           366 
 359           356           366           327           377           364           314           342 
 334           350           333           358           370           340           346           335 
 347           367           366           382           381           329           347           362 
 347           325           352           365           341           350           334           356 
 317           323           325           314           291           299           303           318 
 256           297           250           253           254           222           239           216 
 183           176           222           181           173           178           144           134 
 129           125           131           127           109           104           87            115 
 102           100           99            88            95            108           77            89 
 75            71            73            80            77            73            71            65 
 69            65            60            64            78            60            63            65 
 65            56            66            70            68            60            70            82 
 90            81            111           107           114           116           157           170 
 172           199           248           256           330           330           368           419 
 474           556           605           660           692           771           868           928 
 1009          1118          1151          1180          1229          1295          1451          1352 
 1427          1472          1456          1443          1515          1470          1501          1492 
 1410          1317          1267          1293          1180          1124          995           993 
 921           862           763           686           668           570           527           460 
 393           362           323           299           269           241           208           195 
 139           138           156           91            89            87            83            65 
 70            33            44            41            28            33            26            27 
 27            20            23            17            18            21            15            20 
 23            17            18            14            13            19            17            15 
 19            24            15            13            16            5             15            16 
 6             19            5             16            9             11            10            18 
 11            12            14            9             12            13            7             9 
 13            16            9             11            7             12            15            13 
 9             16            13            9             15            8             11            6 
 13            12            8             13            12            10            15            13 
 11            12            18            14            16            8             6             13 
 6             15            11            8             13            14            11            8 
 18            11            11            7             7             13            8             7 
 9             11            12            6             11            11            9             6 
 9             7             9             13            11            9             8             7 
 9             11            9             17            6             8             12            13 
 10            4             9             5             11            6             8             4 
 8             8             12            8             6             9             9             11 
 6             8             10            6             9             4             7             5 
 8             5             8             9             7             10            10            4 
 11            12            11            11            8             4             3             14 
 3             9             8             6             9             8             7             8 
 12            8             11            10            7             12            12            8 
 8             6             10            12            4             13            8             14 
 10            9             16            8             10            8             7             7 
 6             9             12            10            8             5             7             7 
 5             17            8             6             8             11            4             5 
 8             9             3             10            4             6             4             6 
 8             6             9             6             6             6             5             6 
 7             8             4             4             7             8             5             7 
 2             2             2             1             8             9             5             8 
 4             4             5             4             5             4             6             7 
 6             10            9             5             3             4             5             11 
 6             3             8             4             10            3             7             12 
 6             5             4             4             9             4             7             4 
 4             4             1             4             9             10            4             6 
 4             8             8             5             3             7             11            6 
 5             7             5             4             6             5             8             10 
 7             7             3             4             5             5             4             5 
 8             2             11            6             7             6             4             2 
 7             6             9             8             9             3             5             5 
 8             6             5             3             5             5             7             3 
 7             3             5             7             3             7             6             6 
 4             3             7             1             5             1             3             3 
 2             4             2             0             2             5             2             1 
 1             2             1             1             1             2             6             2 
 2             1             4             2             2             2             3             4 
 1             2             2             3             3             1             2             3 
 1             2             3             1             0             2             1             1 
 1             0             0             0             0             0             1             1 
 1             1             1             0             4             2             1             0 
 2             2             0             1             0             2             2             2 
 1             1             0             0             1             2             2             1 
 1             1             0             3             1             2             2             2 
 0             0             1             1             1             0             3             0 
 0             0             1             0             1             2             2             0 
 1             0             1             0             1             0             2             1 
 1             2             1             1             1             2             0             1 
 0             2             1             3             0             0             2             1 
 1             1             0             0             1             0             0             2 
 1             2             3             1             2             0             2             0 
 0             2             0             0             1             2             0             0 
 0             2             1             1             0             0             0             1 
 1             0             0             3             2             2             2             0 
 1             0             0             2             1             0             0             1 
 0             0             0             1             0             0             0             1 
 1             0             0             0             0             1             0             1 
 0             0             0             2             0             0             0             1 
 1             1             0             1             0             0             1             1 
 0             2             0             1             2             1             1             1 
 0             0             1             0             0             1             0             0 
 1             0             0             0             3             1             1             0 
 1             1             1             0             1             0             0             2 
 0             0             1             1             1             0             1             1 
 1             0             1             0             0             1             0             0 
 1             0             0             0             1             1             0             1 
 0             0             1             2             0             2             1             1 
 3             0             0             1             1             1             0             1 
 2             0             1             1             1             0             1             1 
 0             1             0             1             3             1             0             0 
 4             0             1             1             0             0             0             1 
 0             1             1             0             1             0             0             0 
 2             2             0             0             1             0             1             2 
 1             1             0             0             1             0             2             0 
 0             0             0             0             0             0             0             0 
 2             3             1             1             1             1             0             0 
 0             0             0             0             1             0             0             0 
