$SPEC_ID:
bMCA Spectrum
$DATE_MEA:
07-05-2022  09:03:56
$MEAS_TIM:
 236.315       240
$DEVICE_ID:
bMCA 06201013
$ACQ_SETTINGS:
 2             240           1000          4             4095 
$HRDW_PARAMS:
PHA
 800
 3             3276          5 
 7             0             1023 
 80            25            45 
 1             1 
$SPEC_CAL:
-2.996172      2.07587       2.903056E-04
$MCA_CAL:
3
-2.996172      2.07587       2.903056E-04
$ROI:
 270           340           32768         1            137Cs
 46            75            33023         1            57Co
$DATA:
 0             1023 
 5             13            35            67            134           229           420           609 
 890           1235          1390          1520          1524          1425          1295          1302 
 1259          1312          1424          1706          1799          1920          1910          1822 
 1601          1341          1113          990           943           926           995           959 
 1094          1100          1161          1255          1318          1401          1509          1492 
 1554          1659          1748          1765          1938          2161          2320          2790 
 3115          3986          4822          5574          6145          6750          7115          7278 
 7070          6948          6603          6561          6845          6800          7104          7334 
 7191          6868          6447          5786          4865          4068          3203          2628 
 2150          1778          1571          1340          1151          1011          983           938 
 897           896           982           952           913           975           957           968 
 951           1043          952           954           988           1004          999           989 
 943           996           985           969           937           969           893           933 
 877           886           895           796           854           790           850           866 
 808           770           803           790           791           721           751           727 
 733           726           731           676           657           656           657           667 
 682           622           587           579           610           646           633           641 
 628           651           625           610           554           564           576           589 
 543           582           590           552           557           548           565           561 
 559           549           566           541           556           532           528           541 
 575           514           566           544           561           511           510           541 
 482           552           489           529           508           541           523           474 
 522           481           520           499           479           522           548           519 
 503           510           494           481           473           536           543           526 
 484           490           516           496           497           501           537           546 
 503           484           493           501           491           458           495           463 
 395           401           432           371           359           366           300           335 
 329           250           294           260           245           243           248           213 
 234           239           179           173           188           149           156           160 
 170           114           137           115           126           122           123           125 
 96            111           112           118           88            114           97            73 
 85            90            85            89            90            79            91            87 
 78            91            78            85            103           93            126           99 
 104           122           139           129           165           206           205           231 
 297           311           332           369           432           511           576           609 
 727           791           918           987           1136          1194          1324          1405 
 1629          1644          1768          1776          2017          1973          2026          2160 
 2186          2270          2229          2211          2327          2311          2310          2144 
 2182          2033          1937          1924          1769          1656          1681          1550 
 1407          1326          1207          1103          983           957           854           751 
 648           592           534           479           423           361           288           262 
 249           200           178           165           127           124           103           86 
 74            87            62            54            63            56            51            41 
 28            31            29            31            28            40            28            23 
 20            32            26            23            23            21            23            15 
 27            13            17            33            24            16            21            26 
 15            16            27            17            19            18            21            20 
 17            25            21            14            23            16            16            24 
 20            15            23            16            23            15            15            13 
 10            14            18            20            26            8             18            12 
 11            13            17            22            19            11            17            23 
 18            18            10            14            21            17            18            12 
 18            8             19            17            14            13            7             10 
 8             18            14            14            22            17            14            15 
 9             13            17            7             17            29            11            21 
 15            15            12            18            14            12            9             13 
 9             8             15            14            12            14            8             6 
 21            13            12            12            17            8             8             10 
 11            8             7             10            7             16            13            13 
 10            13            17            10            7             15            8             12 
 7             7             10            12            6             11            20            14 
 14            14            10            12            17            15            16            17 
 13            18            11            15            11            14            11            20 
 23            10            14            17            14            9             17            17 
 12            13            15            11            12            19            16            18 
 15            7             11            18            8             16            13            14 
 12            20            11            11            14            16            9             13 
 11            20            10            12            15            10            6             10 
 7             10            8             9             9             8             6             13 
 9             15            11            12            5             7             8             4 
 12            7             11            9             6             9             5             4 
 7             6             8             13            19            8             0             7 
 8             9             18            12            7             4             6             9 
 19            13            7             12            12            8             10            8 
 11            14            8             8             5             0             11            11 
 6             8             10            10            8             9             11            6 
 7             14            5             16            13            11            13            7 
 6             7             10            8             7             5             9             8 
 8             8             7             8             7             5             5             11 
 14            11            4             9             9             8             10            12 
 14            7             8             10            9             5             7             4 
 8             10            5             7             7             5             8             8 
 10            10            4             8             9             4             6             11 
 3             8             1             5             6             1             7             4 
 4             0             3             2             6             4             2             5 
 1             3             2             4             2             6             4             2 
 4             2             3             1             1             1             0             1 
 3             6             2             2             1             1             4             2 
 3             4             2             1             0             1             1             1 
 1             1             2             3             2             2             1             4 
 1             2             1             1             2             3             2             1 
 2             1             0             4             1             1             3             3 
 1             3             2             5             3             0             3             1 
 1             2             1             1             3             1             1             1 
 2             1             1             3             0             0             1             2 
 2             0             1             2             4             4             4             1 
 2             2             1             0             2             4             2             2 
 3             0             2             0             1             0             0             4 
 1             0             4             3             2             1             2             1 
 2             1             3             2             0             2             1             1 
 2             0             2             2             0             1             2             0 
 1             0             0             0             1             2             0             2 
 1             1             2             1             0             0             0             1 
 0             1             2             4             2             1             1             1 
 1             1             1             1             1             1             4             2 
 1             1             0             2             1             0             1             0 
 0             1             0             2             0             0             0             3 
 0             1             2             0             1             1             0             1 
 1             0             1             0             0             2             0             0 
 1             1             0             0             0             0             0             0 
 0             0             2             1             0             0             1             1 
 0             1             1             0             0             0             0             1 
 1             0             2             0             0             1             1             1 
 1             2             1             1             0             2             1             1 
 0             4             2             1             0             1             0             1 
 1             1             0             0             1             1             1             0 
 0             2             0             2             0             1             0             1 
 1             0             0             0             0             0             1             2 
 2             1             0             0             1             1             1             0 
 1             0             0             1             0             1             2             1 
 1             2             2             0             1             1             1             0 
 1             0             1             1             0             0             0             2 
 0             2             0             0             1             1             1             1 
 0             0             1             1             0             2             0             1 
 1             0             1             0             2             0             1             0 
 1             2             0             1             1             1             0             0 
 0             0             2             0             0             0             0             2 
 0             0             0             0             1             0             1             1 
