$SPEC_ID:
bMCA Spectrum
$DATE_MEA:
07-04-2022  09:23:56
$MEAS_TIM:
 57.915        60
$DEVICE_ID:
bMCA 06201013
$ACQ_SETTINGS:
 2             60            1000          4             4095 
$HRDW_PARAMS:
PHA
 800
 3             3276          5 
 7             0             1023 
 80            25            45 
 1             1 
$SPEC_CAL:
-5.490132      2.161477      2.078236E-04
$MCA_CAL:
3
-5.490132      2.161477      2.078236E-04
$ROI:
 267           333           32768         1            137Cs
 553           618           16711935      1            60Co
 46            75            33023         1            57Co
$DATA:
 0             1023 
 2             8             15            35            60            79            154           205 
 313           356           461           449           456           451           448           432 
 471           498           511           563           637           616           655           589 
 592           507           449           399           425           433           432           475 
 444           503           527           544           606           594           660           631 
 727           731           700           714           734           837           973           1081 
 1317          1522          1804          2096          2287          2486          2425          2502 
 2482          2389          2374          2426          2402          2432          2510          2654 
 2709          2448          2246          1887          1668          1369          1141          849 
 764           647           535           507           495           482           431           399 
 403           413           402           422           411           418           415           447 
 447           437           444           449           424           478           483           427 
 455           460           456           412           447           452           508           467 
 437           505           450           468           477           459           465           452 
 443           454           423           451           439           399           440           408 
 418           407           429           448           383           434           368           399 
 392           403           383           395           366           367           357           361 
 345           370           373           345           347           361           322           329 
 353           345           342           351           305           316           363           312 
 318           322           322           320           310           293           329           303 
 318           319           316           298           325           277           350           298 
 285           316           331           307           288           339           299           303 
 284           268           302           241           297           305           282           282 
 281           272           287           292           284           295           287           270 
 290           319           262           258           272           273           272           281 
 273           269           249           282           272           228           250           243 
 247           265           255           239           212           226           228           206 
 212           216           231           184           200           201           212           203 
 190           202           200           196           208           185           209           191 
 189           175           161           178           191           182           163           183 
 183           191           186           172           169           150           166           176 
 177           185           156           166           208           166           165           162 
 148           166           166           177           168           191           206           172 
 185           199           195           189           206           181           197           212 
 280           265           290           295           273           288           325           369 
 334           400           384           420           516           505           538           507 
 570           615           658           635           628           603           643           661 
 674           677           667           667           634           645           647           631 
 556           573           570           490           484           451           431           396 
 376           371           346           330           286           287           279           285 
 246           232           237           208           208           236           218           184 
 181           190           195           196           201           175           174           175 
 186           171           186           160           157           188           179           173 
 163           163           171           163           163           191           205           184 
 164           177           180           169           181           152           189           184 
 181           184           154           168           173           200           188           173 
 206           178           184           200           186           196           208           187 
 201           190           179           206           184           195           200           188 
 189           188           211           188           182           156           176           188 
 209           207           200           184           212           200           203           185 
 198           206           212           193           191           175           187           181 
 181           162           186           147           163           171           185           184 
 184           162           179           163           158           168           143           160 
 179           165           137           144           140           122           140           137 
 141           143           130           137           133           133           125           136 
 150           131           133           137           127           121           149           108 
 124           112           126           122           123           133           128           140 
 112           128           116           124           118           120           115           128 
 129           108           118           106           114           123           123           115 
 118           113           112           116           115           116           127           134 
 114           126           126           125           152           148           138           135 
 155           153           177           169           195           203           184           221 
 207           249           253           259           246           294           263           312 
 305           308           310           302           337           322           329           320 
 363           305           299           367           324           328           341           316 
 318           322           263           291           285           272           265           278 
 255           251           227           264           223           181           189           193 
 149           182           175           180           162           146           151           121 
 121           125           126           118           122           123           115           112 
 116           112           141           136           113           143           123           154 
 151           155           155           193           184           185           214           202 
 182           217           247           224           220           238           235           267 
 258           243           225           260           228           239           256           243 
 262           269           252           252           251           245           216           232 
 215           220           232           188           203           171           168           149 
 162           152           145           140           119           109           102           107 
 98            106           87            96            84            77            66            65 
 66            65            60            62            46            49            28            39 
 38            42            55            29            26            43            34            22 
 17            28            31            19            19            26            17            22 
 14            12            22            16            9             11            18            21 
 10            15            8             7             11            13            10            5 
 11            12            6             7             7             7             8             5 
 10            7             7             5             9             11            9             6 
 4             6             4             6             11            9             9             10 
 10            5             9             3             5             3             9             12 
 8             8             6             8             5             9             1             9 
 8             10            8             7             9             5             7             9 
 3             6             6             6             7             11            4             7 
 7             8             5             10            6             4             5             2 
 5             6             7             7             9             3             3             9 
 7             6             5             2             9             7             6             4 
 5             7             7             9             6             4             6             3 
 5             10            4             5             8             7             5             8 
 7             4             12            7             4             4             7             4 
 7             4             7             5             5             3             8             5 
 9             3             4             6             3             4             3             3 
 4             5             6             4             7             4             1             5 
 7             6             2             3             3             7             6             7 
 5             3             2             3             7             3             2             4 
 4             4             7             1             5             2             4             4 
 4             5             3             7             3             9             4             3 
 6             3             4             4             8             4             3             4 
 4             6             3             6             10            5             3             4 
 7             7             4             3             11            8             4             5 
 4             3             5             3             13            4             2             3 
 4             1             3             4             7             4             4             8 
 3             6             2             4             2             2             2             0 
 4             6             2             1             4             3             2             3 
 6             6             0             4             9             3             3             5 
 6             2             3             1             9             3             5             3 
 4             3             3             2             4             3             2             2 
 2             4             0             3             6             4             3             2 
 3             4             7             3             2             3             5             4 
 4             5             2             5             1             5             0             7 
 8             4             5             3             4             3             4             6 
 2             3             3             2             4             3             3             6 
 5             8             0             1             6             7             0             2 
 5             3             6             3             2             7             4             3 
 6             9             2             6             5             1             3             4 
 1             3             3             6             5             3             2             2 
 2             5             6             6             4             5             3             3 
 4             1             3             3             3             7             2             6 
 5             10            1             2             3             4             2             3 
 1             7             1             2             2             3             4             0 
 2             0             4             5             2             1             2             4 
 3             5             2             4             3             2             3             2 
 4             0             1             0             1             2             0             1 
