$SPEC_ID:
bMCA Spectrum
$DATE_MEA:
07-07-2022  08:46:57
$MEAS_TIM:
 174.22        180
$DEVICE_ID:
bMCA 06201013
$ACQ_SETTINGS:
 2             180           1000          4             4095 
$HRDW_PARAMS:
PHA
 800
 3             3276          5 
 7             0             1023 
 80            25            45 
 1             1 
$SPEC_CAL:
-39.25932      2.313255      0
$MCA_CAL:
3
-39.25932      2.313255      0
$ROI:
 273           333           32768         1            137Cs
 562           622           16711935      1            60Co
$DATA:
 0             1023 
 8             23            54            92            138           214           365           497 
 799           921           1066          1212          1189          1181          1244          1155 
 1235          1292          1441          1475          1655          1754          1718          1689 
 1503          1380          1275          1201          1166          1141          1188          1133 
 1174          1169          1221          1204          1214          1243          1230          1300 
 1243          1237          1278          1234          1267          1252          1329          1345 
 1296          1323          1276          1298          1306          1313          1277          1275 
 1284          1310          1289          1223          1294          1324          1289          1336 
 1285          1301          1269          1345          1258          1262          1291          1344 
 1284          1256          1257          1246          1239          1221          1340          1285 
 1311          1337          1343          1277          1340          1324          1358          1348 
 1369          1360          1369          1435          1448          1430          1497          1542 
 1447          1508          1595          1532          1633          1616          1622          1647 
 1530          1647          1672          1650          1692          1590          1566          1538 
 1600          1610          1488          1532          1585          1476          1493          1474 
 1443          1424          1427          1388          1390          1410          1335          1311 
 1314          1362          1291          1250          1217          1245          1243          1255 
 1201          1258          1175          1207          1157          1216          1221          1164 
 1187          1177          1110          1166          1173          1090          1039          1100 
 1096          1065          1055          1064          1092          1042          1085          1022 
 1049          1012          1033          1004          980           1084          1032          992 
 925           1056          960           1002          982           960           998           972 
 1015          946           967           952           969           960           988           965 
 970           938           936           974           953           892           914           915 
 938           965           979           937           921           896           934           946 
 911           925           917           913           898           922           875           861 
 880           874           796           842           820           764           807           775 
 755           789           719           715           737           763           750           758 
 744           690           677           669           687           693           651           705 
 726           720           681           679           672           624           646           690 
 683           700           642           666           624           709           653           655 
 657           667           607           647           642           663           632           617 
 658           613           655           673           632           601           649           647 
 685           692           706           662           714           704           734           730 
 747           796           836           931           873           937           984           1020 
 1055          1189          1189          1213          1296          1424          1432          1441 
 1498          1693          1754          1674          1794          1927          1925          1877 
 1906          1983          1998          2014          2013          1904          1993          1896 
 1887          1821          1810          1663          1749          1649          1567          1520 
 1507          1377          1302          1238          1192          1137          1111          1064 
 989           967           934           917           865           812           835           815 
 796           765           759           766           754           756           704           707 
 701           689           690           642           714           685           682           670 
 695           680           727           650           660           680           696           703 
 720           710           674           642           764           659           704           685 
 637           708           734           706           711           661           736           735 
 693           712           760           741           713           729           770           692 
 711           750           722           787           776           741           758           784 
 720           796           771           736           788           781           814           759 
 747           803           798           758           745           762           820           794 
 757           753           781           771           806           820           775           822 
 777           773           701           766           705           724           682           725 
 688           731           672           653           677           674           642           655 
 576           628           568           597           575           530           573           591 
 564           549           586           575           566           554           519           512 
 544           527           545           511           524           535           530           490 
 509           543           483           499           521           537           456           494 
 491           517           478           456           534           458           446           483 
 490           471           459           463           457           483           459           456 
 470           484           461           493           474           529           471           478 
 424           452           465           467           470           484           502           486 
 508           540           551           608           621           598           640           737 
 689           828           826           798           901           940           922           948 
 1061          1048          1060          1108          1209          1229          1214          1307 
 1398          1322          1314          1419          1324          1396          1412          1317 
 1408          1441          1383          1353          1282          1267          1206          1304 
 1201          1178          1169          1105          1048          1009          967           881 
 953           845           771           763           706           704           670           659 
 625           589           554           540           509           471           461           413 
 471           456           441           444           444           490           472           519 
 479           532           552           557           605           611           631           599 
 710           710           692           795           789           778           851           899 
 867           918           990           977           1021          1022          1110          1044 
 1071          1060          1116          976           1063          1120          1090          1049 
 1044          906           1014          949           951           904           835           823 
 807           793           768           740           678           709           669           649 
 600           548           492           491           449           440           411           390 
 338           336           346           286           297           302           269           260 
 196           199           172           190           181           189           150           164 
 160           127           124           119           96            99            107           96 
 90            76            94            87            82            84            101           58 
 87            70            61            62            65            58            58            56 
 66            54            40            58            48            43            50            43 
 47            42            42            49            40            53            44            37 
 51            44            42            26            27            30            32            32 
 35            36            39            38            35            49            40            39 
 26            44            34            24            36            39            36            31 
 35            37            41            39            39            22            36            44 
 34            35            47            27            31            33            28            32 
 48            45            34            40            31            31            34            30 
 33            36            19            27            23            33            22            39 
 30            29            32            37            37            31            23            27 
 28            26            32            43            25            40            37            20 
 31            37            29            32            32            28            36            27 
 36            35            19            25            20            28            37            25 
 25            29            25            32            28            31            27            32 
 22            30            28            20            32            27            30            32 
 34            27            28            26            20            33            42            24 
 29            25            23            30            26            22            23            36 
 19            34            29            30            32            31            28            31 
 26            24            30            28            17            29            21            22 
 22            24            22            19            16            18            35            24 
 22            20            20            21            36            28            24            21 
 22            22            25            25            20            29            16            30 
 25            33            29            22            20            21            19            25 
 20            20            34            28            21            31            25            29 
 21            23            28            24            27            21            16            17 
 18            31            29            25            19            27            22            20 
 27            28            17            24            20            31            21            22 
 27            32            32            24            22            19            23            30 
 17            23            24            16            27            12            19            15 
 18            19            24            18            25            28            22            30 
 22            22            22            24            20            17            20            18 
 22            29            20            19            24            13            22            20 
 14            21            18            21            14            20            23            16 
 20            14            15            20            19            22            24            18 
 12            14            22            27            22            22            20            22 
 32            12            23            27            21            18            20            26 
 14            18            17            23            22            22            25            15 
 15            11            22            21            34            24            26            24 
 20            26            29            16            17            25            24            17 
 20            25            27            15            20            23            19            27 
 25            25            28            15            19            24            17            14 
 15            22            25            23            14            13            20            22 
 25            14            13            14            16            20            20            18 
 19            19            11            18            22            18            16            15 
 13            14            13            24            10            13            13            11 
 11            18            13            5             10            11            8             6 
