$SPEC_ID:
bMCA Spectrum
$DATE_MEA:
07-04-2022  10:14:07
$MEAS_TIM:
 231.685       240
$DEVICE_ID:
bMCA 06201013
$ACQ_SETTINGS:
 2             240           1000          4             4095 
$HRDW_PARAMS:
PHA
 800
 3             3276          5 
 7             0             1023 
 80            25            45 
 1             1 
$SPEC_CAL:
-5.490132      2.161477      2.078236E-04
$MCA_CAL:
3
-5.490132      2.161477      2.078236E-04
$ROI:
 267           333           32768         1            137Cs
 553           618           16711935      1            60Co
 46            75            33023         1            57Co
$DATA:
 0             1023 
 18            20            77            133           251           331           620           869 
 1172          1466          1713          1772          1827          1817          1754          1768 
 1844          1903          2140          2300          2471          2662          2607          2485 
 2312          2019          1875          1708          1671          1658          1726          1831 
 1925          2014          2178          2351          2416          2519          2543          2711 
 2748          2750          2896          2970          3041          3328          3851          4478 
 5220          6227          7375          8202          9257          10032         10115         10061 
 9687          9335          9425          9238          9619          10027         10081         10191 
 10069         9473          8810          7702          6415          5337          4400          3664 
 3060          2648          2339          2155          1891          1863          1730          1657 
 1694          1679          1649          1751          1674          1673          1714          1680 
 1697          1742          1796          1806          1795          1897          1893          1904 
 1932          1878          1881          1969          1852          1919          1915          1949 
 1869          1877          1884          1820          1882          1871          1820          1845 
 1832          1787          1827          1733          1704          1640          1689          1653 
 1690          1641          1572          1549          1677          1620          1543          1618 
 1546          1560          1522          1497          1532          1490          1428          1459 
 1387          1441          1393          1422          1463          1384          1410          1351 
 1395          1337          1300          1325          1276          1331          1322          1272 
 1264          1293          1290          1355          1221          1285          1279          1293 
 1239          1220          1242          1253          1204          1196          1274          1201 
 1196          1168          1191          1182          1225          1244          1174          1169 
 1175          1187          1155          1186          1137          1216          1192          1183 
 1119          1132          1140          1158          1147          1195          1075          1082 
 1149          1173          1092          1103          1080          1059          1153          1122 
 1049          1057          1062          1023          989           1023          1087          957 
 966           959           916           992           874           884           897           885 
 872           892           866           861           808           826           819           752 
 801           766           762           754           776           762           785           739 
 712           681           694           718           727           774           783           713 
 722           702           687           705           680           738           709           723 
 705           744           707           698           710           694           701           669 
 724           673           714           691           744           718           721           711 
 721           793           791           813           811           931           873           939 
 1005          1083          1107          1150          1227          1325          1411          1470 
 1508          1627          1799          1811          1934          2163          2074          2262 
 2320          2514          2457          2628          2686          2668          2668          2601 
 2643          2733          2581          2538          2593          2477          2398          2375 
 2285          2156          2031          1989          1827          1805          1706          1634 
 1452          1428          1370          1264          1228          1161          1197          1047 
 989           957           914           919           838           837           834           845 
 756           761           723           705           720           730           718           678 
 728           649           687           700           633           649           669           691 
 721           707           690           681           704           693           734           663 
 673           685           750           700           712           643           669           695 
 670           682           696           712           686           717           750           722 
 736           756           774           746           766           735           790           786 
 736           761           733           779           737           792           792           718 
 746           805           841           840           747           754           769           749 
 821           802           777           798           793           759           792           797 
 800           783           797           756           741           783           687           753 
 714           720           715           644           710           719           668           693 
 689           696           674           646           581           599           582           607 
 571           573           593           577           547           561           558           586 
 561           521           510           497           550           521           525           497 
 541           503           556           506           519           524           503           527 
 519           477           513           512           516           471           493           485 
 508           475           495           460           463           466           502           507 
 485           513           520           484           487           420           438           417 
 450           441           454           434           432           492           497           451 
 503           484           544           547           556           575           624           611 
 638           637           690           719           736           822           876           906 
 860           872           946           1058          1093          1125          1125          1112 
 1212          1143          1243          1286          1280          1275          1298          1365 
 1354          1289          1340          1321          1325          1320          1293          1261 
 1261          1193          1187          1123          1174          1068          1032          935 
 944           897           904           796           800           722           717           705 
 698           671           614           539           553           516           516           470 
 492           494           447           461           445           475           468           475 
 451           486           520           530           559           591           573           586 
 593           656           672           706           700           751           779           804 
 786           880           877           870           887           1000          956           992 
 1010          1011          1039          996           1034          1027          1007          1020 
 1028          974           950           973           919           912           912           851 
 877           815           795           790           725           717           677           663 
 660           595           537           553           509           459           463           414 
 389           333           354           313           326           322           276           273 
 234           246           204           185           204           196           180           165 
 173           144           127           120           123           120           86            100 
 97            96            99            82            98            76            77            63 
 79            49            60            46            40            48            58            48 
 43            40            40            53            44            39            44            37 
 36            34            34            37            34            42            27            28 
 37            38            29            44            30            30            28            37 
 27            39            33            35            25            25            31            23 
 26            36            38            28            33            19            26            27 
 41            23            29            25            34            37            32            18 
 32            30            31            33            26            27            19            29 
 30            22            25            38            28            32            27            31 
 25            25            27            20            26            33            26            18 
 27            18            33            28            30            30            23            30 
 18            25            26            23            26            31            26            31 
 19            29            16            22            27            34            18            15 
 24            18            28            24            22            27            18            17 
 21            29            17            22            24            19            12            18 
 23            14            21            25            24            21            18            25 
 26            16            19            17            23            22            17            21 
 24            18            15            17            20            26            13            17 
 19            23            17            25            23            18            20            22 
 18            19            32            19            16            18            26            16 
 14            19            16            23            23            23            20            20 
 19            15            21            20            14            18            11            17 
 17            21            15            25            18            14            14            23 
 15            25            18            20            21            17            16            17 
 16            18            29            19            18            16            19            11 
 13            16            20            19            16            11            19            21 
 16            10            18            16            22            17            16            16 
 15            17            22            28            13            16            11            14 
 20            17            12            16            19            13            19            16 
 16            19            22            14            21            7             17            14 
 22            10            12            19            14            11            11            21 
 23            16            12            11            13            15            14            17 
 14            19            13            24            16            19            17            18 
 12            20            9             8             11            8             13            14 
 15            19            18            24            15            9             11            13 
 18            17            14            18            11            16            8             16 
 15            13            18            14            13            12            20            16 
 17            22            10            14            10            15            16            14 
 13            16            18            20            19            16            15            18 
 10            18            16            11            14            11            15            16 
 15            14            12            17            17            15            16            16 
 13            19            16            15            14            9             11            20 
 17            7             13            15            12            18            11            11 
 8             13            14            19            12            10            14            7 
 10            9             15            15            14            9             9             8 
 14            10            7             6             9             6             7             8 
 7             3             8             5             8             4             4             4 
 6             8             2             9             1             3             7             9 
