$SPEC_ID:
bMCA Spectrum
$DATE_MEA:
07-07-2022  09:31:06
$MEAS_TIM:
 59.015        60
$DEVICE_ID:
bMCA 06201013
$ACQ_SETTINGS:
 2             60            1000          4             4095 
$HRDW_PARAMS:
PHA
 800
 3             3276          5 
 7             0             1023 
 80            25            45 
 1             1 
$SPEC_CAL:
-39.25932      2.313255      0
$MCA_CAL:
3
-39.25932      2.313255      0
$ROI:
 267           333           32768         1            137Cs
 46            75            33023         1            57Co
$DATA:
 0             1023 
 4             1             6             19            28            50            101           155 
 229           264           330           334           348           331           375           268 
 301           320           421           367           429           468           466           432 
 413           356           265           241           235           225           230           238 
 270           289           333           332           398           417           455           455 
 447           464           455           486           535           516           643           758 
 993           1157          1470          1779          1913          2172          2250          2314 
 2279          2210          2157          2083          2172          2184          2440          2309 
 2344          2197          2111          1858          1656          1335          1066          787 
 709           524           409           364           340           296           245           247 
 225           214           195           219           186           214           188           215 
 213           202           217           243           203           238           210           226 
 252           222           210           216           221           201           194           204 
 233           199           197           185           224           179           208           209 
 197           166           180           172           186           177           219           154 
 174           172           166           155           156           169           139           155 
 144           161           157           140           152           149           152           148 
 135           129           122           161           141           137           133           134 
 144           136           127           116           113           107           134           120 
 131           124           127           129           115           118           128           122 
 134           114           125           119           100           126           112           131 
 103           124           83            108           113           119           107           116 
 114           118           121           126           96            126           125           95 
 126           123           116           119           112           103           119           123 
 125           122           133           100           124           115           114           136 
 103           120           97            108           102           138           109           105 
 85            78            92            74            85            59            79            72 
 69            53            58            50            58            52            44            51 
 52            47            43            31            47            46            33            29 
 37            35            30            38            35            29            27            26 
 16            22            35            19            30            26            34            28 
 23            23            21            24            27            20            27            25 
 12            27            25            20            24            17            24            33 
 30            34            40            30            37            36            54            41 
 67            59            70            79            99            103           114           156 
 173           183           200           229           236           262           300           310 
 312           341           363           419           427           416           431           472 
 488           480           500           491           480           512           507           475 
 432           403           463           387           398           343           318           338 
 323           328           290           239           223           213           183           186 
 170           131           101           110           93            101           78            63 
 49            49            37            40            45            25            26            16 
 19            13            22            12            11            16            8             9 
 6             10            7             4             5             5             3             4 
 2             6             7             7             6             11            10            4 
 3             5             2             3             3             2             5             4 
 3             9             6             2             2             4             4             0 
 3             5             5             5             6             3             4             1 
 9             4             4             3             5             5             2             6 
 1             4             7             6             2             7             3             2 
 5             8             1             2             3             2             5             7 
 5             7             5             4             3             6             6             5 
 4             2             6             4             7             2             4             3 
 3             3             2             4             1             2             1             3 
 6             8             4             2             6             2             8             2 
 4             4             3             4             6             4             3             6 
 3             4             5             1             2             3             2             2 
 3             2             1             1             2             3             4             5 
 1             3             2             3             5             1             3             2 
 0             0             3             3             1             2             4             0 
 1             1             1             1             1             2             4             4 
 6             3             5             0             3             4             3             7 
 3             2             2             2             2             2             5             4 
 5             1             2             4             5             1             3             5 
 2             4             1             1             2             3             2             5 
 2             3             3             7             1             2             2             1 
 1             0             3             3             4             3             1             4 
 2             4             3             3             5             1             2             1 
 1             2             3             2             0             1             0             1 
 1             2             0             1             2             1             7             4 
 1             3             1             1             1             3             2             2 
 0             2             1             0             3             1             3             0 
 1             2             2             2             1             1             0             5 
 2             1             1             5             2             4             2             3 
 4             3             4             1             0             2             2             2 
 1             0             6             0             3             2             1             5 
 2             4             1             1             3             2             1             2 
 1             0             1             2             1             3             1             1 
 2             0             1             1             2             1             0             1 
 2             4             2             3             2             1             2             0 
 6             3             1             0             4             2             1             2 
 4             4             1             0             0             1             2             4 
 3             4             4             1             2             2             0             0 
 3             1             2             0             5             1             0             1 
 0             0             4             0             1             2             0             1 
 2             0             0             2             0             0             1             1 
 0             1             0             0             2             0             0             0 
 1             1             1             0             0             1             0             1 
 3             1             0             0             1             0             1             2 
 0             0             1             0             1             0             1             0 
 1             1             0             0             1             0             1             0 
 1             1             0             2             3             0             0             0 
 4             0             1             0             0             0             1             0 
 0             0             0             1             1             0             0             0 
 0             1             1             0             0             0             2             1 
 1             1             0             0             1             0             0             0 
 1             0             2             0             0             0             0             0 
 0             1             0             1             0             2             2             0 
 0             0             0             1             0             1             1             0 
 1             0             0             0             1             0             1             0 
 0             0             0             0             0             1             0             1 
 0             1             0             1             1             0             0             2 
 0             0             0             0             0             0             0             0 
 0             0             0             0             0             0             0             0 
 0             0             0             0             0             0             0             0 
 1             0             0             1             0             0             0             1 
 1             0             0             1             0             1             0             0 
 0             0             1             0             1             0             1             0 
 1             0             0             0             0             0             0             0 
 0             0             1             0             0             1             0             0 
 0             0             0             0             0             0             0             0 
 0             0             0             1             0             0             0             0 
 0             0             1             0             0             0             1             1 
 0             0             0             0             0             0             0             0 
 2             0             0             1             1             2             1             0 
 0             0             0             0             1             1             0             0 
 0             1             0             0             0             0             0             0 
 0             0             0             0             0             0             0             1 
 0             0             0             0             0             0             1             0 
 0             0             1             0             0             0             0             0 
 1             0             0             0             0             0             0             0 
 0             0             0             1             0             0             0             0 
 0             0             1             0             1             0             0             0 
 0             0             0             0             0             0             0             0 
 0             1             0             1             0             0             0             0 
 0             0             0             0             0             0             0             0 
 0             1             0             0             0             0             0             0 
 0             0             0             0             0             0             0             0 
