$SPEC_ID:
bMCA Spectrum
$DATE_MEA:
07-04-2022  10:25:25
$MEAS_TIM:
 58.255        60
$DEVICE_ID:
bMCA 06201013
$ACQ_SETTINGS:
 2             60            1000          4             4095 
$HRDW_PARAMS:
PHA
 800
 3             3276          5 
 7             0             1023 
 80            25            45 
 1             1 
$SPEC_CAL:
-5.490132      2.161477      2.078236E-04
$MCA_CAL:
3
-5.490132      2.161477      2.078236E-04
$ROI:
 267           332           32768         1            137Cs
 553           618           16711935      1            60Co
$DATA:
 0             1023 
 4             4             9             23            47            91            137           212 
 310           355           399           420           415           448           403           424 
 452           456           508           513           570           640           610           587 
 508           473           443           399           370           392           411           394 
 395           401           377           425           407           376           405           393 
 397           447           414           454           459           438           414           399 
 409           424           434           461           457           466           457           460 
 420           457           441           409           427           457           461           431 
 422           414           454           422           405           434           456           426 
 434           417           452           392           423           438           422           426 
 437           481           425           451           431           460           430           424 
 474           483           474           481           511           478           495           492 
 536           520           513           530           517           548           500           494 
 484           479           483           507           525           502           500           442 
 485           460           462           482           485           426           458           443 
 411           458           398           431           399           408           407           446 
 378           384           420           425           403           399           349           370 
 397           386           341           383           372           377           335           343 
 396           361           334           377           344           322           349           374 
 342           313           321           359           351           326           344           358 
 336           277           358           335           330           317           338           306 
 304           305           310           329           312           314           321           311 
 328           296           288           310           314           290           324           323 
 301           298           313           304           333           296           301           306 
 288           314           321           336           329           283           303           318 
 345           269           322           295           289           338           274           251 
 280           253           268           219           249           237           225           226 
 234           220           211           206           221           220           222           233 
 218           221           207           218           198           182           228           196 
 178           215           187           198           188           189           177           199 
 205           188           188           173           202           174           193           204 
 200           182           185           195           184           198           171           167 
 170           213           203           186           175           187           186           196 
 195           212           227           219           218           256           271           238 
 271           276           316           285           349           351           389           428 
 370           425           491           527           549           537           602           588 
 651           659           763           716           742           723           757           748 
 789           711           692           718           730           677           673           676 
 594           551           607           533           539           500           477           455 
 402           380           341           357           337           320           278           255 
 287           273           262           214           234           213           232           219 
 222           231           199           176           202           205           193           190 
 191           208           185           173           184           192           200           181 
 202           185           190           169           189           173           177           207 
 208           196           227           193           191           202           202           186 
 193           188           180           199           203           198           198           201 
 212           208           218           213           191           184           215           206 
 193           220           213           200           214           224           230           212 
 226           192           225           223           203           211           213           212 
 213           223           214           195           223           204           217           188 
 204           197           223           191           210           206           184           206 
 193           184           195           197           198           200           189           180 
 188           211           165           169           147           154           170           171 
 161           141           155           150           172           156           165           138 
 149           161           155           133           134           122           148           124 
 138           143           152           151           138           151           124           135 
 151           122           143           134           144           130           124           137 
 129           126           147           112           149           150           146           103 
 107           121           137           135           128           120           125           132 
 129           113           120           130           129           135           122           138 
 129           127           123           147           143           190           152           172 
 195           209           175           186           219           232           218           220 
 256           253           269           278           269           317           292           308 
 337           316           361           367           321           360           379           372 
 341           363           349           370           359           364           355           338 
 369           322           343           315           299           296           284           246 
 249           252           232           215           206           214           215           223 
 190           172           152           165           155           169           130           133 
 120           126           135           120           123           133           103           135 
 135           124           124           133           144           136           173           157 
 176           192           185           180           210           182           204           213 
 215           235           238           257           259           276           222           264 
 303           300           279           291           305           274           272           272 
 261           287           292           260           268           254           250           258 
 231           229           204           183           197           204           187           172 
 165           157           160           133           155           126           134           117 
 95            115           82            72            84            86            69            90 
 54            74            64            61            43            55            51            35 
 44            39            34            31            28            29            28            31 
 21            19            27            22            27            22            23            15 
 19            12            21            14            21            14            12            17 
 14            6             13            6             13            16            13            9 
 10            7             14            10            16            15            10            9 
 7             14            12            14            7             11            15            10 
 13            6             10            9             8             9             5             12 
 8             5             5             3             5             11            4             9 
 4             10            5             6             6             3             6             4 
 16            8             9             5             11            12            7             5 
 7             9             8             8             10            8             7             7 
 5             10            7             5             8             5             8             7 
 7             7             7             14            9             11            6             3 
 6             7             3             6             5             10            2             5 
 10            9             5             7             8             5             4             6 
 5             5             5             5             3             12            12            7 
 9             8             5             7             8             7             9             10 
 4             5             3             3             5             8             11            7 
 4             9             8             8             10            7             5             7 
 2             8             5             10            4             9             4             7 
 4             9             4             9             4             11            7             6 
 8             6             2             3             8             4             6             7 
 9             10            5             8             4             10            9             10 
 1             6             5             3             7             5             1             2 
 2             8             6             10            5             8             4             3 
 5             2             5             6             9             2             5             2 
 5             3             1             4             3             6             6             3 
 3             5             5             8             6             10            1             1 
 3             1             1             5             4             3             5             10 
 5             2             5             5             5             7             4             6 
 5             1             3             8             1             6             6             5 
 4             4             4             4             4             6             6             6 
 7             3             4             6             8             5             3             5 
 2             4             2             2             6             3             8             6 
 6             6             7             7             4             5             4             6 
 6             4             7             5             4             6             1             3 
 7             7             6             4             5             3             0             4 
 4             4             8             4             6             4             8             7 
 6             2             2             2             3             4             6             4 
 5             4             4             9             5             8             6             3 
 6             8             5             4             5             3             4             5 
 6             4             5             7             6             6             4             2 
 8             10            3             3             7             5             5             1 
 3             3             5             4             3             6             6             1 
 7             8             1             1             4             5             3             6 
 5             6             4             5             6             5             2             1 
 2             5             5             1             2             4             3             4 
 6             3             0             3             3             1             5             4 
 2             4             0             1             2             3             5             2 
 2             4             0             1             2             4             2             1 
