$SPEC_ID:
bMCA Spectrum
$DATE_MEA:
07-07-2022  08:53:00
$MEAS_TIM:
 174.22        180
$DEVICE_ID:
bMCA 06201013
$ACQ_SETTINGS:
 2             180           1000          4             4095 
$HRDW_PARAMS:
PHA
 800
 3             3276          5 
 7             0             1023 
 80            25            45 
 1             1 
$SPEC_CAL:
-39.25932      2.313255      0
$MCA_CAL:
3
-39.25932      2.313255      0
$ROI:
 273           333           32768         1            137Cs
 562           622           16711935      1            60Co
$DATA:
 0             1023 
 9             24            49            87            150           220           364           526 
 749           906           1051          1195          1233          1186          1162          1213 
 1184          1332          1412          1574          1626          1641          1637          1653 
 1515          1382          1274          1211          1148          1165          1131          1179 
 1144          1209          1144          1202          1229          1241          1270          1279 
 1279          1236          1237          1321          1336          1276          1240          1294 
 1341          1327          1311          1307          1293          1345          1324          1388 
 1335          1347          1321          1279          1289          1322          1259          1245 
 1296          1321          1297          1310          1313          1244          1303          1325 
 1257          1262          1223          1252          1377          1292          1260          1274 
 1273          1292          1330          1329          1340          1337          1382          1352 
 1386          1327          1421          1407          1437          1446          1473          1578 
 1500          1575          1509          1584          1641          1605          1545          1577 
 1586          1641          1579          1605          1683          1611          1600          1596 
 1508          1584          1494          1473          1505          1460          1531          1537 
 1441          1402          1453          1432          1355          1326          1375          1296 
 1285          1291          1336          1263          1268          1263          1222          1174 
 1184          1198          1224          1164          1165          1182          1166          1132 
 1172          1136          1098          1137          1098          1114          1142          1166 
 1102          1046          1125          1082          1051          1094          1032          967 
 1053          1051          1067          1015          977           990           1040          977 
 1003          982           1018          970           1004          1009          960           990 
 981           991           974           983           936           987           933           993 
 950           917           968           963           966           947           972           959 
 939           922           930           951           930           971           906           950 
 985           907           877           924           847           879           867           905 
 888           863           851           868           777           812           867           802 
 816           748           729           745           794           724           713           728 
 792           679           735           737           694           674           658           712 
 680           705           691           676           643           684           664           692 
 692           671           647           670           617           643           639           610 
 657           684           647           645           688           630           675           654 
 700           679           644           682           650           664           641           675 
 677           719           703           646           721           702           760           783 
 791           776           830           842           947           975           951           1046 
 1035          1183          1171          1223          1345          1397          1424          1577 
 1544          1686          1735          1776          1789          1906          1850          1917 
 1955          1935          1976          1981          1963          1989          1943          1909 
 1856          1906          1805          1795          1746          1655          1495          1499 
 1459          1424          1275          1272          1214          1165          1011          1039 
 1039          937           949           834           793           860           827           784 
 744           711           707           743           700           716           646           716 
 695           687           662           643           689           657           684           656 
 649           694           697           646           734           681           683           697 
 669           697           685           658           668           716           686           669 
 686           676           685           710           710           735           732           742 
 701           727           730           718           735           751           771           768 
 711           723           793           737           810           761           752           747 
 758           789           727           763           814           719           808           819 
 822           722           780           794           815           722           832           865 
 795           779           803           753           761           777           791           756 
 786           753           728           729           687           696           719           695 
 700           723           665           689           663           648           635           606 
 607           607           612           598           617           554           564           585 
 609           555           545           540           519           555           533           550 
 540           515           527           549           511           551           503           517 
 486           515           545           521           531           474           522           484 
 486           515           448           455           473           503           505           468 
 442           492           485           493           524           435           446           474 
 486           481           476           450           468           430           483           485 
 431           495           466           481           504           509           526           514 
 504           553           563           602           615           674           638           749 
 754           703           811           862           900           919           976           1021 
 1037          1066          1115          1152          1159          1148          1241          1289 
 1330          1381          1338          1339          1393          1327          1345          1386 
 1428          1426          1356          1359          1279          1304          1233          1311 
 1202          1154          1102          1029          1055          953           932           892 
 825           807           780           795           692           695           581           615 
 569           576           530           536           476           458           484           455 
 452           504           458           456           456           476           521           458 
 534           506           536           587           587           632           614           706 
 711           747           769           799           843           850           839           954 
 888           982           979           940           1040          1067          1033          1037 
 1071          1042          1068          1091          1118          1130          1103          1052 
 1027          965           977           924           909           928           863           850 
 805           808           731           744           692           666           618           615 
 593           523           498           472           474           386           426           378 
 352           333           294           288           293           247           244           227 
 227           218           209           173           152           164           170           146 
 168           130           136           116           100           106           91            100 
 92            67            88            84            72            81            74            64 
 73            72            56            49            53            61            58            51 
 63            46            53            36            46            46            42            44 
 49            43            44            47            49            44            49            44 
 29            44            47            29            42            43            33            37 
 43            34            33            44            30            43            43            24 
 43            24            38            43            35            47            36            49 
 31            43            27            43            32            50            31            32 
 34            45            33            37            31            28            28            36 
 34            35            30            25            46            35            40            17 
 29            39            26            33            28            34            35            38 
 30            34            29            27            35            27            26            22 
 34            29            34            31            27            23            25            23 
 37            22            30            25            28            21            23            29 
 29            25            27            20            35            28            24            32 
 20            34            24            26            35            20            27            23 
 29            28            30            23            27            25            18            18 
 30            21            27            23            30            16            24            35 
 27            26            22            21            22            31            28            30 
 22            30            26            28            34            33            22            29 
 36            21            23            26            29            28            24            35 
 26            25            22            22            39            32            29            25 
 30            13            30            40            28            33            21            25 
 18            29            22            20            26            32            23            25 
 32            28            23            25            28            25            26            23 
 22            18            33            23            15            16            20            22 
 19            23            22            21            20            20            23            25 
 25            16            17            22            25            22            23            18 
 28            24            18            19            23            27            24            17 
 18            17            17            22            19            18            25            25 
 27            24            18            21            21            24            22            16 
 19            22            16            27            31            19            15            22 
 23            18            26            24            20            19            21            20 
 30            19            16            19            27            16            24            21 
 21            20            14            17            20            22            20            18 
 21            17            22            20            24            22            24            26 
 19            18            23            20            16            21            22            19 
 17            20            15            15            18            27            31            15 
 19            17            26            25            19            19            18            16 
 25            16            34            30            22            22            19            23 
 19            26            18            14            24            17            24            20 
 15            20            18            22            28            16            20            18 
 24            18            20            24            24            29            24            31 
 21            22            16            24            17            18            22            14 
 16            13            11            22            27            13            14            20 
 17            19            13            15            19            17            13            16 
 13            10            12            12            7             19            11            11 
 6             13            9             12            11            11            10            11 
