$SPEC_ID:
bMCA Spectrum
$DATE_MEA:
07-07-2022  09:53:45
$MEAS_TIM:
 177.06        180
$DEVICE_ID:
bMCA 06201013
$ACQ_SETTINGS:
 2             180           1000          4             4095 
$HRDW_PARAMS:
PHA
 800
 3             3276          5 
 7             0             1023 
 80            25            45 
 1             1 
$SPEC_CAL:
-39.25932      2.313255      0
$MCA_CAL:
3
-39.25932      2.313255      0
$ROI:
 267           333           32768         1            137Cs
 46            75            33023         1            57Co
$DATA:
 0             1023 
 8             7             27            44            94            184           296           499 
 695           909           969           1074          1077          960           947           877 
 908           983           1064          1183          1272          1519          1483          1249 
 1141          970           803           759           672           653           657           719 
 832           807           981           1024          1103          1249          1366          1369 
 1294          1414          1406          1448          1592          1755          2013          2410 
 2966          3675          4421          5289          5985          6500          6792          6870 
 6814          6621          6301          6392          6544          6665          6859          7158 
 7142          6887          6356          5661          4778          3807          3093          2525 
 2023          1570          1281          1099          971           792           731           694 
 698           647           649           605           672           615           622           651 
 667           659           652           670           651           656           657           667 
 659           632           644           605           617           588           617           634 
 596           611           594           563           561           589           597           572 
 597           595           540           567           483           523           541           533 
 513           497           482           475           431           468           465           441 
 437           437           442           428           453           455           441           428 
 416           383           448           411           428           400           399           386 
 421           397           402           379           410           373           356           402 
 392           344           357           376           376           408           367           368 
 378           361           359           339           362           361           400           342 
 353           340           349           339           341           336           330           330 
 338           328           338           355           350           343           385           374 
 345           371           335           347           373           350           340           342 
 358           347           350           338           340           328           332           317 
 312           318           330           279           247           341           300           283 
 275           285           259           260           239           239           236           212 
 239           202           175           185           174           133           156           136 
 155           139           123           127           122           137           103           103 
 97            69            88            84            90            109           83            66 
 89            81            91            69            69            80            73            73 
 60            70            54            65            47            60            75            51 
 61            80            70            66            69            65            88            85 
 82            95            91            119           107           123           135           165 
 183           218           228           296           294           318           397           432 
 479           474           603           670           723           825           905           944 
 966           1043          1190          1217          1213          1323          1342          1350 
 1386          1450          1483          1481          1439          1487          1389          1364 
 1284          1361          1341          1196          1172          1070          1076          951 
 899           793           762           668           646           576           554           448 
 431           383           325           286           261           249           193           175 
 148           147           128           91            79            84            66            65 
 49            40            51            38            34            30            30            26 
 22            19            20            15            19            14            16            13 
 15            18            27            15            12            22            11            15 
 21            11            17            15            14            10            15            15 
 19            13            10            14            10            10            13            12 
 14            10            14            12            15            11            17            7 
 12            18            5             15            9             14            9             12 
 11            14            5             3             11            11            12            12 
 10            13            14            7             9             17            14            10 
 16            6             10            8             16            11            7             16 
 10            10            11            9             10            11            12            8 
 8             9             17            10            8             6             10            5 
 12            9             15            6             12            10            8             15 
 11            15            14            13            11            9             7             6 
 11            5             6             7             5             7             16            11 
 7             9             9             9             8             5             9             7 
 7             8             8             10            7             5             7             13 
 8             8             6             9             8             7             11            9 
 11            7             4             14            6             4             5             8 
 18            17            8             8             11            9             10            9 
 9             6             9             6             7             8             5             5 
 4             10            9             10            7             13            9             6 
 13            12            5             7             8             8             6             9 
 10            10            8             9             9             9             9             9 
 7             9             12            18            14            11            7             8 
 5             11            5             6             7             2             10            7 
 9             9             9             8             6             7             6             6 
 7             5             7             7             4             6             6             4 
 6             3             2             8             5             9             5             10 
 5             5             7             2             6             8             4             3 
 7             4             10            11            5             5             8             4 
 7             6             5             7             8             3             4             4 
 10            11            5             7             4             4             7             14 
 7             5             8             3             7             6             8             8 
 6             6             5             6             3             4             3             6 
 4             2             4             6             2             5             5             4 
 1             4             7             3             4             8             8             11 
 7             7             7             8             8             9             9             9 
 8             2             11            6             8             7             6             8 
 6             6             5             5             6             4             5             3 
 6             1             5             8             0             7             7             6 
 6             10            2             2             2             3             1             6 
 4             2             3             2             1             3             0             2 
 0             2             2             1             1             2             4             4 
 1             2             0             0             2             1             4             2 
 1             2             1             0             1             1             1             4 
 0             1             1             1             2             1             3             2 
 0             4             3             1             0             1             0             1 
 1             0             1             1             2             2             0             1 
 0             1             1             2             2             3             2             1 
 2             0             0             0             0             0             1             1 
 1             1             3             2             0             2             2             1 
 3             0             3             1             4             1             0             0 
 1             1             1             2             2             0             1             2 
 0             1             1             0             0             0             1             1 
 2             0             0             5             2             0             3             1 
 1             2             2             0             1             3             2             0 
 0             3             2             2             2             0             3             1 
 3             1             1             2             1             0             1             0 
 2             1             0             0             2             1             1             0 
 0             0             2             1             1             1             1             1 
 0             0             0             0             0             0             0             0 
 0             2             0             2             0             1             4             1 
 0             0             2             0             0             0             1             2 
 1             0             0             0             1             0             1             0 
 0             0             1             2             0             1             0             1 
 1             0             0             1             0             1             1             0 
 0             0             1             0             0             0             2             1 
 1             1             0             1             0             1             0             1 
 0             2             0             0             1             0             0             0 
 2             2             0             0             0             0             1             0 
 0             0             0             1             2             1             0             2 
 0             3             2             1             2             2             0             0 
 0             1             2             0             0             0             0             3 
 2             2             1             0             2             0             0             0 
 0             1             1             0             1             0             0             1 
 1             0             0             0             1             0             0             0 
 0             0             0             1             0             0             1             0 
 1             0             0             0             0             0             0             0 
 0             0             0             1             1             2             1             1 
 0             1             0             0             1             0             0             2 
 1             0             1             1             0             1             0             0 
 0             0             0             0             0             0             1             0 
 1             1             0             0             2             1             0             1 
 0             0             1             0             0             1             0             0 
 0             1             0             0             0             1             0             0 
