$SPEC_ID:
bMCA Spectrum
$DATE_MEA:
07-05-2022  09:11:58
$MEAS_TIM:
 236.295       240
$DEVICE_ID:
bMCA 06201013
$ACQ_SETTINGS:
 2             240           1000          4             4095 
$HRDW_PARAMS:
PHA
 800
 3             3276          5 
 7             0             1023 
 80            25            45 
 1             1 
$SPEC_CAL:
-2.996172      2.07587       2.903056E-04
$MCA_CAL:
3
-2.996172      2.07587       2.903056E-04
$ROI:
 270           340           32768         1            137Cs
 46            75            33023         1            57Co
$DATA:
 0             1023 
 4             17            38            66            123           240           418           642 
 868           1213          1391          1559          1458          1387          1357          1275 
 1325          1326          1523          1702          1816          1959          1946          1825 
 1506          1366          1138          986           886           957           973           971 
 1040          1028          1139          1238          1335          1431          1528          1570 
 1566          1653          1727          1888          1852          2058          2333          2710 
 3243          3975          4803          5503          6220          6879          7162          7213 
 7170          6891          6742          6863          6821          6912          7207          7355 
 7341          6998          6422          5634          4901          4074          3407          2656 
 2180          1813          1513          1273          1130          1097          1009          986 
 939           947           902           930           887           956           905           951 
 1005          954           952           943           982           986           973           1013 
 968           1016          953           943           951           911           946           925 
 897           947           929           841           824           817           859           817 
 823           773           788           761           775           773           737           769 
 729           638           703           692           650           654           668           648 
 656           639           635           651           609           622           607           633 
 622           654           615           603           601           545           574           595 
 551           613           540           536           562           567           568           527 
 547           538           541           527           530           552           519           508 
 522           571           536           553           551           500           529           548 
 523           551           491           525           528           521           538           560 
 528           521           497           547           523           513           542           508 
 508           525           521           532           508           541           491           526 
 546           546           497           571           551           526           487           523 
 494           527           422           465           476           455           470           453 
 408           404           417           423           345           349           316           301 
 321           308           238           269           250           272           228           205 
 209           178           176           169           174           180           138           155 
 160           124           141           131           125           106           137           114 
 119           115           124           112           117           115           106           108 
 94            95            85            78            94            95            92            86 
 103           100           96            91            109           109           94            120 
 121           155           138           158           187           185           209           254 
 250           327           359           381           414           502           580           625 
 670           831           924           984           1069          1167          1288          1386 
 1553          1665          1745          1814          2011          1973          2026          2104 
 2304          2164          2369          2305          2298          2307          2285          2229 
 2135          1985          2031          1919          1836          1681          1611          1587 
 1462          1289          1269          1071          1011          931           884           792 
 650           593           518           492           422           369           295           261 
 229           205           186           145           137           105           111           91 
 98            64            72            60            58            41            37            41 
 42            31            29            26            29            23            24            16 
 28            25            24            20            27            19            20            17 
 27            25            22            15            25            18            24            19 
 17            27            22            20            26            12            14            16 
 17            27            20            15            12            19            19            18 
 18            22            24            10            17            21            18            17 
 14            18            15            10            16            19            13            20 
 25            16            16            11            19            14            13            14 
 23            33            17            23            16            20            17            14 
 20            12            14            17            15            13            24            15 
 14            13            15            16            20            17            17            14 
 18            17            18            19            13            16            12            12 
 14            4             12            14            14            14            14            13 
 13            11            10            10            13            8             14            8 
 12            7             17            9             7             9             6             11 
 17            14            22            17            11            8             12            7 
 12            15            6             17            10            14            11            14 
 14            10            11            13            15            14            15            11 
 7             11            11            10            13            16            21            13 
 13            10            11            11            12            15            13            16 
 13            15            15            10            16            8             13            14 
 6             21            15            11            12            21            21            15 
 16            6             11            20            18            9             19            15 
 13            9             12            15            16            13            13            13 
 14            12            15            11            12            7             9             11 
 9             6             14            5             9             10            7             12 
 12            5             11            13            5             10            10            9 
 15            5             11            13            10            5             5             6 
 8             4             5             13            10            12            9             5 
 5             6             12            9             10            9             14            15 
 11            9             7             12            3             7             12            13 
 11            5             6             11            9             16            9             18 
 12            15            8             7             5             13            12            6 
 11            11            6             8             8             12            8             4 
 12            8             6             12            5             11            8             10 
 10            10            6             4             13            11            7             10 
 7             8             8             11            8             7             8             12 
 9             8             10            7             5             8             11            3 
 4             4             9             12            6             7             9             11 
 9             5             2             3             9             4             3             6 
 5             2             5             3             5             5             6             3 
 5             4             1             6             3             4             4             5 
 6             3             1             1             6             7             2             6 
 2             5             8             4             2             2             3             2 
 0             1             3             4             0             2             2             2 
 4             1             3             4             2             1             4             1 
 0             1             1             3             1             2             1             0 
 5             0             0             0             1             0             0             2 
 2             5             1             2             2             0             3             3 
 1             1             1             2             3             2             1             4 
 6             0             0             0             2             1             1             1 
 0             2             2             1             4             0             1             1 
 1             1             0             0             1             0             0             3 
 3             1             2             2             6             2             1             1 
 3             3             2             0             1             1             3             2 
 1             1             2             1             1             3             1             1 
 2             1             0             1             2             2             0             2 
 0             2             0             4             4             1             1             1 
 2             1             0             0             0             2             0             1 
 3             0             1             1             2             1             2             0 
 0             2             2             1             0             1             1             0 
 1             1             2             1             0             1             1             2 
 0             2             0             0             0             1             0             1 
 3             0             0             1             0             0             1             0 
 1             0             0             1             1             0             1             1 
 0             2             4             1             1             0             0             2 
 1             1             0             0             0             2             0             0 
 1             0             0             0             0             0             0             0 
 2             0             0             1             0             0             2             1 
 0             0             0             1             2             2             1             0 
 0             1             0             1             0             0             0             0 
 2             1             0             0             1             1             0             2 
 2             1             2             3             1             0             0             1 
 1             0             1             3             1             1             2             1 
 1             0             1             1             2             0             1             0 
 1             1             0             1             2             1             1             2 
 0             1             2             1             0             0             0             1 
 2             0             2             0             0             0             1             1 
 0             0             0             1             1             0             0             0 
 0             1             0             2             0             0             1             0 
 0             0             1             0             0             0             2             0 
 0             1             1             0             0             1             2             1 
 0             0             0             1             0             0             1             0 
 1             2             2             0             1             1             0             0 
 1             0             2             1             1             1             1             0 
