$SPEC_ID:
bMCA Spectrum
$DATE_MEA:
07-07-2022  09:56:47
$MEAS_TIM:
 177.065       180
$DEVICE_ID:
bMCA 06201013
$ACQ_SETTINGS:
 2             180           1000          4             4095 
$HRDW_PARAMS:
PHA
 800
 3             3276          5 
 7             0             1023 
 80            25            45 
 1             1 
$SPEC_CAL:
-39.25932      2.313255      0
$MCA_CAL:
3
-39.25932      2.313255      0
$ROI:
 267           333           32768         1            137Cs
 46            75            33023         1            57Co
$DATA:
 0             1023 
 1             16            29            53            99            157           293           474 
 643           865           948           1078          1013          1012          928           922 
 896           929           1011          1199          1345          1434          1383          1321 
 1088          963           870           685           675           706           721           720 
 782           875           948           974           1178          1232          1353          1402 
 1367          1530          1402          1524          1583          1665          1976          2422 
 3002          3586          4470          5163          5943          6455          6830          6907 
 6657          6459          6448          6259          6453          6540          6873          6971 
 7083          6763          6252          5645          4772          3996          3097          2505 
 2060          1577          1259          1108          932           843           785           715 
 681           655           628           624           662           653           702           657 
 682           656           678           678           634           631           665           640 
 639           645           659           636           635           686           592           641 
 620           593           590           595           575           583           550           570 
 514           566           565           526           527           511           540           486 
 447           480           529           448           495           446           488           464 
 438           442           449           412           467           453           438           464 
 411           388           438           398           424           405           402           377 
 423           400           396           365           387           386           371           402 
 388           370           364           416           358           339           368           355 
 358           347           341           323           348           364           357           367 
 375           360           325           334           354           331           374           363 
 355           364           340           340           327           379           339           305 
 358           321           341           361           358           341           339           350 
 346           357           325           371           372           337           332           365 
 315           326           337           292           322           283           331           287 
 298           253           244           240           265           242           235           205 
 205           190           176           177           169           163           152           145 
 148           112           123           128           138           104           109           103 
 99            109           98            93            86            87            102           79 
 86            84            70            81            63            63            75            76 
 56            66            58            57            51            59            71            64 
 51            64            66            57            67            72            64            81 
 78            85            103           95            118           120           134           164 
 164           190           246           254           309           327           406           424 
 466           551           607           683           758           788           841           972 
 1058          1073          1197          1194          1274          1311          1362          1438 
 1451          1422          1434          1478          1467          1356          1409          1380 
 1373          1335          1194          1254          1132          1098          1051          946 
 883           827           766           734           618           560           545           482 
 455           396           313           291           257           233           191           186 
 167           125           119           92            90            86            86            71 
 50            63            43            48            41            32            30            30 
 19            23            22            17            18            16            23            16 
 13            14            20            15            14            21            18            18 
 15            20            15            17            8             10            9             20 
 13            19            10            7             16            18            14            11 
 8             12            16            7             10            16            9             11 
 10            11            9             8             11            16            10            8 
 12            11            13            16            14            15            12            12 
 4             7             14            12            7             13            10            11 
 12            9             9             9             12            6             13            19 
 15            8             9             16            20            13            8             10 
 19            7             12            5             5             12            9             9 
 6             10            8             9             7             11            6             7 
 7             10            7             13            6             10            12            10 
 6             9             8             10            16            13            11            6 
 7             10            4             8             7             9             9             3 
 8             12            3             11            7             7             8             8 
 9             13            6             4             5             7             9             7 
 8             5             10            5             9             6             11            3 
 11            12            6             7             6             9             5             10 
 12            5             6             9             9             8             12            6 
 8             9             7             8             7             6             7             6 
 8             12            8             14            6             8             8             12 
 6             7             6             10            6             8             9             4 
 10            12            12            12            6             10            5             8 
 9             5             7             6             9             3             6             5 
 8             4             5             5             6             6             8             8 
 6             6             9             7             1             5             11            4 
 8             4             6             2             5             10            3             7 
 3             4             7             5             2             3             5             6 
 7             6             11            4             7             6             4             4 
 7             7             3             9             9             4             6             6 
 11            8             9             5             6             5             4             7 
 6             5             4             6             9             5             5             10 
 9             2             2             5             9             7             4             6 
 5             10            11            5             8             4             10            17 
 4             6             3             11            7             7             3             11 
 8             3             7             7             6             3             5             6 
 7             9             5             4             9             5             3             7 
 6             10            8             3             6             4             3             3 
 6             10            3             5             2             5             5             3 
 5             6             6             3             4             3             2             4 
 4             2             3             1             6             3             2             2 
 4             3             7             2             6             2             1             1 
 1             5             5             4             2             0             3             1 
 2             1             0             0             1             2             0             2 
 1             2             1             3             0             0             3             0 
 1             2             3             1             1             1             0             0 
 2             1             0             0             1             1             0             2 
 3             0             0             0             1             2             1             1 
 2             2             2             2             2             2             0             2 
 1             0             1             1             1             1             1             3 
 0             2             1             1             0             2             3             1 
 0             1             1             2             1             1             2             0 
 4             2             3             2             0             0             2             0 
 1             3             2             2             1             3             0             0 
 1             1             0             1             2             0             3             2 
 1             0             0             4             2             0             1             1 
 2             0             1             3             0             0             3             4 
 0             0             0             0             0             1             1             0 
 0             1             2             1             2             0             1             1 
 3             0             0             2             0             0             1             1 
 1             1             0             2             0             1             0             0 
 2             0             0             0             1             1             0             1 
 3             1             2             0             2             1             1             0 
 0             0             2             0             0             1             0             0 
 0             1             0             2             0             0             0             0 
 0             2             0             0             1             0             0             0 
 0             1             0             1             0             0             0             0 
 1             0             1             3             1             0             0             0 
 2             1             0             0             1             0             0             1 
 1             0             0             0             1             0             1             0 
 1             1             0             0             1             0             0             2 
 0             1             0             0             1             0             1             0 
 0             3             0             1             0             0             2             0 
 1             0             0             1             0             0             3             2 
 2             0             0             1             2             0             0             1 
 2             0             1             1             0             0             0             0 
 0             0             1             1             0             0             0             0 
 0             0             2             0             1             1             1             0 
 1             0             1             0             0             1             0             0 
 0             1             0             1             0             0             0             0 
 1             0             1             0             0             0             0             1 
 0             0             0             2             0             0             1             0 
 1             0             0             0             0             0             0             0 
 1             1             0             1             2             1             0             0 
