$SPEC_ID:
bMCA Spectrum
$DATE_MEA:
07-07-2022  08:34:35
$MEAS_TIM:
 58.075        60
$DEVICE_ID:
bMCA 06201013
$ACQ_SETTINGS:
 2             60            1000          4             4095 
$HRDW_PARAMS:
PHA
 800
 3             3276          5 
 7             0             1023 
 80            25            45 
 1             1 
$SPEC_CAL:
-39.25932      2.313255      0
$MCA_CAL:
3
-39.25932      2.313255      0
$ROI:
 273           333           32768         1            137Cs
 562           622           16711935      1            60Co
$DATA:
 0             1023 
 2             8             13            35            53            68            133           160 
 249           310           350           356           379           366           405           404 
 434           466           456           479           542           556           590           550 
 511           452           438           403           419           327           382           410 
 379           391           413           396           400           396           429           451 
 379           444           438           445           450           418           399           425 
 460           428           411           459           455           450           429           463 
 459           409           461           407           464           443           452           454 
 454           418           474           458           436           432           419           450 
 436           420           395           442           411           385           422           441 
 405           415           428           442           482           442           474           459 
 451           470           438           425           438           514           462           493 
 499           518           522           480           535           529           509           545 
 574           530           573           557           508           564           557           529 
 517           525           508           493           522           489           493           490 
 469           459           494           431           460           445           424           449 
 461           419           432           414           445           435           411           404 
 388           409           433           366           376           359           397           390 
 364           347           379           358           387           362           383           352 
 352           365           382           310           370           337           380           362 
 359           345           329           325           330           354           317           337 
 331           369           329           306           336           313           299           344 
 343           335           336           309           326           329           317           327 
 315           320           360           311           304           320           336           334 
 305           295           326           340           291           313           314           286 
 315           305           276           296           342           294           275           317 
 291           293           287           297           277           262           282           250 
 262           259           243           271           245           225           252           233 
 236           239           201           211           238           209           219           273 
 238           213           215           203           217           239           249           228 
 225           219           207           225           217           245           246           217 
 236           218           213           244           219           216           212           226 
 226           198           201           207           213           222           206           220 
 231           245           229           214           234           226           221           226 
 251           245           262           288           307           312           320           335 
 326           362           384           385           440           426           453           479 
 504           521           526           558           596           531           630           641 
 633           651           629           643           670           691           696           664 
 665           648           665           600           576           573           480           531 
 524           483           457           451           385           376           395           371 
 321           370           282           309           266           264           259           258 
 284           300           253           251           248           246           240           222 
 229           223           212           221           234           209           213           210 
 246           218           230           220           263           226           226           209 
 255           209           247           241           249           242           221           241 
 232           222           230           218           218           248           246           209 
 245           241           269           232           242           234           239           271 
 249           243           265           232           262           244           230           249 
 247           292           259           292           246           235           262           260 
 302           262           244           250           277           257           228           272 
 243           248           250           263           225           250           241           240 
 241           251           242           233           259           225           243           235 
 251           224           199           227           211           224           206           212 
 234           207           220           226           189           231           191           202 
 168           208           173           193           159           189           178           186 
 175           176           176           178           173           171           153           167 
 175           163           161           180           174           179           174           194 
 164           170           179           155           182           173           166           160 
 162           147           145           162           143           136           140           153 
 169           187           139           171           139           160           157           161 
 127           153           168           154           162           144           140           181 
 153           160           200           179           181           191           190           246 
 223           241           232           267           256           311           294           310 
 326           328           355           360           386           400           383           403 
 387           438           453           441           465           503           489           428 
 496           451           474           425           432           407           433           428 
 448           371           397           375           401           371           346           321 
 346           306           303           267           250           245           270           264 
 218           171           189           198           156           181           160           186 
 167           135           151           143           150           168           147           174 
 157           174           172           170           178           187           206           207 
 207           236           239           206           233           254           281           287 
 283           267           330           323           312           321           321           356 
 367           369           359           379           331           336           352           345 
 340           322           335           353           342           338           286           329 
 278           255           254           217           230           225           225           210 
 206           241           204           193           172           159           133           138 
 117           123           100           115           110           92            108           98 
 65            76            83            76            44            61            60            53 
 55            52            46            47            33            37            44            36 
 46            42            38            28            24            26            26            25 
 24            29            32            21            22            19            26            14 
 11            13            17            18            18            25            12            11 
 10            13            15            20            17            19            14            12 
 5             15            17            12            12            11            23            10 
 17            10            14            11            10            17            10            11 
 17            8             8             14            16            12            15            14 
 11            15            13            19            11            17            12            9 
 18            8             12            15            9             11            11            19 
 10            11            10            11            10            11            6             8 
 13            12            11            8             8             10            13            10 
 14            10            10            6             2             5             15            8 
 7             9             17            8             8             8             7             7 
 15            10            10            10            8             7             13            8 
 11            10            12            9             8             11            6             17 
 8             9             18            7             6             4             11            14 
 13            11            7             13            11            3             6             16 
 5             10            9             9             12            9             6             7 
 9             4             11            6             5             13            8             12 
 7             8             11            5             10            7             11            12 
 10            8             7             5             9             11            10            7 
 4             7             13            9             8             7             10            8 
 7             6             7             6             6             7             6             7 
 8             9             9             10            4             9             14            9 
 9             7             14            5             12            7             6             12 
 6             11            6             8             9             9             6             6 
 8             5             6             3             5             3             4             5 
 8             9             7             10            6             8             9             8 
 6             9             10            10            7             5             5             8 
 5             8             3             3             7             6             6             5 
 11            10            8             6             4             9             7             10 
 5             12            9             8             12            12            8             3 
 6             7             5             3             8             4             9             5 
 10            10            4             7             10            5             7             10 
 7             3             8             7             10            6             5             10 
 6             3             8             10            4             7             8             6 
 8             3             5             7             4             7             6             7 
 6             7             8             4             4             12            9             8 
 6             7             5             8             8             9             9             8 
 6             10            5             8             8             4             7             5 
 8             10            2             10            5             6             7             8 
 4             5             11            5             8             5             10            8 
 13            13            7             8             5             17            3             7 
 6             4             8             8             10            5             7             7 
 6             10            9             6             8             5             8             3 
 9             8             12            5             2             4             3             7 
 1             7             6             4             4             6             3             3 
 5             4             5             1             8             3             3             5 
