$SPEC_ID:
bMCA Spectrum
$DATE_MEA:
07-07-2022  08:44:07
$MEAS_TIM:
 116.135       120
$DEVICE_ID:
bMCA 06201013
$ACQ_SETTINGS:
 2             120           1000          4             4095 
$HRDW_PARAMS:
PHA
 800
 3             3276          5 
 7             0             1023 
 80            25            45 
 1             1 
$SPEC_CAL:
-39.25932      2.313255      0
$MCA_CAL:
3
-39.25932      2.313255      0
$ROI:
 273           333           32768         1            137Cs
 562           622           16711935      1            60Co
$DATA:
 0             1023 
 9             13            37            70            101           155           247           320 
 438           602           697           760           822           778           808           785 
 847           856           936           1080          1094          1133          1127          1104 
 999           868           860           786           803           716           726           808 
 814           771           827           781           819           852           776           828 
 849           846           867           872           879           857           900           899 
 883           831           896           873           817           871           863           905 
 841           862           920           919           821           881           864           909 
 860           839           818           868           883           845           884           854 
 869           887           863           829           871           875           862           847 
 854           930           881           905           911           846           896           937 
 921           928           950           940           986           982           1056          1032 
 1002          1038          1027          1059          1072          1081          1046          1027 
 1097          1059          1160          1106          1067          1074          1060          1104 
 1085          1045          1024          1031          1002          1014          1027          967 
 981           1018          972           933           873           931           911           895 
 889           903           856           834           883           793           817           849 
 781           795           828           768           793           773           754           771 
 790           789           741           716           748           726           686           718 
 751           709           680           748           686           713           738           682 
 659           722           714           656           682           648           649           632 
 698           648           639           748           665           727           608           581 
 650           655           657           636           651           670           638           617 
 668           664           649           663           618           672           660           672 
 614           629           595           617           587           565           592           610 
 593           595           605           602           625           571           585           605 
 571           568           568           606           572           568           547           492 
 549           536           500           507           429           519           452           511 
 496           458           495           451           493           513           490           465 
 468           431           450           446           472           473           437           433 
 403           446           493           486           406           429           402           404 
 416           460           393           427           466           439           406           443 
 442           455           457           445           447           459           430           458 
 447           434           446           451           466           492           487           514 
 543           492           507           566           573           642           665           649 
 745           791           783           803           871           923           930           1013 
 1019          1027          1127          1195          1210          1156          1255          1343 
 1274          1316          1362          1392          1332          1292          1316          1249 
 1272          1278          1157          1137          1139          1079          1047          1063 
 990           922           861           861           796           791           732           739 
 700           640           635           550           588           550           518           508 
 533           504           505           488           491           502           470           454 
 465           449           433           475           481           423           462           453 
 466           439           449           500           434           445           440           467 
 421           474           426           438           487           444           489           467 
 485           461           504           507           469           473           473           485 
 513           485           451           494           470           516           461           481 
 534           503           512           486           513           480           510           515 
 569           504           525           515           498           539           499           536 
 504           536           517           494           536           516           490           534 
 532           516           507           529           532           532           534           503 
 530           476           456           477           501           471           462           459 
 514           431           444           440           483           444           460           406 
 444           420           397           403           422           414           393           375 
 371           377           365           359           349           384           357           360 
 328           369           355           338           331           378           341           358 
 317           358           347           364           355           346           347           333 
 331           363           336           324           329           333           328           329 
 333           301           326           322           325           332           296           323 
 283           304           341           317           297           335           280           290 
 304           291           338           324           344           324           362           323 
 392           349           371           361           388           418           440           465 
 463           460           512           536           517           617           641           659 
 689           675           747           753           781           832           834           821 
 881           860           899           945           965           916           945           945 
 953           934           910           882           873           895           877           828 
 787           772           771           706           662           711           656           660 
 631           596           518           558           479           447           437           385 
 395           372           390           339           326           370           328           310 
 327           291           292           326           294           322           293           294 
 315           336           384           411           340           365           439           414 
 449           452           482           462           556           518           559           590 
 634           632           684           633           674           692           700           673 
 722           646           759           731           677           706           694           705 
 684           738           649           633           667           595           589           572 
 573           536           509           505           452           459           439           400 
 361           390           343           318           318           316           283           263 
 240           261           249           233           189           190           161           154 
 170           150           113           130           135           122           116           114 
 71            87            85            64            84            71            62            63 
 67            71            66            48            67            52            48            47 
 44            42            32            44            32            36            47            36 
 32            31            34            32            27            26            26            17 
 30            28            27            21            24            15            20            22 
 34            30            24            25            32            21            33            31 
 30            23            33            28            27            19            21            24 
 29            33            18            32            33            31            22            25 
 25            13            30            24            26            26            29            30 
 24            22            27            24            26            24            18            23 
 25            28            33            18            23            21            29            24 
 15            22            16            22            27            28            19            27 
 25            25            30            19            20            27            22            24 
 21            17            24            15            24            21            21            16 
 22            23            19            18            16            19            20            17 
 26            18            21            19            17            26            22            24 
 18            26            22            18            20            16            20            18 
 20            17            18            13            20            18            23            21 
 22            19            18            14            11            18            19            22 
 27            21            13            16            17            18            18            7 
 25            19            17            15            15            19            10            13 
 16            16            18            11            15            17            19            15 
 23            19            13            16            16            20            14            15 
 16            10            13            15            17            9             27            13 
 13            17            12            10            16            14            17            21 
 24            19            11            13            16            18            22            12 
 16            20            17            14            14            13            17            21 
 15            17            11            10            12            10            20            17 
 11            12            12            12            15            16            17            20 
 12            13            12            14            14            19            15            14 
 15            14            7             15            15            20            18            15 
 6             18            13            10            12            18            14            25 
 11            10            19            15            15            17            18            15 
 15            13            11            13            14            18            13            12 
 14            17            10            12            15            16            15            13 
 17            12            15            16            13            8             9             18 
 11            10            12            5             23            18            13            17 
 16            11            8             13            16            18            21            12 
 24            13            9             16            11            10            18            13 
 11            17            15            14            14            15            15            10 
 21            9             14            22            15            7             12            13 
 14            12            13            20            11            10            17            14 
 18            20            10            10            15            15            13            7 
 14            12            16            16            14            12            10            12 
 21            6             15            13            15            12            5             12 
 10            7             9             14            12            11            6             11 
 11            6             9             13            10            7             12            10 
 13            11            14            7             10            7             5             11 
 4             12            8             6             7             5             3             14 
