$SPEC_ID:
bMCA Spectrum
$DATE_MEA:
07-07-2022  09:59:48
$MEAS_TIM:
 177.06        180
$DEVICE_ID:
bMCA 06201013
$ACQ_SETTINGS:
 2             180           1000          4             4095 
$HRDW_PARAMS:
PHA
 800
 3             3276          5 
 7             0             1023 
 80            25            45 
 1             1 
$SPEC_CAL:
-39.25932      2.313255      0
$MCA_CAL:
3
-39.25932      2.313255      0
$ROI:
 267           333           32768         1            137Cs
 46            75            33023         1            57Co
$DATA:
 0             1023 
 4             11            26            54            106           152           301           492 
 665           922           1072          1086          1061          1000          923           910 
 891           1021          1106          1183          1351          1405          1380          1315 
 1177          928           788           720           676           654           641           729 
 776           941           968           1071          1077          1278          1280          1448 
 1406          1459          1410          1463          1588          1686          2036          2460 
 2891          3644          4441          5290          5959          6582          6895          6887 
 6851          6481          6424          6237          6307          6603          7078          6985 
 7015          6728          6279          5633          4730          4049          3156          2478 
 1954          1602          1283          1114          961           862           751           663 
 652           616           615           599           628           657           641           681 
 656           660           660           715           663           597           665           641 
 664           659           697           638           597           583           621           620 
 597           594           566           556           574           572           565           572 
 545           539           532           529           536           522           518           516 
 544           511           519           457           483           505           483           447 
 464           451           433           420           459           374           428           424 
 424           394           405           411           382           418           407           404 
 370           382           377           398           405           343           395           332 
 391           345           376           363           346           387           352           385 
 338           375           388           373           370           331           354           379 
 323           360           356           386           329           334           350           338 
 336           332           361           354           371           345           366           354 
 347           343           333           335           326           330           341           347 
 344           361           356           342           338           356           337           361 
 324           319           307           332           340           304           282           298 
 285           290           265           275           241           263           230           224 
 217           200           184           176           163           144           160           146 
 126           134           142           137           126           101           108           103 
 98            83            91            70            83            70            90            103 
 83            58            80            77            87            85            74            70 
 61            69            66            79            63            62            57            58 
 65            84            55            54            63            70            60            81 
 81            83            102           109           110           112           136           156 
 186           206           225           281           326           348           377           428 
 503           608           605           633           713           813           859           897 
 1014          1086          1105          1236          1280          1341          1406          1370 
 1425          1500          1432          1469          1466          1413          1516          1407 
 1470          1304          1258          1188          1094          1127          1056          957 
 900           801           736           696           662           556           534           468 
 414           363           282           323           289           237           211           188 
 159           122           129           94            96            90            55            61 
 48            51            41            26            23            30            31            27 
 22            14            16            27            27            24            19            13 
 15            12            13            15            20            14            18            11 
 15            15            12            18            12            15            14            14 
 20            10            17            9             17            7             17            13 
 14            10            11            17            12            9             5             9 
 10            12            11            7             11            16            9             5 
 7             15            13            9             15            18            8             11 
 15            9             14            12            13            12            13            16 
 18            9             9             8             21            12            14            11 
 12            7             10            11            7             13            12            12 
 8             11            10            10            8             10            17            9 
 10            10            9             8             13            6             11            9 
 12            12            13            6             11            11            4             8 
 8             8             9             7             10            4             7             9 
 10            8             7             15            12            6             13            7 
 6             8             16            6             15            8             9             8 
 10            13            11            13            8             8             9             9 
 5             9             10            9             10            8             8             9 
 4             6             7             8             6             5             14            13 
 6             3             10            7             9             7             8             6 
 6             7             12            7             8             15            7             7 
 9             7             18            10            9             6             8             9 
 11            5             8             11            11            9             11            13 
 8             4             13            11            8             8             14            9 
 5             11            4             9             8             8             11            14 
 9             4             9             11            4             8             6             3 
 6             7             3             8             2             4             5             8 
 7             4             12            9             5             4             4             4 
 6             7             7             8             9             6             6             8 
 7             8             10            7             6             4             8             7 
 5             10            6             7             7             4             3             6 
 5             5             6             9             5             10            6             4 
 4             3             8             6             2             4             5             5 
 8             6             4             4             9             7             2             8 
 3             6             8             2             6             5             4             8 
 7             8             3             6             4             4             8             8 
 9             4             5             7             9             6             6             5 
 6             4             3             8             6             7             5             8 
 9             7             10            4             8             2             8             3 
 7             5             3             9             6             9             5             7 
 2             4             9             5             3             1             4             5 
 7             4             1             4             3             4             0             2 
 3             2             3             5             2             0             4             3 
 1             5             3             0             3             2             1             0 
 2             4             2             2             3             1             3             1 
 0             3             4             1             1             6             2             0 
 0             0             1             1             1             2             0             2 
 5             1             1             1             2             1             2             0 
 1             0             0             4             0             0             1             1 
 4             1             0             1             0             0             0             1 
 4             3             0             0             1             1             2             1 
 1             2             1             1             2             1             2             1 
 2             2             1             2             2             2             1             0 
 0             2             2             3             2             3             0             1 
 1             2             1             0             1             0             1             3 
 2             1             0             1             0             1             1             1 
 1             2             3             1             1             2             0             1 
 1             0             1             0             2             0             2             0 
 2             0             2             0             2             0             2             1 
 0             1             0             1             2             3             1             0 
 1             0             0             0             0             0             0             0 
 2             0             0             0             1             1             1             2 
 0             1             2             0             1             2             0             1 
 0             0             1             1             0             2             2             2 
 2             0             0             1             0             0             0             0 
 1             2             0             0             1             1             1             0 
 1             0             0             1             0             1             0             1 
 1             0             1             1             0             0             0             0 
 0             0             0             0             0             0             0             0 
 0             0             1             2             0             0             0             1 
 1             0             1             0             0             0             1             1 
 0             1             1             0             1             0             0             2 
 1             1             0             0             1             2             2             0 
 0             1             2             1             1             0             2             1 
 0             0             1             0             0             2             0             1 
 1             0             0             0             1             1             1             0 
 1             1             1             0             2             0             1             1 
 1             0             0             1             0             1             0             0 
 0             0             1             1             1             1             0             0 
 0             0             0             2             0             0             1             1 
 0             2             0             0             1             1             1             3 
 0             0             0             0             1             0             0             0 
 1             0             0             2             0             0             0             1 
 2             2             1             2             3             0             1             0 
 1             0             1             2             0             3             0             0 
