$SPEC_ID:
bMCA Spectrum
$DATE_MEA:
07-04-2022  10:24:24
$MEAS_TIM:
 58.255        60
$DEVICE_ID:
bMCA 06201013
$ACQ_SETTINGS:
 2             60            1000          4             4095 
$HRDW_PARAMS:
PHA
 800
 3             3276          5 
 7             0             1023 
 80            25            45 
 1             1 
$SPEC_CAL:
-5.490132      2.161477      2.078236E-04
$MCA_CAL:
3
-5.490132      2.161477      2.078236E-04
$ROI:
 267           332           32768         1            137Cs
 553           618           16711935      1            60Co
$DATA:
 0             1023 
 0             10            16            35            61            78            125           200 
 272           352           411           424           426           389           446           427 
 448           485           509           572           563           611           667           625 
 529           487           440           407           417           405           335           394 
 384           406           429           409           439           382           406           418 
 374           445           406           402           438           436           425           449 
 431           408           420           386           427           432           422           430 
 447           430           405           459           426           452           415           425 
 427           445           431           488           428           417           421           418 
 416           379           401           438           407           399           437           465 
 432           472           459           445           452           403           462           464 
 451           435           459           480           473           523           501           497 
 487           507           468           515           526           495           495           494 
 487           506           479           463           557           498           495           494 
 493           457           457           458           427           474           452           444 
 424           424           437           413           449           422           404           439 
 432           437           388           383           420           398           390           389 
 372           388           357           370           364           404           384           382 
 359           359           373           339           378           347           334           356 
 375           364           319           343           341           344           336           310 
 309           350           380           362           351           299           320           363 
 332           301           310           303           321           302           322           304 
 323           312           309           305           328           308           290           311 
 298           302           304           284           325           328           272           309 
 283           302           317           313           322           319           311           315 
 292           287           288           278           293           275           261           280 
 280           269           256           257           242           251           244           232 
 223           224           222           236           209           203           200           227 
 228           212           212           212           197           208           217           215 
 203           194           190           193           180           195           171           188 
 186           184           202           189           188           175           182           193 
 179           165           193           185           211           172           194           204 
 199           218           181           190           186           200           199           206 
 201           214           235           201           229           248           255           284 
 261           291           270           315           332           356           394           448 
 472           483           499           489           568           543           549           587 
 659           678           674           697           687           704           735           747 
 760           792           747           725           703           669           694           663 
 579           594           594           532           550           498           502           461 
 456           415           406           389           346           325           306           289 
 274           239           273           234           225           249           202           219 
 196           201           201           207           215           203           181           202 
 184           212           186           184           197           210           187           192 
 188           190           187           181           215           198           188           191 
 194           196           182           179           199           201           184           210 
 205           210           194           183           198           200           195           202 
 180           207           203           205           192           205           198           221 
 204           197           189           198           200           193           197           208 
 212           189           210           194           202           205           213           193 
 212           241           215           222           212           210           225           218 
 177           199           222           207           216           201           218           223 
 199           217           197           170           212           175           202           188 
 182           182           198           169           156           176           154           168 
 170           155           151           140           141           152           145           150 
 127           141           146           127           149           133           146           143 
 145           114           144           125           129           139           151           118 
 142           143           131           128           142           130           147           141 
 135           146           128           133           116           128           116           138 
 136           134           138           145           136           129           123           132 
 112           134           136           129           119           126           128           105 
 143           123           126           165           146           154           167           146 
 170           173           188           206           212           235           195           233 
 240           254           254           275           275           302           300           301 
 301           318           360           368           351           372           340           373 
 377           357           354           364           379           347           350           328 
 335           320           341           324           297           261           264           275 
 268           229           232           230           220           194           187           184 
 183           175           176           178           163           152           128           141 
 133           106           111           151           143           128           116           145 
 145           123           140           139           130           138           180           178 
 156           160           190           177           199           184           200           203 
 258           219           225           281           232           304           291           264 
 257           247           303           269           271           256           301           291 
 324           276           259           281           217           267           230           247 
 230           240           225           195           194           217           186           175 
 176           155           174           161           148           122           140           102 
 107           92            91            80            69            96            70            68 
 68            58            59            67            56            48            41            37 
 40            45            36            36            24            23            31            28 
 24            24            23            30            29            27            17            15 
 14            13            27            13            13            20            12            17 
 18            11            21            11            9             9             7             8 
 9             5             9             9             10            10            9             17 
 5             6             7             13            5             10            6             13 
 10            14            4             5             13            7             7             3 
 3             6             12            6             7             10            12            11 
 10            11            7             2             10            8             16            11 
 5             5             6             9             2             9             5             11 
 4             8             9             13            8             5             9             9 
 9             10            4             12            9             7             8             6 
 11            8             13            5             8             2             6             5 
 5             7             7             8             7             6             5             7 
 5             7             5             11            3             2             3             7 
 11            6             2             8             9             5             6             4 
 4             8             12            10            5             11            9             4 
 5             6             7             6             4             9             3             9 
 7             7             4             6             5             14            5             5 
 3             3             5             5             5             5             7             5 
 2             6             4             3             5             5             6             6 
 7             2             8             4             8             3             4             8 
 7             3             4             5             8             7             5             5 
 5             4             3             5             7             3             10            2 
 6             4             7             1             4             5             8             2 
 5             3             6             6             2             3             5             7 
 7             3             11            6             5             6             2             5 
 4             6             7             2             6             10            4             3 
 3             9             7             4             5             1             10            3 
 8             2             10            3             8             3             1             5 
 7             6             4             5             3             4             2             5 
 5             6             4             4             4             6             5             1 
 5             2             7             6             7             5             5             6 
 6             9             2             3             7             5             4             7 
 5             6             2             3             4             10            6             3 
 7             4             3             2             3             4             1             4 
 7             10            1             7             6             2             7             2 
 4             3             0             5             8             4             3             3 
 3             3             2             0             5             3             5             3 
 7             2             7             2             6             3             6             0 
 3             4             8             3             6             4             4             4 
 3             5             6             2             9             5             7             8 
 4             3             3             5             5             4             5             4 
 4             6             6             3             2             6             3             1 
 3             1             6             4             4             4             4             5 
 6             5             8             2             7             5             4             3 
 1             1             1             3             3             1             3             3 
 2             3             4             2             1             2             3             4 
 3             1             3             1             2             3             1             2 
 3             1             0             2             1             3             2             0 
