$SPEC_ID:
bMCA Spectrum
$DATE_MEA:
07-04-2022  10:02:03
$MEAS_TIM:
 231.63        240
$DEVICE_ID:
bMCA 06201013
$ACQ_SETTINGS:
 2             240           1000          4             4095 
$HRDW_PARAMS:
PHA
 800
 3             3276          5 
 7             0             1023 
 80            25            45 
 1             1 
$SPEC_CAL:
-5.490132      2.161477      2.078236E-04
$MCA_CAL:
3
-5.490132      2.161477      2.078236E-04
$ROI:
 267           333           32768         1            137Cs
 553           618           16711935      1            60Co
 46            75            33023         1            57Co
$DATA:
 0             1023 
 24            46            68            141           222           383           624           865 
 1141          1580          1770          1844          1872          1821          1790          1803 
 1856          1894          2190          2308          2595          2567          2662          2415 
 2221          2062          1839          1809          1685          1657          1771          1778 
 1844          2016          2171          2256          2456          2556          2685          2638 
 2701          2719          2668          2968          3109          3259          3805          4386 
 5319          6354          7130          8379          9327          10007         10154         10193 
 9788          9476          9664          9378          9642          9788          10280         10081 
 10091         9576          8735          7623          6453          5480          4396          3681 
 2986          2761          2429          2145          1921          1905          1742          1620 
 1688          1733          1578          1639          1689          1745          1671          1804 
 1770          1716          1846          1844          1876          1820          1839          1745 
 1793          1780          1937          1830          1853          1950          1909          1885 
 1868          1822          1799          1828          1884          1939          1877          1867 
 1794          1883          1748          1794          1750          1729          1696          1739 
 1652          1680          1603          1642          1548          1600          1631          1496 
 1559          1442          1558          1491          1528          1491          1500          1448 
 1485          1386          1407          1370          1404          1394          1323          1377 
 1247          1358          1413          1375          1343          1337          1329          1265 
 1307          1317          1284          1297          1285          1261          1269          1243 
 1288          1245          1274          1198          1257          1263          1264          1198 
 1196          1163          1216          1181          1225          1178          1149          1151 
 1200          1169          1201          1168          1100          1147          1138          1193 
 1093          1172          1110          1194          1087          1103          1191          1073 
 1088          1150          1077          1161          1111          1096          1089          1112 
 1100          1078          1045          1071          1016          1014          1049          990 
 950           941           974           924           930           920           879           871 
 866           870           865           845           875           849           823           761 
 760           771           818           753           791           739           713           739 
 719           740           718           753           762           707           779           721 
 720           681           706           726           728           718           712           711 
 702           708           686           724           686           699           677           694 
 630           708           738           702           682           732           746           686 
 706           785           769           803           855           910           867           915 
 988           1063          1063          1138          1258          1334          1427          1454 
 1527          1727          1789          1788          1924          2038          2139          2180 
 2314          2395          2450          2449          2523          2651          2717          2726 
 2683          2666          2643          2574          2569          2579          2518          2209 
 2330          2247          2086          2023          1888          1809          1769          1678 
 1596          1499          1355          1342          1259          1198          1138          1083 
 988           869           924           902           844           820           827           837 
 755           786           762           695           727           689           710           732 
 701           680           714           655           697           680           690           703 
 654           663           698           715           730           723           658           700 
 736           685           682           696           722           754           702           711 
 717           776           763           711           731           739           802           710 
 757           753           804           744           781           760           719           782 
 794           726           786           738           819           784           800           746 
 731           805           783           790           752           775           783           805 
 864           808           767           844           814           806           775           803 
 797           792           789           781           723           745           778           804 
 735           705           699           732           707           671           635           709 
 716           658           643           625           632           641           601           559 
 596           540           553           627           597           569           576           541 
 593           580           556           550           531           535           556           482 
 464           531           529           540           519           529           515           546 
 472           540           536           490           497           490           505           472 
 534           524           464           523           460           489           471           464 
 472           482           459           457           450           499           457           472 
 492           459           469           459           434           451           496           483 
 494           480           506           506           568           549           587           612 
 677           659           732           685           728           808           847           803 
 920           987           1048          983           1079          1099          1105          1189 
 1211          1282          1223          1242          1236          1234          1291          1289 
 1384          1295          1358          1324          1327          1294          1230          1304 
 1212          1240          1237          1148          1159          1143          1111          1039 
 1000          940           905           871           848           763           747           686 
 687           657           625           577           566           551           493           494 
 468           481           469           479           441           480           454           490 
 520           484           508           516           532           520           586           593 
 617           645           675           632           679           795           801           800 
 833           849           811           920           868           944           956           963 
 1001          1056          1057          1024          1053          994           1062          1023 
 1037          1026          948           957           974           951           931           876 
 873           818           806           812           777           687           720           678 
 643           619           574           554           501           493           441           469 
 429           415           385           330           315           283           275           272 
 234           225           225           181           186           195           195           186 
 151           174           132           143           126           118           123           112 
 87            88            99            70            80            68            74            71 
 79            67            59            64            55            48            75            44 
 50            49            48            41            43            55            39            34 
 34            33            41            47            30            31            32            31 
 28            31            41            22            36            36            33            25 
 38            24            28            25            29            21            29            40 
 20            42            31            32            31            32            37            29 
 26            24            24            32            27            31            28            28 
 27            30            27            21            41            25            28            23 
 31            23            30            34            36            23            30            23 
 34            30            28            21            35            31            21            21 
 16            28            18            22            12            30            34            28 
 23            17            29            19            22            25            28            21 
 18            17            29            22            20            14            25            28 
 25            21            17            18            18            30            27            22 
 23            21            25            22            25            34            27            20 
 27            18            16            26            24            17            19            10 
 21            19            21            27            14            26            27            24 
 14            16            21            21            19            22            25            19 
 23            21            26            22            24            16            29            22 
 17            26            21            16            21            24            23            16 
 22            27            16            23            21            10            20            17 
 14            21            25            17            20            20            33            17 
 13            20            15            11            24            20            16            20 
 15            14            27            19            19            20            16            19 
 11            17            20            20            17            21            17            20 
 12            24            12            23            13            8             12            24 
 14            17            15            19            14            14            30            21 
 19            25            13            19            19            23            15            13 
 14            14            18            15            18            22            20            21 
 16            17            10            21            12            14            9             21 
 17            16            17            26            15            17            15            14 
 14            19            15            19            15            14            20            16 
 14            17            7             12            11            13            13            21 
 16            9             16            15            19            15            19            14 
 16            16            19            20            21            19            13            20 
 22            13            24            11            23            12            18            18 
 21            10            18            16            21            13            18            12 
 16            14            13            22            19            20            16            19 
 13            17            20            18            15            21            24            14 
 15            9             9             19            15            15            13            14 
 22            23            17            11            21            15            18            13 
 14            12            16            15            14            14            16            9 
 11            22            23            16            9             17            16            16 
 12            12            14            11            13            12            13            12 
 20            8             10            12            11            8             13            6 
 12            8             5             15            5             9             13            8 
 4             16            9             4             10            14            7             6 
 8             10            6             5             4             4             3             4 
