$SPEC_ID:
bMCA Spectrum
$DATE_MEA:
07-04-2022  09:24:57
$MEAS_TIM:
 57.91         60
$DEVICE_ID:
bMCA 06201013
$ACQ_SETTINGS:
 2             60            1000          4             4095 
$HRDW_PARAMS:
PHA
 800
 3             3276          5 
 7             0             1023 
 80            25            45 
 1             1 
$SPEC_CAL:
-5.490132      2.161477      2.078236E-04
$MCA_CAL:
3
-5.490132      2.161477      2.078236E-04
$ROI:
 267           333           32768         1            137Cs
 553           618           16711935      1            60Co
 46            75            33023         1            57Co
$DATA:
 0             1023 
 2             9             20            34            45            87            143           200 
 293           378           440           473           446           494           448           463 
 476           529           561           587           670           687           661           611 
 589           504           449           402           443           425           413           430 
 452           495           526           561           628           627           631           730 
 679           681           684           754           756           928           888           1079 
 1318          1525          1832          2167          2361          2393          2456          2525 
 2457          2380          2408          2416          2493          2485          2540          2490 
 2568          2481          2212          1890          1636          1413          1097          930 
 743           654           604           551           477           452           456           417 
 377           394           435           404           454           428           427           483 
 404           450           412           442           443           471           459           478 
 493           471           447           511           484           423           450           456 
 492           495           509           486           483           483           481           448 
 473           443           484           448           416           443           414           414 
 422           412           420           414           425           424           397           404 
 394           353           394           336           378           382           355           372 
 311           374           367           375           373           345           316           344 
 359           326           320           280           306           311           335           310 
 349           335           324           301           342           320           294           335 
 306           294           331           287           315           305           291           302 
 291           322           288           326           286           329           297           306 
 317           268           295           288           274           274           305           269 
 268           286           302           281           287           290           292           284 
 266           301           282           280           291           285           272           278 
 237           231           268           245           274           242           262           243 
 262           252           236           228           250           227           231           198 
 206           209           199           188           225           185           189           207 
 194           205           199           219           203           175           184           188 
 164           195           187           194           170           180           183           174 
 179           172           179           179           183           197           169           195 
 191           168           169           171           178           178           165           164 
 169           173           199           166           201           185           159           190 
 172           207           205           212           181           237           210           221 
 229           280           269           273           326           316           354           341 
 371           427           458           479           480           496           513           545 
 538           570           662           578           631           676           634           664 
 663           670           672           660           705           630           605           587 
 591           538           540           515           535           482           425           446 
 419           381           335           332           303           297           236           257 
 253           235           222           212           207           215           211           201 
 192           161           199           180           194           181           171           167 
 172           181           158           175           174           172           172           145 
 172           198           158           190           190           166           131           184 
 193           193           152           178           179           169           182           204 
 185           189           176           199           182           172           178           170 
 186           174           198           190           216           196           180           181 
 201           195           191           186           187           212           181           179 
 182           190           199           183           203           187           204           181 
 194           184           205           169           191           220           195           191 
 180           178           177           183           186           192           201           177 
 192           179           191           163           170           155           162           177 
 159           157           190           160           162           191           135           120 
 144           147           155           135           144           137           124           139 
 136           133           134           124           112           124           121           137 
 135           133           135           131           126           128           97            138 
 110           154           124           154           124           119           101           98 
 121           124           105           109           119           113           129           96 
 104           117           124           108           106           126           113           118 
 97            103           117           106           122           113           116           99 
 111           132           106           128           108           131           157           149 
 142           164           154           174           176           191           172           207 
 245           220           242           243           252           259           258           299 
 281           300           319           311           320           330           332           324 
 301           328           363           313           304           338           338           377 
 324           313           291           326           295           298           259           230 
 254           240           225           230           190           183           207           168 
 168           161           147           144           153           145           140           119 
 110           115           117           117           123           110           107           109 
 118           128           133           133           129           130           132           138 
 134           150           155           160           167           177           173           188 
 182           225           221           236           229           231           246           244 
 239           250           280           279           239           228           237           293 
 238           247           267           229           250           269           248           208 
 232           212           208           213           204           187           185           180 
 159           150           137           132           136           125           132           110 
 104           98            107           83            81            100           67            68 
 74            54            54            48            62            50            44            40 
 36            37            38            26            30            33            37            31 
 24            14            24            15            18            15            17            17 
 12            7             14            11            7             13            14            19 
 11            17            8             11            13            15            13            16 
 17            14            9             6             8             10            11            5 
 11            4             5             7             10            11            7             11 
 4             8             6             6             7             8             4             13 
 8             11            8             6             12            8             3             8 
 6             8             4             5             11            6             7             4 
 5             10            9             7             5             7             10            10 
 5             4             8             4             3             4             6             5 
 5             7             8             4             9             9             9             11 
 6             5             6             3             7             6             7             5 
 8             3             5             5             9             4             4             6 
 6             7             5             7             5             7             7             4 
 7             8             6             3             6             8             5             6 
 7             3             7             3             5             6             8             5 
 4             7             6             6             6             7             2             3 
 5             6             7             7             4             3             9             3 
 5             6             6             2             11            8             2             6 
 8             4             2             3             3             2             2             4 
 2             10            6             1             3             4             4             5 
 7             6             6             9             6             6             2             4 
 7             5             3             7             6             4             3             5 
 7             7             7             7             6             4             2             5 
 3             3             4             4             6             6             5             7 
 7             4             6             3             8             3             1             6 
 2             5             5             4             4             4             3             4 
 3             5             1             7             4             0             4             3 
 5             6             2             2             4             4             6             4 
 4             5             2             6             6             5             5             4 
 3             2             2             4             3             2             1             4 
 5             6             3             4             3             2             4             4 
 2             4             3             3             1             4             3             0 
 5             4             1             3             3             2             4             4 
 4             6             5             4             6             3             6             2 
 7             6             5             2             4             3             3             3 
 3             4             4             3             5             2             6             5 
 5             4             5             3             1             3             1             1 
 6             3             5             4             4             7             4             3 
 6             3             2             1             6             4             2             2 
 4             2             4             9             3             1             5             5 
 3             4             2             10            4             5             4             3 
 3             5             8             3             3             6             1             8 
 4             6             4             2             5             2             3             2 
 2             1             3             5             4             5             2             7 
 5             5             0             2             1             2             4             5 
 3             2             3             2             5             3             1             6 
 1             1             1             1             1             4             2             2 
 0             1             0             3             3             1             0             1 
