$SPEC_ID:
bMCA Spectrum
$DATE_MEA:
07-07-2022  08:49:59
$MEAS_TIM:
 174.22        180
$DEVICE_ID:
bMCA 06201013
$ACQ_SETTINGS:
 2             180           1000          4             4095 
$HRDW_PARAMS:
PHA
 800
 3             3276          5 
 7             0             1023 
 80            25            45 
 1             1 
$SPEC_CAL:
-39.25932      2.313255      0
$MCA_CAL:
3
-39.25932      2.313255      0
$ROI:
 273           333           32768         1            137Cs
 562           622           16711935      1            60Co
$DATA:
 0             1023 
 8             25            43            92            130           234           340           545 
 691           901           1078          1172          1208          1194          1152          1237 
 1202          1320          1444          1560          1596          1624          1713          1640 
 1480          1403          1275          1192          1225          1175          1176          1166 
 1172          1180          1148          1223          1193          1218          1268          1235 
 1339          1346          1269          1324          1265          1291          1262          1372 
 1315          1258          1305          1244          1292          1291          1326          1313 
 1278          1323          1326          1350          1285          1271          1326          1335 
 1279          1344          1371          1298          1307          1274          1316          1315 
 1334          1319          1216          1291          1272          1333          1267          1202 
 1247          1328          1360          1332          1331          1294          1336          1321 
 1389          1338          1474          1471          1401          1456          1465          1518 
 1540          1501          1536          1512          1642          1557          1625          1594 
 1663          1603          1639          1646          1570          1575          1564          1611 
 1602          1561          1519          1534          1545          1507          1528          1509 
 1438          1461          1348          1412          1395          1414          1270          1360 
 1329          1297          1232          1281          1245          1196          1264          1235 
 1194          1238          1179          1160          1203          1244          1096          1101 
 1129          1081          1091          1116          1118          1142          1114          1082 
 1080          1048          1066          1076          1004          1098          981           1022 
 1102          1029          1077          1052          981           1047          1011          1059 
 1014          933           993           993           963           989           882           913 
 1040          965           942           945           963           945           942           972 
 963           923           970           988           969           990           1013          952 
 952           990           955           943           980           935           920           962 
 933           932           857           933           861           894           920           827 
 937           833           885           820           797           853           812           765 
 768           744           785           754           753           741           678           715 
 729           698           742           712           687           696           736           659 
 652           708           683           680           651           668           654           660 
 708           675           683           665           639           682           636           664 
 656           617           637           644           670           654           646           692 
 693           673           656           653           620           705           684           670 
 685           732           693           732           745           758           753           712 
 806           785           776           878           914           931           955           1043 
 1030          1168          1204          1255          1392          1378          1463          1470 
 1508          1607          1693          1833          1745          1947          1877          2030 
 1978          2002          1970          1988          2059          1998          1943          1925 
 1906          1825          1822          1759          1624          1624          1548          1485 
 1402          1335          1349          1235          1243          1193          1053          1019 
 971           996           952           888           841           872           833           807 
 751           777           728           751           730           756           694           715 
 703           705           664           659           610           651           696           671 
 646           673           674           694           699           694           675           690 
 628           684           650           688           707           683           677           666 
 682           713           753           706           688           715           705           744 
 696           762           721           737           735           750           756           746 
 752           795           784           754           774           744           747           780 
 762           766           756           742           792           797           778           797 
 815           766           763           808           772           789           765           799 
 749           751           796           766           747           748           768           720 
 711           770           720           741           734           741           759           711 
 646           657           690           659           629           640           648           651 
 558           642           574           588           600           568           604           597 
 591           578           526           581           531           536           527           547 
 569           580           498           525           555           501           508           543 
 518           513           480           504           515           508           487           471 
 481           476           450           462           472           538           505           497 
 474           464           434           483           513           502           424           478 
 433           483           450           435           442           428           465           431 
 433           447           485           452           486           476           514           518 
 504           525           585           598           577           655           715           727 
 772           766           834           815           928           949           1001          1027 
 1022          1035          1178          1162          1182          1209          1252          1279 
 1295          1358          1267          1418          1366          1392          1350          1464 
 1414          1381          1359          1356          1296          1311          1193          1235 
 1147          1171          1139          1159          1052          991           996           895 
 831           827           812           770           720           672           637           615 
 594           541           537           506           466           471           531           475 
 509           419           446           442           494           508           454           487 
 504           516           551           549           592           591           641           614 
 684           728           786           801           812           802           852           899 
 943           937           965           1017          994           1043          1069          1138 
 1079          1044          1036          1011          1034          1065          1058          1046 
 1013          1000          1025          929           1012          884           884           878 
 810           796           748           695           676           675           615           612 
 560           535           517           467           456           398           384           412 
 361           358           291           272           281           294           247           209 
 241           214           201           171           172           154           173           140 
 123           142           123           128           112           105           90            100 
 97            76            81            75            92            80            85            65 
 80            57            62            65            56            46            66            63 
 58            48            49            54            41            52            45            53 
 35            41            44            33            48            41            39            38 
 54            38            41            36            37            40            43            42 
 23            45            51            31            45            33            34            26 
 43            33            43            27            47            46            43            29 
 33            45            34            40            34            44            44            38 
 32            47            39            32            41            41            35            35 
 29            33            31            34            39            37            25            38 
 36            31            33            30            36            26            24            32 
 32            31            33            33            38            38            43            28 
 32            33            36            24            32            23            24            34 
 30            30            26            30            36            37            24            33 
 37            25            34            32            33            34            29            34 
 27            36            42            23            26            29            29            21 
 33            28            26            22            22            26            25            26 
 25            21            28            33            31            32            22            16 
 40            21            31            22            35            24            29            30 
 30            33            26            22            32            35            29            31 
 21            27            29            37            28            38            33            22 
 26            24            21            25            27            18            27            22 
 31            19            29            24            38            26            23            16 
 23            29            23            24            24            23            26            23 
 19            25            34            22            23            25            17            23 
 18            19            14            34            24            27            28            27 
 31            41            20            30            22            24            17            26 
 26            28            22            23            18            23            20            24 
 18            18            18            19            26            19            23            28 
 25            22            24            30            22            19            25            26 
 21            23            21            24            18            20            24            21 
 23            16            24            16            16            17            28            20 
 25            24            27            18            27            20            18            20 
 30            20            20            31            26            20            27            18 
 14            20            25            20            18            19            30            23 
 17            21            15            23            15            19            24            19 
 25            21            29            18            23            35            19            9 
 16            15            19            23            18            25            23            21 
 31            24            13            25            20            30            23            21 
 22            19            31            21            25            20            26            17 
 18            24            16            28            13            19            18            17 
 20            20            17            16            23            17            20            22 
 22            25            17            13            12            16            19            13 
 20            16            21            16            21            14            19            18 
 20            25            14            19            19            20            17            18 
 19            15            23            11            7             12            18            13 
 19            8             14            12            8             12            14            9 
 13            11            15            10            8             11            10            6 
