$SPEC_ID:
bMCA Spectrum
$DATE_MEA:
07-04-2022  10:43:36
$MEAS_TIM:
 116.505       120
$DEVICE_ID:
bMCA 06201013
$ACQ_SETTINGS:
 2             120           1000          4             4095 
$HRDW_PARAMS:
PHA
 800
 3             3276          5 
 7             0             1023 
 80            25            45 
 1             1 
$SPEC_CAL:
-5.490132      2.161477      2.078236E-04
$MCA_CAL:
3
-5.490132      2.161477      2.078236E-04
$ROI:
 267           332           32768         1            137Cs
 553           618           16711935      1            60Co
$DATA:
 0             1023 
 4             18            40            57            105           186           262           408 
 545           730           765           846           832           822           855           845 
 940           917           1031          1112          1190          1237          1260          1194 
 1099          886           904           770           781           780           793           804 
 807           771           872           815           807           844           839           850 
 793           812           831           811           847           875           852           859 
 845           847           841           886           898           833           853           846 
 859           867           822           850           901           886           860           840 
 838           934           886           796           878           828           824           839 
 857           846           899           831           841           818           853           836 
 839           845           828           860           959           895           874           910 
 936           945           946           966           963           959           961           1025 
 1006          1024          1009          1029          1054          1008          1006          1057 
 1032          946           998           955           941           975           958           960 
 1028          972           946           921           931           895           897           904 
 858           847           848           890           869           898           797           837 
 848           768           788           784           823           739           791           769 
 779           745           783           754           750           797           710           731 
 721           719           693           732           682           715           748           688 
 651           683           645           669           676           669           693           671 
 657           651           650           618           690           680           626           611 
 628           641           660           648           655           605           644           616 
 592           628           607           628           597           548           593           638 
 623           616           617           614           603           629           607           609 
 555           558           558           585           614           588           645           627 
 606           582           591           583           520           591           515           557 
 515           561           518           490           494           483           517           476 
 430           425           434           445           440           420           423           398 
 429           422           421           452           401           394           406           390 
 364           389           402           352           380           380           357           403 
 380           382           409           326           373           359           410           386 
 366           354           394           363           367           415           383           390 
 356           394           374           410           403           378           363           402 
 411           395           451           422           473           444           502           536 
 528           581           628           636           690           714           746           830 
 834           914           1001          1000          1003          1147          1196          1196 
 1285          1285          1398          1356          1439          1421          1477          1491 
 1492          1455          1451          1420          1393          1344          1439          1291 
 1278          1281          1233          1092          1036          1061          1030          926 
 863           821           713           678           664           657           609           562 
 595           524           502           530           484           450           481           436 
 407           352           433           366           427           410           380           385 
 381           404           384           370           388           359           400           376 
 380           395           388           373           375           380           402           369 
 397           382           418           410           392           376           370           396 
 354           397           385           430           405           391           427           406 
 418           396           362           424           416           384           422           442 
 430           391           420           440           423           416           431           438 
 421           441           440           406           440           394           443           430 
 412           406           442           431           502           401           429           391 
 407           441           427           402           412           457           397           405 
 417           431           364           381           323           340           345           363 
 380           313           398           342           364           360           319           320 
 329           340           323           290           316           309           318           291 
 282           291           284           291           297           284           305           302 
 276           290           293           277           246           289           266           268 
 303           266           300           286           262           265           242           264 
 260           267           270           309           237           249           246           248 
 255           274           241           268           237           250           239           245 
 272           269           236           252           247           250           250           257 
 266           303           281           265           307           342           313           324 
 366           342           368           379           400           418           462           472 
 474           504           530           563           554           629           638           639 
 650           636           679           687           730           767           735           738 
 746           767           749           742           752           770           737           752 
 676           648           675           643           640           599           618           526 
 579           535           476           505           470           420           406           413 
 384           352           360           298           272           302           323           281 
 261           273           260           235           246           226           242           226 
 243           269           278           301           310           261           325           350 
 320           370           351           364           365           408           372           448 
 489           479           512           507           481           520           502           520 
 524           572           545           559           564           540           563           577 
 579           560           537           511           504           571           497           467 
 501           471           467           428           409           355           386           372 
 326           329           332           290           307           226           280           209 
 199           199           193           186           165           157           141           159 
 135           121           116           129           103           118           85            89 
 93            79            74            57            65            51            54            57 
 57            50            44            46            33            40            44            47 
 32            42            36            31            34            25            15            22 
 35            23            17            21            20            18            14            17 
 24            19            20            17            13            17            15            25 
 17            19            21            15            20            21            12            23 
 16            17            18            18            17            21            14            17 
 16            15            19            22            17            14            25            18 
 11            18            13            12            16            17            27            18 
 17            17            8             14            15            14            19            14 
 17            13            17            21            21            15            13            12 
 8             17            13            7             13            7             15            14 
 19            15            15            15            19            13            16            12 
 14            14            15            16            16            9             12            9 
 10            10            16            21            13            10            17            10 
 18            15            7             13            16            12            8             13 
 10            8             17            14            19            19            7             12 
 13            13            14            8             13            16            15            10 
 12            9             11            15            12            12            19            10 
 12            14            8             9             7             15            8             13 
 10            10            19            12            13            8             9             11 
 9             12            13            11            13            13            13            18 
 11            15            17            9             11            12            12            9 
 16            9             9             10            7             12            15            11 
 13            9             17            8             8             10            8             6 
 11            7             13            7             9             10            10            9 
 11            6             17            8             12            9             12            4 
 12            11            10            14            9             9             7             4 
 6             11            6             11            18            7             8             7 
 6             11            8             7             14            11            3             9 
 10            8             10            12            5             13            5             12 
 12            12            10            8             10            9             6             9 
 14            12            9             9             9             7             15            9 
 3             12            9             10            12            7             8             7 
 8             9             17            7             7             6             3             15 
 9             11            1             7             10            8             7             12 
 6             7             9             9             8             9             9             10 
 15            7             5             8             7             14            9             7 
 12            19            9             7             5             8             8             5 
 10            16            11            7             9             9             9             9 
 8             5             7             6             12            9             12            5 
 8             13            10            7             9             7             7             9 
 12            10            8             12            11            10            11            8 
 8             8             8             7             8             10            9             8 
 4             11            5             11            10            6             7             8 
 8             8             6             5             6             4             5             5 
 8             8             3             4             12            7             3             7 
 4             2             10            5             5             5             9             5 
 7             5             3             3             7             3             5             2 
 7             7             4             4             5             4             5             4 
