$SPEC_ID:
bMCA Spectrum
$DATE_MEA:
07-05-2022  08:37:14
$MEAS_TIM:
 118.155       120
$DEVICE_ID:
bMCA 06201013
$ACQ_SETTINGS:
 2             120           1000          4             4095 
$HRDW_PARAMS:
PHA
 800
 3             3276          5 
 7             0             1023 
 80            25            45 
 1             1 
$SPEC_CAL:
-2.996172      2.07587       2.903056E-04
$MCA_CAL:
3
-2.996172      2.07587       2.903056E-04
$ROI:
 270           340           32768         1            137Cs
 46            75            33023         1            57Co
$DATA:
 0             1023 
 3             8             15            32            60            106           186           268 
 445           572           702           760           762           730           678           648 
 664           692           754           811           908           1005          993           902 
 805           683           537           500           487           426           504           467 
 507           512           538           635           654           698           683           793 
 792           804           851           823           895           945           1051          1262 
 1435          1755          2090          2568          2970          3227          3512          3563 
 3636          3434          3576          3369          3351          3475          3506          3571 
 3648          3534          3302          2971          2587          2168          1732          1424 
 1195          963           790           648           597           571           517           468 
 452           469           437           460           478           445           456           456 
 470           478           455           488           442           433           464           459 
 473           483           478           488           479           451           473           463 
 439           490           426           443           441           454           413           390 
 409           377           399           400           393           403           396           418 
 352           377           337           315           367           330           329           318 
 320           335           321           312           327           310           293           321 
 333           303           313           309           289           276           280           299 
 280           279           299           322           273           296           278           256 
 282           254           261           244           285           284           252           264 
 287           278           255           269           275           225           268           264 
 270           242           258           271           251           270           247           250 
 273           282           256           283           256           241           226           271 
 272           230           275           252           255           278           264           267 
 272           282           239           273           279           259           230           237 
 266           231           255           252           218           237           214           232 
 195           207           217           182           202           209           174           184 
 159           174           142           149           132           118           110           127 
 103           121           104           102           90            79            84            76 
 78            81            77            73            76            73            74            48 
 53            61            49            65            65            45            48            51 
 68            26            46            53            44            46            46            56 
 44            56            52            53            48            48            42            45 
 61            59            52            59            77            75            83            91 
 109           120           125           145           166           199           233           231 
 273           288           351           412           415           483           515           591 
 648           690           750           909           861           904           959           980 
 1048          1108          1134          1113          1080          1166          1167          1137 
 1153          1117          1075          1026          1032          966           924           928 
 785           763           683           656           611           588           552           494 
 395           387           335           290           282           268           190           180 
 156           145           118           91            79            78            75            71 
 50            49            34            38            42            26            28            23 
 21            19            20            22            23            14            11            15 
 15            13            16            17            12            8             14            18 
 8             10            11            8             14            15            11            8 
 7             10            12            9             14            12            13            14 
 9             12            12            10            14            5             5             10 
 11            6             7             8             13            6             7             8 
 10            10            11            11            11            6             6             10 
 8             13            11            10            15            8             9             10 
 11            5             7             13            10            10            8             7 
 10            9             11            13            13            11            12            5 
 7             6             6             9             8             7             10            11 
 9             12            6             5             9             7             8             6 
 6             8             7             11            12            16            5             6 
 11            8             8             5             9             6             0             8 
 10            5             2             3             6             8             4             6 
 6             6             3             4             3             3             3             3 
 6             10            11            12            4             4             2             5 
 9             3             2             8             7             5             6             4 
 8             10            7             5             7             6             6             8 
 8             4             9             3             5             10            4             4 
 6             5             7             6             5             5             4             7 
 7             5             6             4             8             10            7             6 
 8             5             10            11            6             7             6             9 
 8             11            10            11            10            4             11            6 
 5             8             5             4             6             9             4             11 
 4             4             6             3             11            3             3             7 
 7             8             1             6             6             7             4             10 
 7             5             5             4             4             1             3             6 
 3             4             4             2             3             5             5             4 
 6             4             5             2             10            6             12            3 
 5             5             2             9             6             4             4             3 
 2             5             4             3             5             5             2             5 
 6             4             8             6             6             5             4             6 
 4             7             2             4             8             3             7             2 
 6             4             1             7             4             7             5             4 
 3             1             1             3             5             2             3             1 
 6             3             3             7             4             3             5             4 
 4             4             3             2             4             4             3             2 
 4             3             6             4             3             2             4             3 
 5             3             1             4             3             4             0             3 
 1             5             2             1             3             4             2             4 
 10            4             3             1             4             4             0             1 
 1             1             2             3             1             0             4             1 
 1             2             0             1             1             3             2             2 
 0             0             2             4             2             1             2             2 
 2             1             0             1             2             0             0             1 
 0             3             2             0             0             2             1             0 
 0             1             0             0             0             1             0             1 
 0             2             0             1             0             0             1             0 
 1             0             0             0             1             0             0             0 
 1             2             0             0             0             0             0             0 
 0             2             1             1             0             1             1             3 
 4             2             1             3             0             0             0             1 
 0             0             1             0             1             0             0             0 
 2             0             0             2             0             0             1             2 
 2             0             1             1             1             1             1             0 
 1             3             0             1             0             1             2             1 
 0             1             1             0             2             0             1             0 
 1             0             0             0             0             0             2             0 
 0             2             2             0             0             0             0             0 
 1             0             1             1             1             0             1             1 
 1             0             2             0             2             0             0             0 
 0             0             3             1             0             2             0             0 
 0             0             1             0             0             0             0             1 
 2             0             0             0             1             0             0             0 
 0             0             1             0             1             2             0             1 
 1             0             0             0             0             0             0             0 
 0             0             1             0             1             0             1             0 
 0             1             2             0             0             0             0             0 
 0             0             0             2             0             0             1             0 
 0             0             0             0             0             0             0             0 
 0             2             1             1             1             1             0             1 
 0             1             1             0             0             0             0             0 
 0             0             0             1             0             0             1             1 
 1             1             0             1             0             0             1             0 
 1             0             0             1             1             1             1             0 
 1             0             1             0             0             0             2             0 
 0             1             2             0             0             0             0             0 
 0             0             0             0             0             1             2             0 
 0             0             1             0             0             1             0             1 
 0             0             1             0             0             0             1             0 
 0             0             0             0             0             1             0             1 
 0             0             0             1             1             0             0             1 
 0             1             0             0             0             0             1             0 
 0             0             0             0             0             0             0             1 
