$SPEC_ID:
bMCA Spectrum
$DATE_MEA:
07-05-2022  08:56:06
$MEAS_TIM:
 177.23        180
$DEVICE_ID:
bMCA 06201013
$ACQ_SETTINGS:
 2             180           1000          4             4095 
$HRDW_PARAMS:
PHA
 800
 3             3276          5 
 7             0             1023 
 80            25            45 
 1             1 
$SPEC_CAL:
-2.996172      2.07587       2.903056E-04
$MCA_CAL:
3
-2.996172      2.07587       2.903056E-04
$ROI:
 270           340           32768         1            137Cs
 46            75            33023         1            57Co
$DATA:
 0             1023 
 4             6             21            61            96            174           327           485 
 768           956           1083          1091          1203          1120          1016          957 
 1031          971           1116          1276          1440          1399          1455          1355 
 1180          988           860           715           714           652           741           696 
 744           812           865           1000          984           1039          1084          1197 
 1245          1252          1304          1297          1362          1496          1751          2021 
 2381          2847          3578          4109          4555          5043          5344          5419 
 5288          5334          5105          4989          5231          5304          5306          5408 
 5303          5197          4833          4331          3620          3103          2514          2031 
 1569          1397          1128          1051          900           797           725           688 
 687           684           681           722           717           705           729           738 
 722           701           747           738           732           784           703           736 
 723           771           725           686           688           702           705           647 
 649           691           630           624           660           652           607           602 
 587           603           567           599           584           601           557           491 
 551           541           526           517           501           489           498           489 
 517           522           452           473           519           449           488           483 
 463           447           421           470           473           435           423           456 
 454           417           420           407           428           391           399           426 
 392           472           361           400           400           422           406           388 
 404           394           405           426           415           402           406           402 
 377           391           368           378           400           393           402           372 
 392           410           380           395           395           368           360           421 
 352           354           393           384           409           359           401           398 
 397           407           380           412           385           391           354           380 
 391           378           362           367           343           324           329           305 
 316           279           274           308           281           265           271           236 
 211           224           208           204           197           174           173           162 
 144           140           130           154           135           118           119           90 
 115           101           94            103           103           84            85            103 
 80            78            80            69            83            75            61            71 
 70            69            81            66            61            68            67            77 
 66            64            67            64            63            72            79            93 
 100           87            101           111           129           121           174           177 
 205           242           256           297           319           375           401           451 
 474           584           662           734           815           901           955           1041 
 1154          1241          1291          1336          1395          1388          1550          1586 
 1652          1625          1716          1668          1729          1640          1673          1608 
 1628          1476          1495          1391          1363          1346          1258          1188 
 1081          1072          928           858           780           683           627           594 
 512           450           418           347           321           266           259           234 
 205           168           144           132           114           92            104           68 
 60            47            51            41            43            41            44            32 
 25            17            29            27            23            19            23            20 
 14            11            19            13            19            10            16            12 
 11            16            14            9             21            14            9             13 
 15            14            18            16            17            13            9             14 
 11            9             5             14            7             14            9             7 
 11            17            9             15            14            9             16            8 
 14            7             9             6             12            9             15            16 
 11            19            13            7             9             14            13            11 
 10            13            6             14            10            14            9             8 
 9             9             15            10            18            10            9             7 
 15            17            10            19            14            9             14            12 
 13            16            10            11            12            9             10            11 
 12            5             8             11            8             11            6             12 
 14            18            9             7             18            11            5             10 
 8             11            6             16            3             9             14            7 
 7             15            8             15            5             13            5             6 
 11            8             9             8             8             8             6             12 
 9             11            12            6             5             11            14            6 
 8             6             10            8             7             7             10            6 
 9             13            7             14            17            10            9             11 
 9             12            8             7             8             16            11            15 
 8             12            11            13            9             11            13            9 
 15            18            15            5             7             9             9             18 
 8             11            8             8             13            6             8             7 
 6             9             6             10            10            11            5             8 
 7             7             9             8             3             3             8             8 
 7             4             4             7             10            6             5             6 
 9             6             7             5             7             7             3             3 
 4             10            10            10            7             4             3             6 
 9             10            6             9             7             6             8             3 
 9             9             6             7             12            7             11            3 
 9             5             4             4             12            8             9             11 
 6             4             2             6             4             11            5             15 
 2             2             5             7             2             3             6             6 
 8             6             9             8             5             6             5             11 
 8             7             4             5             4             6             5             5 
 8             5             7             6             6             3             5             5 
 6             6             8             8             8             7             8             5 
 4             8             7             8             8             7             5             1 
 6             9             5             6             9             8             3             6 
 7             6             3             3             3             3             4             2 
 6             5             5             1             1             4             5             3 
 2             5             1             3             3             0             1             3 
 1             6             3             0             3             5             2             2 
 2             1             1             2             1             4             1             0 
 2             0             2             0             1             0             1             0 
 1             1             1             1             2             1             1             2 
 5             1             2             2             1             0             3             1 
 1             1             3             1             1             1             0             1 
 3             1             2             2             1             1             2             1 
 1             2             0             1             0             1             2             2 
 0             1             1             0             1             0             1             0 
 1             2             5             0             0             2             1             2 
 0             2             1             2             2             0             1             2 
 0             2             0             1             2             1             2             0 
 3             0             1             2             0             0             0             3 
 2             1             1             2             1             2             4             0 
 1             0             2             0             1             0             1             0 
 0             0             0             1             0             1             0             0 
 1             0             0             1             1             2             2             0 
 0             0             2             1             3             2             0             0 
 0             1             2             0             0             1             0             0 
 2             0             0             0             0             1             0             1 
 2             0             2             1             0             0             0             2 
 0             0             0             0             2             1             0             0 
 1             1             1             0             0             0             2             0 
 0             1             0             0             0             0             0             0 
 0             1             0             0             1             0             0             1 
 0             0             0             2             0             1             0             0 
 0             0             0             1             0             2             0             0 
 1             2             1             0             1             1             1             1 
 0             0             2             0             1             0             1             0 
 1             0             1             1             1             0             1             1 
 0             0             0             0             1             1             2             1 
 0             0             1             1             0             0             0             0 
 0             2             1             0             1             1             0             1 
 1             0             1             1             0             0             1             0 
 1             0             2             2             0             0             0             1 
 0             0             0             1             2             0             2             0 
 0             0             2             0             0             0             0             1 
 1             0             1             1             2             0             0             0 
 1             0             0             1             1             0             0             0 
 1             1             0             0             0             1             1             0 
 1             1             0             0             2             2             0             3 
 1             0             0             0             0             0             0             0 
