$SPEC_ID:
bMCA Spectrum
$DATE_MEA:
07-05-2022  08:39:15
$MEAS_TIM:
 118.155       120
$DEVICE_ID:
bMCA 06201013
$ACQ_SETTINGS:
 2             120           1000          4             4095 
$HRDW_PARAMS:
PHA
 800
 3             3276          5 
 7             0             1023 
 80            25            45 
 1             1 
$SPEC_CAL:
-2.996172      2.07587       2.903056E-04
$MCA_CAL:
3
-2.996172      2.07587       2.903056E-04
$ROI:
 270           340           32768         1            137Cs
 46            75            33023         1            57Co
$DATA:
 0             1023 
 1             7             9             35            62            102           206           296 
 485           572           721           703           764           671           674           641 
 675           722           752           831           882           1006          968           919 
 755           689           520           521           515           442           478           481 
 525           533           555           628           684           711           690           750 
 789           845           832           872           891           968           1106          1297 
 1471          1767          2157          2530          2952          3349          3459          3597 
 3679          3556          3405          3365          3340          3381          3553          3575 
 3690          3533          3320          2907          2563          2194          1766          1362 
 1206          944           814           694           623           614           513           455 
 453           458           489           474           419           462           469           471 
 467           486           494           494           516           520           491           490 
 469           508           489           491           439           499           463           449 
 444           463           452           451           418           445           373           418 
 417           409           413           373           388           357           378           356 
 400           352           335           349           371           325           325           353 
 331           330           318           338           304           328           303           301 
 324           304           261           309           290           315           299           279 
 282           290           294           295           293           291           269           267 
 264           280           275           306           244           258           280           263 
 261           276           278           264           253           247           258           264 
 260           253           242           249           252           266           244           254 
 244           261           245           212           286           228           252           230 
 261           250           250           228           269           254           255           265 
 253           265           249           250           248           263           250           260 
 235           257           236           223           235           257           227           204 
 205           210           203           204           190           163           193           146 
 164           135           144           127           131           131           118           108 
 105           111           99            114           92            96            92            70 
 77            68            77            53            74            62            70            57 
 60            68            48            70            44            55            64            62 
 47            56            48            51            47            51            52            51 
 47            35            53            34            53            43            54            49 
 50            61            65            64            73            91            74            89 
 109           121           135           148           167           208           247           267 
 301           306           397           414           454           481           552           598 
 663           704           748           802           835           925           963           999 
 1090          1055          1103          1102          1076          1094          1145          1100 
 1092          1137          1068          1066          989           971           924           897 
 776           766           667           645           632           525           494           464 
 408           369           353           274           251           235           204           168 
 155           136           110           131           97            89            62            71 
 62            40            56            36            30            26            29            23 
 18            22            17            16            15            19            10            16 
 13            15            13            11            13            7             11            6 
 8             14            10            11            10            7             11            14 
 5             6             10            10            8             5             8             15 
 10            13            13            7             8             9             4             7 
 5             12            11            4             5             8             5             7 
 9             11            6             9             8             8             8             8 
 10            6             9             12            6             4             6             12 
 8             5             5             6             9             8             8             17 
 12            7             9             11            11            7             9             11 
 6             7             4             12            8             3             10            8 
 11            10            4             7             9             7             8             4 
 10            4             5             9             10            1             6             2 
 11            5             7             8             7             7             8             5 
 6             4             8             5             5             3             6             8 
 9             7             5             6             9             9             6             5 
 2             5             9             4             1             5             6             12 
 7             5             4             6             6             8             3             3 
 4             12            7             7             6             6             4             5 
 5             3             4             13            9             8             7             4 
 9             6             7             9             4             4             15            7 
 8             8             8             4             6             7             10            13 
 11            5             10            8             9             14            9             7 
 5             6             11            2             6             4             7             8 
 2             7             6             7             4             10            4             6 
 4             9             7             3             3             5             4             4 
 4             7             1             2             2             9             5             3 
 5             8             4             1             7             4             2             4 
 6             3             7             7             4             5             3             6 
 9             2             5             2             5             6             5             4 
 7             4             5             5             3             7             2             9 
 4             7             5             5             5             1             5             8 
 4             5             5             7             4             3             2             4 
 4             6             9             2             2             3             3             4 
 7             6             5             1             4             4             7             2 
 1             1             6             6             6             3             7             5 
 6             5             4             4             2             1             3             3 
 5             4             3             4             8             3             4             2 
 3             5             5             6             4             3             6             6 
 7             8             5             6             0             3             5             5 
 7             3             3             1             2             5             2             2 
 3             0             3             2             3             2             3             1 
 1             2             2             2             2             0             1             0 
 1             2             2             2             1             0             1             0 
 1             0             4             3             0             3             1             1 
 0             2             2             0             1             1             3             0 
 2             0             1             1             1             1             1             0 
 0             1             2             2             1             1             2             1 
 2             1             2             2             2             1             0             1 
 3             1             2             0             1             0             1             1 
 0             1             0             0             1             0             0             0 
 0             0             1             2             0             3             0             2 
 1             2             0             1             0             2             0             1 
 1             1             0             0             0             2             2             0 
 1             0             1             1             1             0             0             2 
 1             2             1             1             0             1             0             0 
 2             0             0             1             2             0             2             0 
 0             0             2             0             0             0             1             1 
 0             0             2             0             0             1             0             0 
 0             0             0             0             1             0             1             0 
 2             1             2             2             0             1             0             2 
 2             1             0             0             1             0             0             0 
 1             0             1             0             0             0             0             0 
 0             0             0             0             0             1             2             0 
 0             2             0             0             0             0             0             1 
 1             1             0             0             0             0             0             0 
 0             0             0             2             0             0             1             1 
 2             2             0             0             0             0             1             0 
 0             1             0             0             0             0             1             0 
 1             0             0             1             0             0             2             1 
 0             0             0             2             0             0             0             1 
 0             0             1             1             0             1             2             0 
 0             0             0             0             0             1             0             0 
 0             0             0             0             0             0             1             0 
 1             1             0             0             1             0             0             0 
 1             0             1             0             0             1             0             0 
 0             1             1             1             0             0             0             0 
 0             1             0             0             0             0             0             0 
 0             0             0             0             1             0             0             0 
 1             0             0             1             0             0             1             0 
 1             0             1             1             0             0             1             0 
 0             0             0             0             0             0             0             1 
 1             0             0             1             1             0             1             0 
 0             0             0             0             0             0             1             0 
 0             0             0             0             1             0             1             1 
