$SPEC_ID:
bMCA Spectrum
$DATE_MEA:
07-05-2022  08:47:03
$MEAS_TIM:
 177.225       180
$DEVICE_ID:
bMCA 06201013
$ACQ_SETTINGS:
 2             180           1000          4             4095 
$HRDW_PARAMS:
PHA
 800
 3             3276          5 
 7             0             1023 
 80            25            45 
 1             1 
$SPEC_CAL:
-2.996172      2.07587       2.903056E-04
$MCA_CAL:
3
-2.996172      2.07587       2.903056E-04
$ROI:
 270           340           32768         1            137Cs
 46            75            33023         1            57Co
$DATA:
 0             1023 
 6             16            14            52            84            167           274           433 
 670           907           1043          1094          1142          1042          1067          968 
 970           1048          1080          1280          1396          1402          1533          1369 
 1159          958           789           732           700           681           783           767 
 796           824           848           1003          962           1052          1100          1169 
 1175          1278          1269          1330          1359          1520          1693          1931 
 2347          2861          3410          4139          4696          5000          5299          5410 
 5358          5288          5162          4927          5045          5110          5342          5460 
 5344          5254          4984          4426          3779          3199          2470          2070 
 1732          1396          1162          1010          928           817           707           725 
 695           714           684           709           705           724           653           671 
 721           702           721           736           759           746           733           748 
 732           713           717           728           726           716           720           679 
 711           656           703           652           671           637           628           633 
 611           564           611           580           592           589           594           542 
 556           555           561           530           516           529           507           493 
 491           476           470           469           447           464           483           475 
 443           433           434           445           452           434           439           393 
 429           398           439           408           422           417           430           393 
 440           427           393           399           406           387           402           379 
 420           371           379           373           386           384           376           379 
 367           395           386           393           417           393           382           388 
 380           388           385           384           355           386           401           398 
 362           392           399           372           358           414           403           414 
 408           392           397           392           424           376           352           375 
 402           382           366           350           348           354           347           357 
 336           319           316           274           294           280           250           255 
 266           224           226           196           207           179           189           164 
 147           176           144           117           127           130           111           114 
 111           111           109           98            91            111           85            96 
 85            73            97            79            72            68            64            88 
 86            73            59            67            75            81            75            75 
 53            59            69            83            77            68            91            75 
 94            99            85            104           132           133           132           159 
 169           205           238           257           270           361           369           415 
 512           563           569           673           731           842           906           982 
 1056          1166          1223          1273          1429          1387          1506          1565 
 1575          1601          1741          1703          1760          1696          1702          1664 
 1687          1581          1508          1455          1417          1407          1301          1242 
 1124          1042          960           862           818           728           710           618 
 572           482           428           412           363           353           271           235 
 212           199           156           139           129           106           89            72 
 67            66            59            52            37            31            29            32 
 34            26            34            17            18            20            17            16 
 20            22            21            18            20            22            14            22 
 15            7             14            22            20            16            17            15 
 13            15            16            15            15            12            22            9 
 21            16            15            17            13            16            13            14 
 10            15            12            17            10            12            8             12 
 16            16            17            10            16            9             12            17 
 8             11            13            16            13            26            17            10 
 10            9             18            19            10            15            12            13 
 15            12            18            11            14            8             8             14 
 15            10            13            14            11            9             11            9 
 9             8             8             9             16            9             12            16 
 15            12            12            13            15            11            10            9 
 9             9             17            10            6             8             2             6 
 10            9             15            11            12            11            10            8 
 5             9             16            8             14            10            12            6 
 5             11            9             15            12            7             13            5 
 7             12            7             7             9             10            12            9 
 8             6             6             11            12            10            8             9 
 12            11            10            7             11            14            15            12 
 11            11            5             11            12            20            7             11 
 9             11            12            12            11            12            10            10 
 17            16            8             13            11            13            8             10 
 8             7             11            14            13            13            17            16 
 6             10            15            8             14            8             9             7 
 10            8             7             13            9             7             11            9 
 6             7             3             6             1             6             6             4 
 3             10            2             12            4             7             6             10 
 4             8             10            12            4             4             7             5 
 8             6             9             5             3             9             7             7 
 9             6             8             5             6             5             4             4 
 10            2             7             5             5             9             8             5 
 6             9             6             7             6             12            7             5 
 4             5             8             6             7             6             5             8 
 9             2             6             7             9             8             9             7 
 5             13            8             7             10            2             8             8 
 12            7             8             7             10            6             4             10 
 4             4             8             11            6             4             8             10 
 5             10            7             4             8             5             5             9 
 6             7             3             7             5             6             4             5 
 4             6             4             2             4             3             5             6 
 6             5             2             4             1             3             2             2 
 4             1             8             2             2             3             0             2 
 0             2             3             4             1             3             0             3 
 2             4             3             1             2             0             0             0 
 1             0             2             3             2             2             1             1 
 1             1             1             2             1             2             2             2 
 0             2             2             3             0             2             1             2 
 1             1             1             1             2             0             0             1 
 1             1             1             1             3             2             2             2 
 2             0             1             1             2             1             2             2 
 2             2             3             0             1             0             3             3 
 1             0             2             0             3             2             1             3 
 2             0             1             1             1             1             1             2 
 2             0             3             0             3             0             4             0 
 1             0             1             2             1             0             1             1 
 1             2             2             0             2             2             1             1 
 1             0             1             2             2             0             2             1 
 0             0             0             1             2             0             1             0 
 1             0             2             1             2             2             0             1 
 1             2             1             0             1             2             0             1 
 3             2             0             2             0             0             0             0 
 1             0             0             1             3             0             3             2 
 0             1             0             0             4             1             0             2 
 0             1             0             2             0             0             0             2 
 2             0             0             1             1             0             2             0 
 1             1             0             0             0             1             1             0 
 1             1             0             0             1             1             1             0 
 0             1             0             1             1             0             1             0 
 1             0             0             0             0             0             0             1 
 0             2             0             1             2             0             2             1 
 0             0             1             1             0             2             0             1 
 0             0             0             2             0             0             0             0 
 0             2             1             1             1             3             0             0 
 0             1             1             0             1             1             0             1 
 0             1             0             1             1             2             0             1 
 0             1             0             1             0             0             1             0 
 0             2             0             1             0             1             1             0 
 1             1             0             1             1             4             0             0 
 1             0             3             0             1             1             0             1 
 0             0             0             1             0             0             2             0 
 0             2             2             0             1             1             0             1 
 1             0             2             0             0             0             0             0 
 1             1             0             0             0             0             1             1 
 1             0             0             1             2             0             3             1 
