$SPEC_ID:
bMCA Spectrum
$DATE_MEA:
07-04-2022  10:10:06
$MEAS_TIM:
 231.66        240
$DEVICE_ID:
bMCA 06201013
$ACQ_SETTINGS:
 2             240           1000          4             4095 
$HRDW_PARAMS:
PHA
 800
 3             3276          5 
 7             0             1023 
 80            25            45 
 1             1 
$SPEC_CAL:
-5.490132      2.161477      2.078236E-04
$MCA_CAL:
3
-5.490132      2.161477      2.078236E-04
$ROI:
 267           333           32768         1            137Cs
 553           618           16711935      1            60Co
 46            75            33023         1            57Co
$DATA:
 0             1023 
 10            38            53            122           217           352           589           905 
 1197          1466          1665          1791          1836          1786          1774          1692 
 1871          1971          2154          2308          2488          2552          2580          2443 
 2246          2025          1807          1712          1740          1682          1747          1770 
 1852          1977          2186          2261          2414          2520          2654          2769 
 2787          2796          2803          2966          3047          3468          3857          4357 
 5268          6255          7381          8462          9333          9885          10189         10158 
 9875          9723          9448          9495          9690          9909          10249         10273 
 10029         9671          8807          7621          6233          5243          4586          3720 
 3056          2627          2264          2176          1995          1797          1767          1707 
 1690          1679          1637          1642          1679          1696          1691          1728 
 1773          1805          1844          1844          1690          1822          1861          1905 
 1888          1848          1927          1923          1990          1872          1899          1911 
 1887          1961          1905          1875          1823          1922          1807          1727 
 1859          1805          1769          1724          1723          1630          1756          1622 
 1663          1660          1623          1648          1543          1553          1563          1578 
 1506          1530          1517          1532          1480          1516          1492          1434 
 1481          1451          1473          1387          1469          1360          1450          1331 
 1333          1341          1349          1305          1345          1306          1367          1344 
 1333          1363          1314          1209          1302          1249          1285          1271 
 1173          1224          1271          1256          1175          1168          1207          1204 
 1200          1180          1190          1194          1190          1144          1171          1192 
 1167          1170          1142          1167          1190          1188          1133          1147 
 1115          1133          1165          1119          1148          1139          1145          1150 
 1151          1124          1099          1096          1120          1083          1098          1088 
 1091          1132          1058          994           1014          1018          1030          1057 
 989           994           933           995           887           902           875           881 
 837           883           888           818           802           823           780           790 
 796           817           737           771           796           707           756           758 
 778           728           719           711           748           708           750           689 
 681           710           712           696           674           698           705           716 
 671           644           655           684           732           667           676           709 
 677           759           687           705           758           679           709           732 
 762           730           800           838           830           886           902           958 
 976           985           1082          1145          1222          1314          1421          1571 
 1571          1683          1783          1870          1965          2050          2161          2214 
 2261          2351          2440          2564          2525          2568          2664          2639 
 2654          2664          2591          2553          2572          2505          2457          2379 
 2276          2137          2087          1938          1895          1873          1722          1624 
 1494          1430          1389          1272          1235          1136          1091          1040 
 977           951           963           854           826           849           852           821 
 758           769           751           740           721           718           671           730 
 692           754           668           718           692           692           657           698 
 682           665           702           689           693           697           711           710 
 736           700           729           675           701           693           685           727 
 698           712           755           756           710           732           775           740 
 683           720           727           756           762           800           778           758 
 747           751           761           789           755           818           763           799 
 786           817           787           777           747           772           785           768 
 776           795           796           757           779           761           735           807 
 768           714           767           729           784           761           799           735 
 772           704           719           714           676           689           716           639 
 724           666           611           662           587           635           614           619 
 624           534           630           583           577           555           569           585 
 509           532           537           527           566           507           510           577 
 518           514           519           543           512           524           494           503 
 520           506           496           479           497           498           476           495 
 516           530           473           466           498           505           423           457 
 465           469           489           455           474           459           453           446 
 495           468           488           446           450           494           475           511 
 488           509           515           496           543           596           569           601 
 608           684           685           775           751           824           816           843 
 927           975           977           1047          1075          1058          1147          1202 
 1170          1218          1272          1302          1241          1313          1405          1223 
 1369          1368          1298          1316          1319          1332          1286          1379 
 1252          1152          1103          1113          1147          1084          1068          971 
 920           892           902           822           830           770           722           678 
 684           640           641           537           512           549           524           483 
 522           500           477           466           483           486           485           526 
 458           504           489           532           531           528           575           572 
 646           660           663           687           741           768           792           794 
 877           855           920           910           936           959           964           950 
 1040          1011          1028          989           1005          987           1055          1048 
 995           989           1001          1005          947           894           902           916 
 863           850           794           728           749           699           665           627 
 603           570           540           574           478           469           465           439 
 385           394           343           336           295           291           293           277 
 261           221           239           218           244           188           160           161 
 142           113           141           129           138           135           115           99 
 107           84            93            77            80            75            67            77 
 59            65            58            48            63            49            58            46 
 47            44            42            54            42            29            38            39 
 39            50            35            43            27            35            37            36 
 26            32            34            41            25            29            25            29 
 22            30            27            27            39            28            38            28 
 31            38            30            23            32            26            25            25 
 29            38            26            33            19            28            30            30 
 28            20            26            27            19            34            23            27 
 29            22            28            31            23            25            30            27 
 32            26            16            16            21            24            28            26 
 29            23            35            21            27            29            23            29 
 22            21            28            19            31            29            25            35 
 33            22            24            26            13            21            30            17 
 22            22            24            21            17            28            12            22 
 17            17            19            21            15            26            29            28 
 27            21            22            16            22            21            19            25 
 24            17            17            18            23            20            24            13 
 21            20            22            29            20            23            19            18 
 16            19            15            14            20            21            18            20 
 21            23            28            22            21            23            22            21 
 23            24            13            16            26            16            16            21 
 19            22            19            24            16            14            15            26 
 27            17            19            21            23            20            29            20 
 13            18            8             16            23            18            26            19 
 19            19            19            21            16            15            10            19 
 15            20            16            15            21            23            15            21 
 10            17            15            18            24            22            15            19 
 10            19            22            19            14            16            10            19 
 23            13            19            14            22            13            15            17 
 17            18            24            20            18            21            20            12 
 12            14            19            18            13            13            17            15 
 11            14            14            24            17            17            15            18 
 10            14            11            13            22            11            17            16 
 13            12            16            21            13            17            17            19 
 17            8             14            11            21            28            14            13 
 17            17            14            13            12            18            15            17 
 8             16            24            12            16            21            13            15 
 21            11            14            21            15            15            7             15 
 15            20            12            14            23            14            14            12 
 19            20            15            14            18            21            13            17 
 17            21            14            12            12            26            19            20 
 24            8             15            14            10            13            14            13 
 13            14            10            15            10            7             12            11 
 8             11            11            13            18            19            4             8 
 7             11            10            11            8             8             7             9 
 12            6             8             10            12            7             4             8 
 8             5             9             6             9             6             4             5 
 6             6             8             6             2             6             8             8 
