$SPEC_ID:
bMCA Spectrum
$DATE_MEA:
07-07-2022  09:00:06
$MEAS_TIM:
 232.305       240
$DEVICE_ID:
bMCA 06201013
$ACQ_SETTINGS:
 2             240           1000          4             4095 
$HRDW_PARAMS:
PHA
 800
 3             3276          5 
 7             0             1023 
 80            25            45 
 1             1 
$SPEC_CAL:
-39.25932      2.313255      0
$MCA_CAL:
3
-39.25932      2.313255      0
$ROI:
 273           333           32768         1            137Cs
 562           622           16711935      1            60Co
$DATA:
 0             1023 
 13            27            58            114           173           313           489           697 
 971           1144          1453          1565          1556          1594          1625          1611 
 1655          1795          1832          1947          2278          2251          2323          2164 
 1965          1874          1678          1592          1591          1537          1559          1588 
 1535          1612          1532          1562          1697          1590          1675          1659 
 1718          1702          1696          1707          1783          1730          1710          1758 
 1672          1759          1777          1737          1688          1757          1714          1736 
 1811          1691          1782          1761          1691          1687          1834          1776 
 1774          1829          1714          1741          1714          1742          1720          1748 
 1771          1702          1764          1702          1714          1758          1723          1773 
 1756          1738          1704          1801          1710          1820          1733          1733 
 1806          1867          1810          1781          1940          1994          1954          1961 
 2078          2080          2029          2016          2127          2225          2146          2232 
 2196          2119          2135          2276          2219          2161          2182          2167 
 2130          2056          2037          1927          1983          1980          1966          1962 
 1963          1888          1794          1827          1772          1863          1704          1776 
 1770          1773          1775          1726          1695          1621          1705          1627 
 1577          1679          1603          1599          1617          1593          1479          1603 
 1530          1489          1519          1486          1531          1482          1465          1424 
 1461          1440          1454          1483          1414          1505          1497          1397 
 1403          1408          1392          1380          1382          1361          1285          1339 
 1271          1349          1279          1298          1305          1261          1331          1334 
 1311          1340          1325          1293          1256          1312          1247          1296 
 1261          1313          1267          1297          1257          1253          1304          1256 
 1223          1301          1246          1243          1282          1251          1235          1182 
 1180          1208          1218          1192          1129          1228          1168          1182 
 1110          1136          1107          1184          1070          1122          1052          1056 
 1016          969           927           990           977           920           967           943 
 968           938           938           970           868           947           897           915 
 920           911           902           826           943           887           905           893 
 899           860           926           885           870           852           829           865 
 861           898           889           802           847           874           866           852 
 904           865           862           939           839           844           885           920 
 859           931           975           878           983           981           997           1006 
 1049          1051          1171          1249          1152          1262          1319          1437 
 1437          1473          1611          1654          1813          1864          1985          2041 
 2106          2120          2198          2284          2364          2602          2559          2483 
 2608          2652          2624          2600          2651          2609          2570          2547 
 2487          2444          2484          2220          2211          2143          2072          1996 
 1921          1856          1739          1595          1582          1545          1385          1426 
 1317          1299          1257          1169          1092          1148          987           1084 
 1042          993           905           978           862           916           905           914 
 895           916           918           898           858           863           911           939 
 897           947           876           929           880           976           855           916 
 899           977           919           931           935           916           921           915 
 938           935           957           993           943           879           971           970 
 960           991           989           929           1005          949           954           1027 
 967           992           970           991           999           1074          1050          994 
 1014          1046          1075          1038          1046          1034          1081          1023 
 1036          1009          1088          1022          1015          1011          1073          1051 
 1052          1082          993           1030          1021          1013          1077          1000 
 988           1062          985           982           951           947           946           926 
 896           860           886           871           840           879           905           853 
 810           857           802           781           845           769           776           785 
 772           717           755           760           749           740           693           756 
 718           708           705           716           694           640           681           695 
 713           696           692           692           699           648           635           674 
 618           693           665           604           608           641           627           628 
 690           642           631           625           626           631           598           613 
 610           616           637           596           612           620           564           586 
 590           660           618           624           641           647           658           695 
 723           768           800           782           830           878           903           931 
 984           1042          1115          1171          1153          1260          1320          1330 
 1372          1463          1579          1531          1563          1675          1698          1808 
 1807          1824          1863          1773          1770          1890          1910          1818 
 1840          1825          1843          1705          1706          1780          1561          1614 
 1518          1564          1520          1412          1393          1315          1293          1198 
 1181          1120          994           1027          942           865           850           815 
 771           732           695           673           643           619           601           530 
 572           593           602           603           593           680           663           658 
 656           699           698           754           823           794           879           852 
 905           942           1065          1063          1134          1118          1245          1231 
 1263          1214          1241          1251          1370          1277          1396          1363 
 1473          1375          1479          1406          1388          1374          1439          1423 
 1339          1335          1310          1296          1256          1147          1122          1156 
 1093          1058          1034          938           956           841           796           751 
 709           756           691           638           661           590           546           524 
 469           415           400           408           367           341           319           307 
 285           296           279           243           210           208           196           189 
 205           169           156           154           139           153           145           125 
 129           131           116           121           92            107           82            90 
 86            75            84            78            68            92            56            70 
 67            51            73            64            68            55            62            58 
 62            53            56            55            61            52            62            64 
 42            63            55            55            39            61            65            43 
 61            58            57            41            40            45            47            39 
 52            57            48            42            51            51            46            39 
 44            56            60            39            60            40            51            48 
 53            43            40            40            41            44            39            50 
 52            61            45            49            35            47            48            48 
 30            36            42            37            41            37            45            51 
 32            48            40            46            40            43            53            42 
 40            42            44            35            45            38            30            37 
 47            40            29            38            42            47            44            32 
 32            41            43            36            49            36            37            41 
 40            28            41            33            42            37            39            34 
 39            51            38            48            39            31            39            36 
 38            55            43            34            38            33            34            36 
 33            35            38            41            29            39            41            33 
 33            26            46            38            36            33            35            32 
 43            48            33            37            37            41            18            40 
 46            43            28            38            38            28            40            37 
 27            38            30            31            32            25            31            29 
 33            37            24            36            22            20            36            36 
 28            37            31            34            37            35            31            36 
 33            27            37            27            25            40            33            30 
 30            36            27            36            36            29            30            19 
 31            39            28            30            23            25            27            25 
 32            27            19            28            32            30            23            30 
 24            40            32            37            30            22            34            28 
 24            20            33            34            31            38            25            24 
 24            27            28            31            33            29            35            25 
 29            25            23            34            20            25            28            30 
 35            24            22            30            38            23            35            24 
 30            32            26            22            28            18            20            30 
 24            21            33            28            26            24            31            29 
 33            29            27            23            37            33            35            33 
 30            23            33            28            27            23            27            31 
 18            27            23            27            31            25            30            25 
 29            29            28            27            25            32            34            34 
 27            20            23            27            29            40            32            28 
 27            24            26            21            35            30            23            34 
 27            36            27            22            30            27            24            23 
 18            23            28            21            23            25            24            24 
 24            18            26            18            22            22            27            20 
 12            31            18            17            21            26            17            16 
 22            16            20            19            20            10            13            17 
 8             13            15            13            4             12            15            10 
