$SPEC_ID:
bMCA Spectrum
$DATE_MEA:
07-07-2022  08:35:36
$MEAS_TIM:
 58.075        60
$DEVICE_ID:
bMCA 06201013
$ACQ_SETTINGS:
 2             60            1000          4             4095 
$HRDW_PARAMS:
PHA
 800
 3             3276          5 
 7             0             1023 
 80            25            45 
 1             1 
$SPEC_CAL:
-39.25932      2.313255      0
$MCA_CAL:
3
-39.25932      2.313255      0
$ROI:
 273           333           32768         1            137Cs
 562           622           16711935      1            60Co
$DATA:
 0             1023 
 5             7             17            35            39            85            120           169 
 256           327           339           375           408           440           395           398 
 347           435           459           496           536           560           554           544 
 498           454           435           411           336           400           398           397 
 373           415           400           394           417           426           407           417 
 407           410           413           426           451           434           443           460 
 436           415           400           437           423           443           445           450 
 474           434           449           432           439           423           433           461 
 425           401           453           428           421           420           434           476 
 431           431           439           428           488           424           458           414 
 444           432           432           399           441           449           419           455 
 447           495           482           489           481           467           485           493 
 481           539           512           489           521           508           524           503 
 549           560           554           528           524           537           530           539 
 513           523           494           493           513           496           468           477 
 448           502           518           450           462           495           445           430 
 444           441           463           419           427           396           407           417 
 424           400           442           374           395           392           380           354 
 384           387           357           381           390           385           371           344 
 351           347           347           368           365           342           392           345 
 359           325           328           344           353           337           354           306 
 296           333           303           336           333           338           327           359 
 316           319           327           294           312           319           315           315 
 365           314           322           327           312           291           311           321 
 277           321           333           312           313           344           318           295 
 284           310           352           289           309           266           308           309 
 282           294           250           287           270           282           270           258 
 253           280           240           250           253           272           248           222 
 195           225           227           233           234           220           236           214 
 247           221           234           236           247           215           207           209 
 228           204           212           243           236           226           208           222 
 208           201           239           218           223           217           205           226 
 216           213           173           199           197           210           229           218 
 222           224           231           220           220           236           233           247 
 254           230           293           288           280           327           285           326 
 344           361           393           388           424           446           462           454 
 504           526           543           547           562           598           647           636 
 645           628           648           667           627           680           638           648 
 633           638           589           602           597           542           537           503 
 468           472           486           413           397           378           387           363 
 346           351           341           309           294           256           290           296 
 275           267           260           268           232           228           260           217 
 203           232           226           228           236           222           220           241 
 216           213           243           210           221           210           254           213 
 227           212           210           222           217           212           219           209 
 217           260           228           264           244           245           246           231 
 238           219           270           237           234           240           264           240 
 209           260           253           249           238           233           250           231 
 228           251           254           273           232           240           228           268 
 258           243           266           286           251           245           256           262 
 281           256           250           242           263           266           247           257 
 270           259           240           259           258           229           254           226 
 218           225           238           223           191           237           190           178 
 189           200           222           223           166           206           213           172 
 199           151           191           195           185           185           186           168 
 187           172           180           177           185           166           165           183 
 176           173           169           186           173           146           163           164 
 147           172           162           141           177           162           157           161 
 161           142           143           152           161           144           156           147 
 165           146           157           159           160           158           135           163 
 144           150           132           146           174           150           159           150 
 166           174           173           205           165           210           204           212 
 235           216           266           258           290           270           312           293 
 334           314           374           368           414           400           387           410 
 413           421           408           468           441           458           451           456 
 472           501           451           464           477           491           440           437 
 438           385           430           382           367           371           317           335 
 323           299           285           219           288           259           238           222 
 210           198           203           183           173           162           168           145 
 171           157           165           152           171           154           143           182 
 164           167           168           171           199           189           192           199 
 213           209           210           232           245           239           277           298 
 295           293           291           280           312           338           358           321 
 343           353           341           365           336           333           394           347 
 332           363           361           322           344           306           302           324 
 320           296           297           265           270           257           229           201 
 233           201           191           173           178           160           149           137 
 124           128           134           118           114           101           91            100 
 78            81            71            68            67            66            56            56 
 49            56            55            49            43            49            36            40 
 24            41            33            25            28            21            23            15 
 31            23            13            11            25            28            20            16 
 18            15            12            20            21            23            20            13 
 21            9             12            16            17            17            12            13 
 9             18            15            12            17            14            7             8 
 19            12            14            12            12            21            14            16 
 11            12            10            10            12            9             16            11 
 6             12            14            11            15            11            15            7 
 14            7             15            20            10            13            8             8 
 9             8             8             8             6             12            12            12 
 9             12            7             9             8             9             13            8 
 11            9             10            12            16            12            13            12 
 9             8             8             10            8             11            8             5 
 12            7             12            10            7             11            12            10 
 10            10            14            8             10            8             6             15 
 13            17            10            6             10            9             8             8 
 7             10            10            10            12            4             11            11 
 6             9             9             7             8             5             6             9 
 11            7             5             11            12            9             8             3 
 6             5             5             4             10            8             7             8 
 13            10            13            14            9             5             10            7 
 11            14            8             10            8             6             9             7 
 6             10            8             8             8             12            4             3 
 6             9             8             9             13            6             13            12 
 7             9             12            10            10            9             12            10 
 9             10            6             8             9             7             11            5 
 5             10            2             10            6             10            5             9 
 6             7             1             5             11            6             7             11 
 9             9             9             4             11            8             5             6 
 11            11            7             7             7             3             1             4 
 10            7             6             5             5             10            6             6 
 9             7             9             6             3             6             3             6 
 7             2             10            5             13            6             8             6 
 7             6             4             6             9             7             5             9 
 4             6             10            4             8             3             7             5 
 6             8             9             2             1             10            4             9 
 5             7             5             8             11            10            6             8 
 10            6             8             5             8             6             8             5 
 9             7             6             3             5             6             5             12 
 8             6             3             6             8             9             6             9 
 5             10            9             8             5             19            7             14 
 10            4             7             6             10            10            5             9 
 8             10            14            5             6             10            11            6 
 2             7             6             7             3             7             3             3 
 11            4             4             9             6             6             10            7 
 3             3             2             3             5             4             8             2 
 2             4             5             7             3             9             6             1 
 4             5             3             2             2             3             1             4 
