$SPEC_ID:
bMCA Spectrum
$DATE_MEA:
07-04-2022  10:27:27
$MEAS_TIM:
 58.255        60
$DEVICE_ID:
bMCA 06201013
$ACQ_SETTINGS:
 2             60            1000          4             4095 
$HRDW_PARAMS:
PHA
 800
 3             3276          5 
 7             0             1023 
 80            25            45 
 1             1 
$SPEC_CAL:
-5.490132      2.161477      2.078236E-04
$MCA_CAL:
3
-5.490132      2.161477      2.078236E-04
$ROI:
 267           332           32768         1            137Cs
 553           618           16711935      1            60Co
$DATA:
 0             1023 
 2             5             15            36            70            88            119           193 
 273           345           407           412           448           477           426           419 
 446           495           506           540           615           629           600           622 
 520           496           411           378           368           370           351           379 
 390           454           401           381           422           463           414           397 
 428           429           450           435           442           409           452           417 
 375           429           460           450           435           425           411           467 
 361           442           433           371           400           433           405           440 
 442           410           444           417           432           423           404           446 
 416           429           393           444           432           423           426           428 
 447           408           445           416           429           505           470           464 
 520           445           465           491           483           528           526           527 
 507           559           517           496           493           511           536           506 
 464           440           509           481           498           458           459           502 
 483           505           485           424           444           432           442           473 
 412           425           430           415           401           446           457           439 
 410           415           347           380           390           400           398           373 
 373           380           389           418           353           372           355           365 
 393           376           342           357           351           352           396           361 
 349           332           368           381           333           328           375           310 
 330           331           307           350           322           332           325           368 
 282           320           319           321           291           305           327           342 
 345           313           297           314           311           293           315           341 
 335           299           281           281           289           304           345           278 
 286           279           322           317           306           325           308           307 
 289           272           286           317           313           277           272           267 
 242           263           256           269           255           261           227           208 
 253           220           235           248           203           215           229           219 
 185           206           199           209           184           186           195           172 
 192           205           205           174           174           196           203           160 
 185           186           176           180           193           181           195           195 
 207           180           201           169           210           175           188           193 
 176           199           185           175           215           180           192           211 
 194           216           207           216           217           225           241           264 
 269           244           333           307           314           354           390           389 
 440           457           492           530           558           582           557           608 
 660           628           705           693           703           761           765           718 
 714           737           731           745           744           715           693           663 
 618           646           586           512           521           520           468           467 
 447           407           360           360           328           319           311           279 
 272           248           232           239           208           254           226           214 
 192           215           200           234           198           197           197           190 
 187           189           195           157           190           183           186           194 
 204           170           174           163           206           173           211           210 
 179           208           191           188           185           191           182           213 
 175           183           192           207           229           182           206           208 
 200           213           217           223           184           178           204           191 
 204           222           223           201           210           182           207           203 
 185           216           230           226           222           221           226           193 
 229           173           196           206           211           219           235           223 
 210           172           201           221           182           225           219           216 
 207           209           178           192           185           175           212           209 
 175           172           191           171           188           149           161           146 
 149           161           143           166           168           178           141           128 
 158           142           143           152           145           165           119           155 
 148           133           151           148           145           144           134           139 
 157           147           126           133           135           151           128           109 
 110           149           130           149           113           125           127           141 
 145           136           145           119           115           125           116           102 
 111           121           116           130           128           119           119           121 
 124           169           131           149           147           147           168           169 
 162           199           191           209           222           210           227           270 
 222           247           264           301           295           265           300           334 
 320           310           356           340           362           377           372           365 
 381           388           400           384           357           349           356           376 
 368           299           336           295           305           267           252           265 
 244           220           235           222           217           206           205           177 
 196           159           169           141           129           129           118           140 
 128           128           130           142           122           114           129           137 
 132           132           135           156           142           144           169           159 
 157           176           181           200           209           190           247           221 
 229           239           248           269           265           242           267           254 
 293           271           258           245           273           270           335           271 
 268           255           287           264           248           226           241           246 
 252           242           237           197           202           202           174           178 
 163           162           157           121           134           124           118           103 
 115           112           110           94            62            69            74            68 
 69            61            52            57            44            48            50            49 
 44            32            46            37            28            37            32            28 
 24            33            26            28            18            14            17            18 
 27            19            21            16            26            15            21            13 
 9             8             15            13            9             6             8             9 
 8             13            5             12            15            13            8             9 
 10            6             13            9             9             5             13            11 
 6             5             8             7             8             14            8             5 
 5             7             8             7             4             10            3             12 
 8             8             8             6             7             9             7             18 
 9             3             16            4             6             7             7             9 
 11            8             6             14            7             4             10            15 
 8             6             4             6             3             10            8             10 
 7             5             9             5             7             7             8             5 
 5             6             6             4             4             9             5             9 
 9             9             7             4             4             6             6             11 
 7             4             9             6             10            5             5             6 
 9             9             11            7             8             5             7             3 
 2             2             7             4             5             12            9             5 
 5             3             7             4             6             6             7             8 
 2             5             5             8             9             10            8             4 
 4             5             8             8             6             5             1             4 
 4             3             6             4             4             2             7             3 
 4             5             4             5             2             6             7             6 
 8             7             4             5             8             2             3             3 
 4             5             8             4             6             4             6             6 
 4             10            8             3             4             3             12            4 
 4             4             3             4             4             2             7             1 
 1             9             8             2             3             6             3             4 
 3             4             1             3             3             9             3             9 
 3             1             5             5             7             5             5             3 
 5             3             5             4             3             7             3             6 
 4             3             7             5             3             4             3             8 
 1             6             2             3             3             3             1             2 
 3             3             7             7             2             3             2             5 
 2             3             3             5             6             6             3             5 
 3             5             5             4             3             1             2             5 
 6             5             6             4             4             7             2             1 
 9             8             6             7             2             5             2             2 
 8             5             5             5             4             3             5             3 
 10            3             4             2             7             2             9             3 
 1             1             2             6             4             1             6             4 
 9             5             5             1             6             4             4             2 
 5             4             5             2             6             6             4             3 
 3             5             1             3             4             3             2             6 
 4             2             7             2             1             3             2             4 
 2             4             5             2             4             3             3             1 
 4             3             3             5             5             5             1             4 
 2             2             5             3             5             1             1             2 
 1             3             5             3             0             2             3             3 
 2             2             3             1             0             3             0             2 
