$SPEC_ID:
bMCA Spectrum
$DATE_MEA:
07-04-2022  09:28:01
$MEAS_TIM:
 57.915        60
$DEVICE_ID:
bMCA 06201013
$ACQ_SETTINGS:
 2             60            1000          4             4095 
$HRDW_PARAMS:
PHA
 800
 3             3276          5 
 7             0             1023 
 80            25            45 
 1             1 
$SPEC_CAL:
-5.490132      2.161477      2.078236E-04
$MCA_CAL:
3
-5.490132      2.161477      2.078236E-04
$ROI:
 267           333           32768         1            137Cs
 553           618           16711935      1            60Co
 46            75            33023         1            57Co
$DATA:
 0             1023 
 4             12            29            36            59            104           154           216 
 301           369           421           448           487           474           469           444 
 467           507           592           581           637           659           631           610 
 578           506           469           435           411           431           429           435 
 450           498           518           591           604           662           657           661 
 693           651           713           772           772           850           969           1037 
 1226          1524          1762          2086          2314          2423          2472          2527 
 2424          2407          2420          2318          2341          2492          2583          2597 
 2485          2314          2112          1919          1676          1342          1046          887 
 811           668           547           500           428           454           398           423 
 438           402           435           400           429           418           408           440 
 430           479           436           434           439           465           466           419 
 490           499           506           468           538           485           501           461 
 449           456           467           469           463           472           450           475 
 472           440           471           449           452           405           426           376 
 430           425           419           380           394           401           409           383 
 377           387           346           371           392           373           392           369 
 334           381           344           393           365           349           342           337 
 383           316           375           313           351           333           342           296 
 340           335           319           320           344           312           315           335 
 318           303           305           302           331           281           286           310 
 262           308           282           309           257           284           304           275 
 290           306           287           263           279           280           279           300 
 253           280           302           284           303           264           269           313 
 284           264           291           282           268           281           291           252 
 270           292           255           254           277           268           235           257 
 227           252           243           221           238           251           205           218 
 214           226           185           230           207           199           171           200 
 193           177           206           205           172           174           166           179 
 194           193           157           164           183           187           192           158 
 156           185           169           177           192           147           179           160 
 177           163           181           157           187           216           197           195 
 178           177           183           163           180           149           174           180 
 183           203           198           200           205           225           239           225 
 234           239           298           302           289           317           354           348 
 341           389           419           443           506           511           536           510 
 563           591           607           632           626           650           660           597 
 678           644           670           650           667           604           661           606 
 624           562           512           502           453           468           425           425 
 387           318           355           366           328           275           278           244 
 252           237           248           245           224           219           211           209 
 185           168           164           157           155           178           183           149 
 162           164           155           167           168           185           164           180 
 167           201           162           180           176           152           158           189 
 146           174           176           191           182           144           168           161 
 178           187           206           203           194           182           188           162 
 220           205           177           177           170           188           189           207 
 218           195           171           188           187           195           197           219 
 201           199           223           217           198           199           183           178 
 183           201           206           198           178           190           193           201 
 186           190           192           170           196           200           172           184 
 192           196           159           166           159           161           182           176 
 187           142           150           157           145           148           159           162 
 135           160           144           137           150           169           149           142 
 143           129           140           137           126           131           126           147 
 135           109           148           148           130           143           124           124 
 131           132           123           131           115           127           121           109 
 111           133           123           101           128           128           122           128 
 134           107           109           108           107           130           120           103 
 119           123           96            133           134           103           117           117 
 118           145           120           144           150           130           145           138 
 138           139           156           173           201           215           224           222 
 215           217           241           259           264           262           269           281 
 303           277           316           306           321           345           322           314 
 340           343           352           330           355           353           313           335 
 332           330           281           273           293           273           271           277 
 254           226           214           242           213           195           192           155 
 174           155           137           145           138           134           136           145 
 118           127           136           136           125           123           101           102 
 115           126           124           157           127           127           150           142 
 149           136           145           167           184           187           179           183 
 211           204           224           256           206           231           229           240 
 234           250           228           273           271           240           281           275 
 273           233           263           247           249           245           245           234 
 187           224           223           213           184           182           176           219 
 174           139           144           149           134           129           120           111 
 120           82            106           85            96            73            64            56 
 66            67            66            56            50            49            52            44 
 50            34            28            35            31            30            31            22 
 25            17            25            16            15            16            26            19 
 10            13            15            15            20            4             15            12 
 9             13            17            7             14            10            8             10 
 13            11            10            5             8             9             8             8 
 6             11            2             10            12            4             4             5 
 10            7             9             6             9             9             5             10 
 6             10            12            7             10            8             4             7 
 8             4             8             6             4             10            7             4 
 8             5             1             14            6             6             9             6 
 5             7             9             11            7             2             5             12 
 7             9             3             7             4             7             2             6 
 2             6             5             6             4             4             8             8 
 4             5             6             7             5             3             2             3 
 11            11            5             3             8             5             8             7 
 7             2             3             7             5             9             8             5 
 3             6             6             6             4             7             7             5 
 3             6             4             6             2             6             3             7 
 4             4             5             2             3             6             6             8 
 3             1             11            8             3             7             8             4 
 2             3             3             7             3             7             3             8 
 4             3             5             6             6             9             3             8 
 3             1             3             5             7             2             5             3 
 6             3             2             3             6             3             4             2 
 1             7             2             5             6             6             8             5 
 1             3             6             4             6             3             5             2 
 4             1             5             6             3             2             3             5 
 1             5             0             3             6             4             3             3 
 4             6             5             6             7             5             7             3 
 2             2             4             6             4             5             7             4 
 2             4             2             5             2             3             4             3 
 2             9             1             6             5             4             4             6 
 5             6             1             3             2             3             4             4 
 6             2             2             7             1             5             5             3 
 7             3             2             4             2             7             3             5 
 3             4             6             3             7             4             3             1 
 3             2             7             6             3             3             6             4 
 3             0             3             2             5             2             1             4 
 7             1             4             5             4             3             3             5 
 3             4             6             1             2             5             6             4 
 5             5             7             3             3             2             2             8 
 2             4             3             4             10            5             2             2 
 3             7             5             6             4             4             3             4 
 4             4             4             1             0             0             5             5 
 2             4             1             4             4             0             5             1 
 3             2             6             1             2             2             4             3 
 3             3             1             4             5             2             2             1 
 1             4             1             4             2             3             3             1 
 1             2             2             2             2             1             3             1 
 5             4             1             1             1             2             2             0 
