$SPEC_ID:
bMCA Spectrum
$DATE_MEA:
07-07-2022  09:45:14
$MEAS_TIM:
 118.04        120
$DEVICE_ID:
bMCA 06201013
$ACQ_SETTINGS:
 2             120           1000          4             4095 
$HRDW_PARAMS:
PHA
 800
 3             3276          5 
 7             0             1023 
 80            25            45 
 1             1 
$SPEC_CAL:
-39.25932      2.313255      0
$MCA_CAL:
3
-39.25932      2.313255      0
$ROI:
 267           333           32768         1            137Cs
 46            75            33023         1            57Co
$DATA:
 0             1023 
 2             9             15            31            75            100           193           309 
 434           605           709           724           698           606           624           616 
 550           689           698           814           931           937           961           856 
 792           682           545           458           454           458           479           484 
 550           628           629           688           764           808           841           882 
 922           887           956           1023          1058          1211          1329          1624 
 1987          2486          2930          3590          4022          4335          4643          4642 
 4604          4446          4223          4135          4213          4322          4494          4596 
 4787          4543          4291          3651          3213          2633          2076          1675 
 1335          1004          901           708           599           580           499           516 
 444           443           422           393           415           400           424           451 
 428           412           435           438           429           474           423           440 
 445           446           431           412           442           407           452           404 
 389           434           427           369           367           382           383           376 
 348           360           342           350           328           328           343           312 
 334           307           321           318           329           319           309           292 
 323           297           289           318           299           291           295           305 
 288           269           284           260           251           269           235           248 
 272           256           255           264           235           264           262           251 
 231           254           259           243           210           251           261           236 
 259           215           212           270           264           220           215           253 
 204           213           241           237           249           243           243           227 
 268           264           218           239           235           217           232           237 
 224           219           227           236           248           244           223           239 
 202           235           255           257           221           198           251           238 
 210           240           219           212           186           201           196           167 
 191           176           149           186           164           160           135           162 
 134           139           125           96            128           116           95            89 
 95            82            77            65            76            72            61            71 
 75            61            59            45            66            65            51            48 
 42            58            52            45            51            34            42            46 
 54            45            47            37            53            48            47            57 
 34            32            43            49            45            45            50            50 
 50            68            69            64            85            81            99            116 
 120           149           140           161           215           242           264           279 
 320           372           402           405           416           523           589           617 
 671           682           744           831           835           832           920           945 
 911           947           1005          982           921           971           982           954 
 915           870           836           854           736           728           654           667 
 615           563           541           445           475           375           375           342 
 289           273           208           206           170           168           132           110 
 89            91            93            74            54            48            43            48 
 37            36            28            29            27            17            20            12 
 13            14            14            17            9             15            7             9 
 14            8             6             11            7             12            8             10 
 8             12            7             13            6             5             14            12 
 7             9             8             13            13            8             8             5 
 7             7             7             9             6             7             5             10 
 8             6             7             10            8             8             4             7 
 12            10            10            12            9             4             4             8 
 5             8             11            10            11            8             4             7 
 6             6             7             4             9             6             8             8 
 3             8             11            10            11            4             6             5 
 7             12            11            14            4             6             4             6 
 8             7             4             9             6             6             8             4 
 5             9             7             6             7             4             10            10 
 6             4             4             6             4             5             5             7 
 6             2             6             11            8             5             7             12 
 6             2             3             5             6             4             6             4 
 7             3             5             8             6             6             5             5 
 5             3             6             5             1             9             7             6 
 8             4             8             0             1             6             6             3 
 3             3             6             8             4             6             11            6 
 8             1             7             2             8             7             3             5 
 1             3             8             9             6             10            6             5 
 8             5             5             7             10            3             6             8 
 4             4             5             5             7             7             7             7 
 4             11            5             3             5             3             8             6 
 1             3             4             5             3             1             7             6 
 4             6             4             4             2             1             4             5 
 1             0             1             2             1             1             5             4 
 1             4             1             6             8             5             5             4 
 4             2             8             4             3             6             1             8 
 1             2             2             2             3             4             3             2 
 3             2             1             7             6             2             9             6 
 4             0             3             2             4             2             4             4 
 5             4             6             4             5             3             7             5 
 4             2             2             5             3             2             3             2 
 3             5             5             1             8             4             6             5 
 2             6             6             5             4             5             6             4 
 2             5             6             2             6             4             5             8 
 4             4             2             2             2             1             4             2 
 2             2             3             4             3             2             10            5 
 4             4             3             0             4             2             3             1 
 1             1             3             1             3             3             3             4 
 3             2             3             0             1             1             0             0 
 2             1             1             1             3             1             2             2 
 0             0             1             1             1             1             2             3 
 0             0             2             0             0             2             2             1 
 0             0             2             1             1             1             0             0 
 1             1             1             1             3             0             0             1 
 0             1             1             0             1             0             1             1 
 0             1             0             1             3             0             1             0 
 2             0             0             1             0             0             0             0 
 1             0             3             1             1             2             3             0 
 2             0             2             1             1             0             3             1 
 1             0             0             0             0             1             0             1 
 0             1             1             0             0             1             1             2 
 2             0             0             1             0             0             1             1 
 1             1             0             0             1             1             2             0 
 2             1             0             2             0             0             0             0 
 1             1             3             0             1             0             0             0 
 0             0             1             1             2             0             1             0 
 0             0             0             1             0             2             1             0 
 1             1             2             1             1             0             0             0 
 0             1             1             0             1             0             1             0 
 1             0             0             0             1             0             0             1 
 2             0             0             0             0             0             1             0 
 2             0             0             0             1             0             0             0 
 0             2             1             0             1             0             0             1 
 0             0             1             0             0             0             0             1 
 0             0             1             0             0             0             0             0 
 0             1             0             0             0             0             1             0 
 0             0             1             0             0             0             1             0 
 2             2             0             2             0             0             0             0 
 0             1             2             1             0             1             0             0 
 0             0             0             1             0             1             0             0 
 1             0             0             0             0             1             0             0 
 1             0             0             2             0             0             1             0 
 0             0             0             0             0             1             3             1 
 0             0             0             1             0             2             2             0 
 0             0             0             2             1             0             0             0 
 0             0             0             0             0             0             1             0 
 2             0             0             1             0             1             0             0 
 0             0             1             0             0             0             1             0 
 0             1             0             1             0             0             1             0 
 1             1             0             0             0             0             0             0 
 0             0             0             0             1             0             0             0 
