$SPEC_ID:
bMCA Spectrum
$DATE_MEA:
07-05-2022  09:15:59
$MEAS_TIM:
 236.3         240
$DEVICE_ID:
bMCA 06201013
$ACQ_SETTINGS:
 2             240           1000          4             4095 
$HRDW_PARAMS:
PHA
 800
 3             3276          5 
 7             0             1023 
 80            25            45 
 1             1 
$SPEC_CAL:
-2.996172      2.07587       2.903056E-04
$MCA_CAL:
3
-2.996172      2.07587       2.903056E-04
$ROI:
 270           340           32768         1            137Cs
 46            75            33023         1            57Co
$DATA:
 0             1023 
 11            11            38            76            121           216           400           610 
 930           1214          1441          1471          1491          1451          1358          1253 
 1321          1306          1555          1641          1835          1959          1951          1785 
 1556          1280          1076          1013          975           938           957           992 
 968           1092          1109          1266          1344          1471          1531          1596 
 1694          1667          1722          1743          1937          2057          2322          2771 
 3209          4024          4683          5513          6276          6889          7040          7231 
 7153          6880          6886          6592          6854          7069          6994          7307 
 7295          6940          6458          5725          4924          4070          3276          2736 
 2241          1764          1486          1371          1234          1042          1019          983 
 904           901           976           924           907           936           952           892 
 964           941           957           1018          1004          1063          964           990 
 991           1014          1062          944           967           896           957           916 
 872           912           903           834           782           814           822           879 
 797           785           795           724           746           813           723           733 
 724           723           719           689           643           676           662           648 
 662           639           636           645           638           641           613           598 
 604           578           623           591           606           592           570           547 
 582           546           621           582           567           556           573           535 
 551           575           579           557           500           539           548           556 
 538           538           513           549           537           527           512           514 
 536           510           442           531           530           490           499           511 
 493           524           552           529           524           511           505           491 
 493           548           514           500           496           521           493           510 
 535           489           520           556           537           491           523           504 
 507           496           518           486           486           433           518           466 
 437           358           391           388           378           366           315           306 
 307           299           274           270           226           225           233           212 
 201           185           186           192           157           180           162           127 
 127           139           125           131           118           120           118           128 
 93            99            82            99            95            108           97            94 
 97            84            108           88            87            93            87            72 
 100           92            104           103           90            122           102           107 
 107           131           141           165           146           162           216           241 
 299           297           337           367           422           489           587           681 
 737           841           936           1020          1116          1178          1272          1496 
 1494          1618          1706          1839          1985          2068          2053          2129 
 2252          2284          2228          2221          2255          2273          2307          2191 
 2160          2080          2035          1990          1830          1747          1562          1505 
 1372          1312          1237          1107          1009          939           820           704 
 652           573           532           479           382           352           280           282 
 206           221           199           158           112           103           115           102 
 84            63            64            65            45            39            39            33 
 35            37            22            28            26            19            16            24 
 26            28            23            19            18            20            24            21 
 13            22            18            16            20            19            28            24 
 21            27            21            13            22            19            21            19 
 15            30            17            19            16            22            27            18 
 19            17            18            17            14            20            11            17 
 24            20            14            14            21            15            20            16 
 16            20            22            15            21            20            14            21 
 22            20            19            19            19            15            18            15 
 13            19            14            20            19            16            16            21 
 15            21            17            16            11            16            18            11 
 16            17            23            13            15            17            13            12 
 12            13            16            12            13            8             12            10 
 16            17            12            7             12            10            11            16 
 10            9             13            18            10            10            15            7 
 15            20            9             13            13            13            13            12 
 12            6             8             8             12            12            12            11 
 14            7             10            6             11            14            7             11 
 11            18            5             15            17            8             7             10 
 10            16            13            9             14            12            14            20 
 16            18            9             18            15            14            11            12 
 12            17            11            16            19            20            11            20 
 13            15            9             9             19            9             22            25 
 14            20            16            16            15            19            9             16 
 16            9             13            13            11            10            11            9 
 16            10            7             8             12            11            8             16 
 11            8             10            7             13            6             8             10 
 8             7             10            12            5             7             10            5 
 14            10            9             12            6             3             6             7 
 9             4             10            14            3             12            11            9 
 7             12            9             9             13            15            12            9 
 8             7             11            8             10            8             9             11 
 11            9             9             7             11            10            6             6 
 8             6             6             11            6             9             9             5 
 4             4             4             8             5             9             13            4 
 8             6             5             7             9             5             9             5 
 5             8             12            4             9             5             10            9 
 11            8             11            9             12            10            10            9 
 7             6             8             9             6             6             11            1 
 6             8             8             4             13            17            7             8 
 4             4             7             4             7             10            6             3 
 4             6             8             8             4             2             5             4 
 3             6             7             4             3             3             2             2 
 3             4             3             2             4             4             4             1 
 4             2             3             5             2             0             1             0 
 2             4             0             3             1             2             1             5 
 1             2             2             1             0             2             1             3 
 1             0             1             0             0             1             3             1 
 2             1             0             1             2             2             1             0 
 2             1             1             0             2             1             3             1 
 0             3             3             0             5             3             1             0 
 1             1             1             3             4             0             2             2 
 2             1             1             3             0             2             1             0 
 4             1             2             1             1             2             2             2 
 2             1             0             4             2             2             0             2 
 2             1             1             2             2             1             1             0 
 0             3             1             1             0             1             3             1 
 2             2             2             2             0             0             1             3 
 3             1             0             2             6             0             3             2 
 1             1             0             1             0             0             1             0 
 0             0             2             0             1             1             1             1 
 0             1             0             1             0             0             0             0 
 2             0             0             3             0             2             0             0 
 2             2             1             1             2             0             0             4 
 0             1             0             4             0             0             1             0 
 0             1             2             1             0             0             2             2 
 0             0             0             0             0             1             0             0 
 0             0             0             1             0             1             1             0 
 2             1             1             0             2             1             1             0 
 1             1             1             0             0             0             1             1 
 0             1             0             0             1             1             0             0 
 0             2             1             1             1             1             2             0 
 1             2             1             2             0             0             0             1 
 1             2             1             0             0             0             0             1 
 1             1             4             0             2             1             0             1 
 0             3             2             1             0             1             0             0 
 2             2             2             0             3             0             0             2 
 3             2             0             1             0             2             0             0 
 0             1             1             1             0             0             1             2 
 0             2             1             0             0             1             0             1 
 1             1             1             0             2             0             2             3 
 1             1             2             1             0             0             0             0 
 1             1             0             0             0             2             1             0 
 2             3             1             2             0             0             0             0 
 1             0             1             0             0             3             0             1 
