$SPEC_ID:
bMCA Spectrum
$DATE_MEA:
07-04-2022  09:35:27
$MEAS_TIM:
 115.815       120
$DEVICE_ID:
bMCA 06201013
$ACQ_SETTINGS:
 2             120           1000          4             4095 
$HRDW_PARAMS:
PHA
 800
 3             3276          5 
 7             0             1023 
 80            25            45 
 1             1 
$SPEC_CAL:
-5.490132      2.161477      2.078236E-04
$MCA_CAL:
3
-5.490132      2.161477      2.078236E-04
$ROI:
 267           333           32768         1            137Cs
 553           618           16711935      1            60Co
 46            75            33023         1            57Co
$DATA:
 0             1023 
 8             20            37            54            113           193           300           451 
 609           770           889           900           934           864           943           956 
 894           977           1119          1170          1211          1298          1338          1235 
 1131          1027          907           907           805           860           892           905 
 979           994           1083          1135          1210          1284          1254          1321 
 1383          1366          1429          1463          1537          1633          1838          2152 
 2591          3154          3656          4164          4481          4923          5145          5094 
 4921          4775          4826          4730          4887          5089          5088          5108 
 5227          4828          4436          3820          3262          2709          2269          1751 
 1499          1311          1181          1053          935           930           879           833 
 840           828           884           843           841           900           901           814 
 874           889           882           886           916           907           964           961 
 948           989           965           967           999           984           913           883 
 913           960           938           932           967           943           913           904 
 895           897           846           848           850           888           900           840 
 890           845           830           800           814           754           767           794 
 791           814           762           737           761           763           712           737 
 730           726           698           689           701           705           643           705 
 722           670           631           661           711           660           660           652 
 602           649           646           627           630           670           647           602 
 639           602           602           613           582           599           599           567 
 577           620           609           556           605           554           580           545 
 576           636           559           566           577           609           550           573 
 571           568           581           593           603           578           581           596 
 578           588           575           530           539           581           588           557 
 554           489           515           532           529           515           532           494 
 491           484           449           501           451           473           451           452 
 461           448           422           432           407           403           415           404 
 401           412           377           344           373           372           386           397 
 378           397           353           374           335           313           351           374 
 348           373           342           372           359           338           393           338 
 326           340           380           364           356           347           363           361 
 324           357           380           352           333           385           346           376 
 361           373           378           410           425           438           414           421 
 490           519           580           568           564           642           658           726 
 782           809           795           944           1013          987           1090          1155 
 1121          1221          1278          1220          1231          1321          1317          1344 
 1399          1274          1290          1324          1247          1213          1242          1189 
 1141          1150          1055          1003          1041          925           890           868 
 782           790           729           678           613           606           540           570 
 558           499           463           470           407           412           394           386 
 374           365           380           373           377           387           368           357 
 357           378           363           345           351           338           350           368 
 310           328           331           349           317           340           349           334 
 404           344           359           345           312           424           367           332 
 341           346           362           361           355           404           413           381 
 373           339           364           403           356           375           361           407 
 428           384           392           364           368           360           383           397 
 359           374           373           381           385           362           363           425 
 387           362           406           374           373           375           424           422 
 370           375           377           347           396           360           374           373 
 370           367           362           358           364           339           364           341 
 337           296           348           329           304           304           314           314 
 300           294           311           305           300           287           262           280 
 313           270           275           276           293           274           267           254 
 268           251           237           228           241           266           241           279 
 230           253           262           227           241           234           254           249 
 259           258           242           212           229           225           247           223 
 213           245           211           221           231           233           248           237 
 227           259           224           263           251           227           249           221 
 255           233           245           251           260           310           251           268 
 321           302           343           323           372           368           368           402 
 462           447           457           524           522           519           577           587 
 601           653           640           612           636           652           646           676 
 668           687           689           699           643           679           674           635 
 629           626           632           624           579           539           490           542 
 474           468           431           428           380           381           377           326 
 338           336           350           278           300           270           244           240 
 243           258           231           217           250           242           222           259 
 218           234           258           229           247           250           278           299 
 277           315           301           345           337           341           368           390 
 425           386           439           452           459           468           458           495 
 445           510           547           503           517           497           542           513 
 487           552           527           489           465           442           458           456 
 484           428           392           374           345           393           307           335 
 334           313           290           273           287           239           251           226 
 218           183           182           160           150           158           132           154 
 129           126           131           109           96            88            79            95 
 85            73            80            71            61            58            48            47 
 43            66            34            48            46            31            22            39 
 38            32            23            27            31            28            32            32 
 36            22            31            23            24            23            22            14 
 20            22            16            13            16            18            19            22 
 21            7             18            18            22            15            14            17 
 18            23            23            17            17            14            17            12 
 15            15            15            19            13            13            10            12 
 11            22            23            12            14            18            16            30 
 19            18            22            7             11            16            15            8 
 11            20            9             13            15            18            17            16 
 15            10            14            14            12            12            11            10 
 9             12            7             18            9             14            7             12 
 20            16            11            10            15            13            13            10 
 8             6             11            8             15            14            10            7 
 8             7             12            10            6             5             27            11 
 10            16            12            7             12            11            11            7 
 11            14            12            10            11            12            9             7 
 7             15            8             13            11            15            10            10 
 12            5             10            11            10            11            13            11 
 13            11            8             8             10            14            7             11 
 11            14            12            8             9             11            5             8 
 10            6             13            7             8             8             13            14 
 16            13            9             9             6             9             10            10 
 13            10            11            8             13            10            11            9 
 7             17            10            10            4             8             5             8 
 9             6             7             11            7             14            4             10 
 14            14            9             11            3             11            10            13 
 13            8             5             5             18            5             6             10 
 5             6             9             2             4             9             11            6 
 13            10            10            6             5             7             6             8 
 9             10            7             6             9             4             10            4 
 6             10            12            11            6             5             9             12 
 9             9             6             9             4             11            8             7 
 9             9             10            11            5             7             13            9 
 4             4             11            9             8             12            4             9 
 10            10            12            13            9             4             12            3 
 3             10            6             4             8             6             9             8 
 9             10            5             5             6             5             11            12 
 6             8             4             6             9             6             8             10 
 9             7             7             10            10            4             9             4 
 5             9             10            6             11            9             8             9 
 5             9             4             9             6             13            11            9 
 6             7             5             3             5             12            15            8 
 6             7             10            6             10            6             11            5 
 6             4             5             5             7             5             8             10 
 10            5             6             5             10            4             9             5 
 8             2             6             7             6             3             5             2 
 5             5             5             4             4             1             5             1 
 4             2             11            1             0             3             4             2 
