$SPEC_ID:
bMCA Spectrum
$DATE_MEA:
07-05-2022  08:28:57
$MEAS_TIM:
 59.075        60
$DEVICE_ID:
bMCA 06201013
$ACQ_SETTINGS:
 2             60            1000          4             4095 
$HRDW_PARAMS:
PHA
 800
 3             3276          5 
 7             0             1023 
 80            25            45 
 1             1 
$SPEC_CAL:
-2.996172      2.07587       2.903056E-04
$MCA_CAL:
3
-2.996172      2.07587       2.903056E-04
$ROI:
 270           340           32768         1            137Cs
 46            75            33023         1            57Co
$DATA:
 0             1023 
 0             3             5             27            31            43            95            128 
 217           295           341           375           380           340           334           304 
 340           353           367           422           426           491           505           492 
 400           304           300           264           229           227           222           252 
 256           278           295           315           315           325           337           385 
 398           394           416           425           478           484           533           581 
 714           850           984           1252          1435          1576          1746          1782 
 1789          1811          1718          1606          1648          1708          1829          1823 
 1825          1809          1779          1516          1341          1108          937           775 
 566           457           464           361           298           264           242           269 
 219           212           214           226           234           229           238           238 
 225           239           253           258           256           247           245           270 
 266           245           256           228           240           235           246           235 
 222           214           249           214           206           215           186           199 
 219           218           202           181           203           194           197           204 
 158           183           184           147           159           151           170           170 
 174           141           160           154           164           163           165           140 
 157           149           150           148           119           138           155           136 
 162           159           133           136           140           157           140           143 
 119           140           142           162           114           126           126           142 
 144           157           119           131           116           126           124           136 
 127           131           135           144           109           122           112           108 
 116           136           128           125           118           131           125           111 
 140           119           116           119           136           139           136           136 
 133           125           131           124           152           138           122           123 
 120           131           106           140           128           114           93            139 
 98            114           104           95            104           89            90            93 
 88            89            83            74            67            55            64            48 
 55            50            55            43            50            42            56            38 
 43            32            43            33            27            38            34            29 
 31            40            24            32            28            24            37            26 
 23            14            24            30            24            25            18            30 
 24            18            18            24            28            28            23            24 
 26            21            28            35            35            25            42            47 
 40            56            45            62            60            82            116           98 
 128           120           148           192           188           203           225           286 
 276           296           367           360           393           436           480           513 
 511           514           499           521           551           583           616           592 
 575           548           575           535           540           523           479           437 
 429           434           400           371           329           257           317           273 
 216           228           196           154           173           121           126           107 
 90            87            75            71            54            35            35            31 
 39            28            26            23            24            18            11            9 
 7             9             9             8             5             5             6             7 
 6             5             8             8             4             6             7             7 
 6             5             7             4             7             6             15            8 
 3             2             3             3             3             5             3             4 
 6             6             4             4             6             6             4             5 
 4             5             6             3             5             3             2             4 
 1             4             6             6             3             1             4             3 
 3             4             1             4             7             1             4             0 
 7             6             0             3             3             2             6             5 
 5             5             8             2             4             2             5             2 
 1             7             5             2             3             4             4             3 
 5             5             2             4             6             2             3             3 
 7             1             5             1             1             3             5             4 
 3             4             2             2             1             6             2             2 
 4             0             5             3             4             2             2             5 
 3             3             2             3             3             1             2             3 
 3             1             1             0             2             5             1             2 
 4             2             3             2             4             5             6             1 
 7             1             1             1             3             3             2             5 
 1             3             3             1             1             6             1             4 
 5             7             6             2             3             4             2             4 
 5             3             3             2             3             3             2             1 
 4             1             4             3             3             2             2             4 
 5             6             3             3             2             4             1             5 
 1             7             5             5             4             3             8             3 
 3             1             3             3             4             1             4             2 
 3             2             1             2             0             2             2             4 
 0             2             1             2             2             3             3             0 
 1             1             1             4             1             2             1             1 
 3             2             1             1             2             1             1             3 
 1             2             1             2             1             4             2             3 
 2             3             3             4             7             4             4             6 
 3             2             5             1             0             1             0             0 
 2             2             9             3             3             2             1             3 
 2             2             0             1             2             0             3             3 
 0             1             0             0             2             2             1             3 
 4             2             1             2             5             6             1             1 
 3             1             3             2             1             0             2             2 
 2             1             5             2             0             0             3             2 
 2             2             1             4             2             2             1             2 
 1             2             2             5             0             3             2             1 
 1             4             3             0             2             2             3             2 
 1             2             2             1             0             1             0             0 
 1             1             0             1             1             1             1             1 
 2             0             0             0             1             0             0             0 
 0             0             0             0             0             0             1             0 
 0             0             2             1             0             1             1             0 
 1             0             2             1             0             0             0             0 
 1             1             1             0             0             1             0             1 
 0             2             0             1             2             0             0             1 
 0             0             0             1             0             0             0             0 
 0             0             0             1             1             0             0             0 
 0             0             0             0             0             1             0             0 
 0             2             2             0             2             0             0             1 
 1             1             1             0             1             1             0             1 
 0             2             0             0             2             0             1             2 
 1             0             0             0             1             1             0             0 
 0             0             0             0             1             1             0             0 
 2             0             1             0             0             0             0             0 
 0             1             1             0             2             0             0             0 
 1             0             0             0             0             0             1             0 
 0             0             0             0             0             0             0             0 
 1             0             0             0             0             0             1             0 
 0             0             2             0             0             0             2             0 
 0             0             0             0             0             0             0             0 
 1             0             1             0             0             1             0             0 
 0             0             0             0             1             0             0             0 
 0             0             0             0             0             0             0             0 
 0             0             0             1             1             0             1             2 
 0             0             0             0             0             0             0             0 
 0             1             0             0             0             0             0             1 
 0             0             0             0             0             0             0             0 
 0             1             0             0             0             0             0             0 
 1             0             0             0             0             0             0             1 
 0             0             0             0             0             1             0             0 
 0             0             0             0             0             0             0             2 
 0             1             1             0             0             0             0             0 
 0             0             0             0             0             0             0             0 
 0             2             0             0             0             1             0             0 
 0             0             0             0             1             0             1             0 
 0             0             0             2             0             0             0             0 
 0             0             0             1             0             0             1             0 
 0             0             0             0             2             0             0             0 
 0             0             1             1             1             0             0             0 
 0             0             0             0             0             0             0             0 
