$SPEC_ID:
bMCA Spectrum
$DATE_MEA:
07-07-2022  09:12:09
$MEAS_TIM:
 232.295       240
$DEVICE_ID:
bMCA 06201013
$ACQ_SETTINGS:
 2             240           1000          4             4095 
$HRDW_PARAMS:
PHA
 800
 3             3276          5 
 7             0             1023 
 80            25            45 
 1             1 
$SPEC_CAL:
-39.25932      2.313255      0
$MCA_CAL:
3
-39.25932      2.313255      0
$ROI:
 273           333           32768         1            137Cs
 562           622           16711935      1            60Co
$DATA:
 0             1023 
 10            25            70            107           198           322           495           681 
 908           1238          1508          1538          1608          1556          1645          1597 
 1561          1774          1854          2069          2180          2235          2323          2218 
 1921          1877          1603          1636          1554          1540          1521          1546 
 1560          1617          1589          1573          1622          1609          1734          1669 
 1635          1666          1704          1681          1637          1686          1725          1788 
 1689          1738          1652          1719          1782          1793          1788          1775 
 1732          1746          1721          1737          1807          1730          1724          1760 
 1707          1704          1767          1745          1754          1699          1678          1789 
 1769          1749          1696          1628          1767          1706          1759          1734 
 1727          1760          1755          1774          1789          1691          1760          1794 
 1814          1756          1933          1920          1864          1973          1901          2119 
 2042          2090          1985          2037          2087          2152          2136          2160 
 2176          2207          2162          2213          2142          2135          2202          2117 
 2041          2099          2047          2064          1948          2038          1961          1972 
 1981          1934          1912          1814          1883          1820          1881          1801 
 1706          1809          1639          1721          1671          1734          1674          1623 
 1663          1632          1564          1620          1689          1554          1537          1492 
 1606          1484          1472          1444          1505          1438          1353          1420 
 1439          1485          1438          1447          1453          1394          1394          1385 
 1385          1409          1360          1437          1341          1376          1295          1299 
 1294          1350          1265          1358          1312          1254          1295          1261 
 1275          1265          1286          1274          1248          1251          1256          1270 
 1257          1249          1294          1290          1242          1315          1279          1236 
 1247          1266          1264          1222          1284          1308          1259          1207 
 1222          1235          1191          1238          1193          1257          1155          1222 
 1122          1130          1079          1167          1126          1100          1033          1093 
 995           1039          1038          1082          1069          966           1008          973 
 958           925           912           937           883           902           913           896 
 916           924           922           932           895           900           913           868 
 888           878           851           924           902           895           846           883 
 835           876           878           897           866           895           856           877 
 847           866           839           845           898           830           899           882 
 890           895           867           940           971           966           1008          1042 
 999           1066          1089          1173          1144          1246          1367          1416 
 1441          1491          1669          1707          1840          1874          1927          2006 
 2142          2246          2257          2261          2382          2481          2589          2551 
 2627          2793          2662          2709          2600          2660          2646          2647 
 2467          2437          2382          2319          2198          2229          2023          1957 
 1916          1835          1721          1699          1589          1470          1423          1371 
 1280          1271          1253          1150          1158          1046          1090          1010 
 1037          960           964           994           939           1007          949           933 
 918           878           901           921           910           937           870           829 
 901           944           915           932           890           917           852           918 
 898           941           910           957           918           950           967           904 
 955           957           968           959           929           913           934           946 
 975           1007          935           959           1012          999           920           972 
 968           1033          981           1039          992           1016          1063          1007 
 1029          1065          1026          1055          1054          1056          1085          1015 
 1083          1006          1044          1086          1096          1029          1037          1038 
 1014          1026          1073          1040          1043          1037          1035          978 
 1104          984           985           895           1015          994           987           892 
 968           960           952           968           889           855           873           862 
 906           820           836           827           792           805           771           799 
 766           748           697           761           687           709           738           715 
 758           634           681           698           656           667           692           682 
 622           666           662           647           661           712           676           682 
 656           715           651           679           677           652           677           641 
 651           617           589           640           632           633           599           616 
 587           571           596           655           603           599           626           602 
 628           626           622           655           651           724           663           744 
 722           747           757           784           814           894           850           956 
 1005          1030          1088          1142          1188          1262          1317          1379 
 1500          1473          1497          1554          1589          1656          1754          1720 
 1830          1818          1827          1865          1788          1866          1801          1769 
 1829          1743          1808          1750          1816          1709          1770          1677 
 1553          1497          1502          1418          1337          1345          1207          1170 
 1157          1073          963           993           921           831           860           798 
 752           756           702           737           663           605           572           639 
 605           639           621           621           617           603           659           622 
 707           717           714           779           797           871           856           935 
 918           953           1126          1066          1098          1178          1174          1188 
 1216          1258          1304          1299          1394          1361          1374          1467 
 1383          1463          1434          1326          1461          1366          1352          1354 
 1352          1297          1266          1230          1239          1264          1118          1110 
 1138          1016          980           963           941           871           847           782 
 747           704           678           605           533           544           522           493 
 466           452           427           380           361           346           337           307 
 263           261           232           234           231           214           186           206 
 185           191           148           163           145           147           142           116 
 125           148           108           98            90            96            98            78 
 83            64            73            82            84            63            73            72 
 82            61            61            66            60            56            49            68 
 54            46            57            68            51            55            54            50 
 60            55            46            42            41            57            69            50 
 65            42            44            45            42            48            48            56 
 57            54            47            36            42            40            52            48 
 45            61            44            40            61            44            43            54 
 45            54            55            48            40            48            50            43 
 46            63            39            41            40            43            36            44 
 50            46            37            52            51            52            53            37 
 48            51            35            41            39            42            54            44 
 48            34            37            48            49            45            34            42 
 47            39            44            38            39            41            39            43 
 47            36            39            43            42            36            39            29 
 38            43            38            47            39            34            33            37 
 38            40            31            32            26            44            41            42 
 36            38            34            40            45            31            52            47 
 42            46            36            21            32            31            33            33 
 42            31            49            36            37            41            33            39 
 44            41            42            31            30            25            35            31 
 38            37            33            33            46            32            31            29 
 36            23            34            30            29            28            38            29 
 34            42            43            23            25            36            33            34 
 41            25            34            41            29            36            26            32 
 29            31            36            25            26            29            31            33 
 33            31            32            25            30            26            33            33 
 26            34            27            31            35            31            34            30 
 33            33            34            37            35            41            26            33 
 24            25            32            31            40            29            33            28 
 24            38            37            27            43            28            19            20 
 35            31            29            34            25            28            29            24 
 24            38            33            29            33            30            25            22 
 29            36            21            29            25            25            22            30 
 26            27            26            27            20            28            36            28 
 24            20            29            32            22            29            34            35 
 31            28            27            35            28            25            21            32 
 29            35            27            27            32            32            38            23 
 26            35            27            21            27            23            32            23 
 27            26            36            34            34            33            29            29 
 29            26            33            31            24            28            26            34 
 26            28            30            28            24            30            35            26 
 28            35            38            29            28            31            26            30 
 33            32            24            22            24            25            35            35 
 20            35            22            17            32            18            21            28 
 25            11            20            19            14            25            24            22 
 13            21            15            17            14            18            16            8 
 12            15            13            10            11            19            12            11 
