$SPEC_ID:
bMCA Spectrum
$DATE_MEA:
07-04-2022  11:15:53
$MEAS_TIM:
 233.02        240
$DEVICE_ID:
bMCA 06201013
$ACQ_SETTINGS:
 2             240           1000          4             4095 
$HRDW_PARAMS:
PHA
 800
 3             3276          5 
 7             0             1023 
 80            25            45 
 1             1 
$SPEC_CAL:
-5.490132      2.161477      2.078236E-04
$MCA_CAL:
3
-5.490132      2.161477      2.078236E-04
$ROI:
 267           332           32768         1            137Cs
 553           618           16711935      1            60Co
$DATA:
 0             1023 
 10            20            63            96            218           322           523           778 
 1078          1354          1619          1739          1738          1736          1674          1712 
 1743          1885          2031          2262          2395          2483          2530          2443 
 2201          1902          1708          1630          1524          1461          1458          1547 
 1558          1569          1648          1606          1662          1637          1665          1795 
 1688          1655          1702          1704          1654          1680          1702          1765 
 1731          1768          1689          1721          1743          1730          1758          1730 
 1670          1714          1656          1696          1739          1714          1719          1660 
 1632          1798          1725          1782          1724          1642          1676          1712 
 1748          1651          1686          1639          1618          1728          1747          1651 
 1689          1738          1785          1800          1771          1776          1858          1829 
 1814          1859          1900          1876          1826          2014          1995          1905 
 1969          2011          1946          2037          1995          1986          2006          2021 
 2051          2013          2009          1970          2014          1989          1937          1934 
 1997          1925          1856          1820          1868          1818          1797          1768 
 1770          1736          1709          1755          1659          1734          1733          1641 
 1647          1557          1653          1602          1568          1580          1594          1512 
 1462          1556          1496          1496          1428          1444          1453          1474 
 1419          1431          1457          1493          1399          1400          1437          1304 
 1418          1398          1391          1364          1399          1355          1363          1264 
 1269          1337          1364          1332          1292          1327          1268          1274 
 1307          1277          1285          1253          1213          1272          1260          1269 
 1186          1284          1220          1229          1284          1244          1279          1194 
 1176          1186          1272          1249          1254          1233          1255          1180 
 1208          1252          1180          1139          1214          1149          1212          1212 
 1219          1177          1129          1152          1075          1089          1074          1095 
 1052          1042          1054          1020          1028          997           1008          990 
 897           890           930           852           885           848           814           825 
 827           809           815           819           735           834           818           847 
 803           811           765           706           750           723           750           780 
 803           755           806           761           707           779           768           747 
 753           751           762           753           727           705           777           734 
 748           728           771           774           785           768           819           784 
 767           821           856           891           827           920           1001          946 
 1040          1034          1174          1250          1265          1301          1425          1529 
 1547          1775          1861          1929          2005          2231          2254          2366 
 2481          2601          2638          2736          2862          2890          2920          2968 
 3059          2914          2887          3003          2850          2886          2765          2716 
 2616          2544          2367          2268          2201          2045          1924          1921 
 1759          1700          1517          1497          1376          1361          1243          1194 
 1142          1065          1076          1028          976           964           910           893 
 863           839           788           804           780           689           773           778 
 757           761           750           763           734           753           775           753 
 760           746           714           767           731           754           790           739 
 775           769           768           780           766           796           785           799 
 827           790           745           790           833           786           790           794 
 801           801           798           828           770           801           836           773 
 846           852           836           854           834           818           807           845 
 837           865           864           826           836           868           890           864 
 854           896           823           883           894           830           823           860 
 880           884           870           896           779           785           803           822 
 797           818           793           774           806           749           753           746 
 726           671           727           696           701           689           651           656 
 633           655           668           655           644           672           637           599 
 586           565           579           597           590           557           625           603 
 610           550           560           568           574           562           553           521 
 572           552           510           516           532           535           559           552 
 558           540           523           507           513           548           558           516 
 471           543           501           490           512           524           479           493 
 502           528           501           537           515           506           524           524 
 573           520           536           583           556           599           631           590 
 631           673           702           697           733           805           805           907 
 890           914           1020          1053          1070          1188          1170          1226 
 1139          1324          1304          1315          1315          1357          1429          1485 
 1436          1481          1530          1467          1488          1494          1378          1378 
 1318          1388          1375          1222          1184          1248          1194          1153 
 1092          1040          1026          972           957           916           851           815 
 747           727           785           606           628           603           617           579 
 570           505           547           508           520           549           477           534 
 519           526           509           545           585           571           635           574 
 638           639           661           731           756           733           793           850 
 910           916           967           989           1025          1007          992           1063 
 1098          1075          1146          1076          1129          1093          1100          1127 
 1159          1136          1071          1092          1039          1076          1033          1014 
 991           916           922           875           885           785           832           747 
 684           708           683           655           594           573           550           528 
 500           479           424           396           388           334           315           302 
 313           288           250           242           231           219           194           189 
 170           187           147           148           147           117           112           145 
 118           98            107           102           86            86            73            86 
 83            69            74            71            56            69            61            49 
 63            62            38            53            53            67            48            46 
 32            48            39            42            41            39            31            44 
 45            34            38            41            37            42            34            38 
 40            36            36            43            40            35            47            38 
 34            24            35            41            30            41            33            34 
 26            36            30            33            29            38            30            28 
 25            42            33            30            28            31            30            20 
 35            32            26            31            28            35            35            31 
 28            29            26            40            39            15            22            32 
 27            33            23            21            28            22            22            34 
 25            26            39            30            25            33            31            17 
 33            30            34            29            25            33            21            22 
 25            23            25            19            29            24            32            21 
 29            21            27            30            27            24            26            22 
 25            31            25            27            29            30            26            24 
 25            32            21            23            18            25            19            24 
 25            18            29            22            31            18            21            26 
 22            23            36            25            18            27            22            30 
 24            21            28            25            19            19            30            16 
 26            20            32            18            22            33            16            19 
 25            20            23            29            22            26            25            17 
 16            24            24            20            17            21            21            25 
 18            24            22            24            21            22            23            25 
 22            24            20            23            24            26            24            9 
 13            25            14            21            24            23            20            16 
 24            20            23            26            16            22            15            14 
 25            17            18            15            23            18            23            22 
 18            13            22            29            17            17            29            20 
 12            17            12            24            20            13            24            17 
 16            15            20            14            12            20            24            22 
 20            21            20            24            19            23            19            17 
 16            21            17            17            20            15            13            27 
 22            23            10            21            14            14            22            8 
 20            26            17            25            16            15            23            20 
 13            19            20            19            24            21            15            15 
 21            13            13            18            19            21            15            15 
 18            13            21            21            19            20            14            23 
 14            14            20            16            18            24            13            21 
 22            20            19            24            16            17            19            18 
 21            25            17            19            16            19            19            16 
 14            17            25            22            20            26            19            17 
 12            14            18            10            14            26            17            25 
 16            12            20            16            12            12            14            14 
 13            14            13            11            12            19            16            17 
 11            10            4             12            10            12            9             9 
 6             10            9             13            11            4             8             10 
 9             9             6             9             7             5             6             9 
