$SPEC_ID:
bMCA Spectrum
$DATE_MEA:
07-04-2022  11:03:49
$MEAS_TIM:
 233.02        240
$DEVICE_ID:
bMCA 06201013
$ACQ_SETTINGS:
 2             240           1000          4             4095 
$HRDW_PARAMS:
PHA
 800
 3             3276          5 
 7             0             1023 
 80            25            45 
 1             1 
$SPEC_CAL:
-5.490132      2.161477      2.078236E-04
$MCA_CAL:
3
-5.490132      2.161477      2.078236E-04
$ROI:
 267           332           32768         1            137Cs
 553           618           16711935      1            60Co
$DATA:
 0             1023 
 10            26            63            115           198           344           554           804 
 994           1403          1674          1748          1760          1703          1700          1711 
 1773          1857          1923          2193          2456          2420          2514          2340 
 2120          1969          1673          1587          1550          1462          1650          1593 
 1532          1673          1591          1600          1564          1724          1694          1672 
 1631          1656          1701          1697          1652          1739          1691          1691 
 1714          1709          1780          1696          1703          1696          1652          1738 
 1731          1798          1706          1796          1720          1650          1674          1672 
 1690          1774          1725          1691          1709          1650          1613          1756 
 1719          1652          1714          1690          1744          1809          1646          1731 
 1711          1711          1813          1714          1849          1743          1773          1841 
 1805          1829          1811          2032          1995          1927          1842          2014 
 2003          1927          2012          2017          2075          2031          2070          1894 
 2128          2041          1979          2023          1995          2008          2030          1957 
 1881          1957          1948          1924          1816          1801          1789          1718 
 1800          1716          1771          1649          1646          1654          1688          1723 
 1598          1601          1610          1629          1653          1552          1558          1523 
 1506          1596          1528          1456          1462          1484          1426          1394 
 1515          1429          1458          1396          1454          1413          1354          1318 
 1399          1345          1403          1318          1346          1335          1362          1355 
 1354          1272          1299          1324          1294          1226          1286          1284 
 1245          1246          1300          1277          1260          1252          1253          1291 
 1270          1224          1260          1214          1266          1271          1207          1285 
 1203          1197          1260          1212          1212          1195          1251          1180 
 1269          1275          1207          1232          1240          1201          1189          1175 
 1198          1168          1132          1096          1182          1092          1127          1097 
 1004          1090          1027          1027          1018          962           980           945 
 958           895           904           857           864           879           838           833 
 872           835           815           812           798           786           828           859 
 772           780           758           763           758           795           754           726 
 745           768           765           727           720           750           778           701 
 767           716           727           733           731           693           742           713 
 747           814           752           786           731           786           806           823 
 831           820           834           890           892           919           963           987 
 1037          1124          1129          1263          1425          1319          1498          1556 
 1723          1759          1912          2085          2086          2253          2363          2500 
 2493          2569          2727          2836          2811          2852          2952          2924 
 2917          2980          2996          2880          2885          2761          2687          2653 
 2548          2425          2416          2348          2218          2075          1916          1898 
 1709          1585          1502          1418          1388          1306          1268          1180 
 1129          1001          1001          1001          982           852           838           874 
 828           814           777           807           818           730           741           760 
 776           691           730           752           748           714           745           724 
 761           751           755           779           758           754           760           731 
 782           760           743           840           793           783           822           754 
 774           766           804           772           798           800           798           791 
 818           816           839           860           809           809           810           818 
 896           834           888           846           807           790           828           819 
 837           860           845           877           868           861           839           845 
 865           838           869           862           852           827           862           794 
 805           825           798           882           837           803           818           794 
 787           799           780           808           814           800           741           724 
 679           743           748           702           696           658           655           658 
 632           675           618           632           650           629           595           592 
 592           612           639           593           573           570           577           595 
 577           594           549           582           531           579           554           530 
 552           552           542           514           509           570           533           548 
 486           524           546           538           552           520           510           502 
 536           522           508           531           505           482           534           528 
 474           464           486           492           543           493           544           520 
 551           521           522           570           602           588           645           651 
 642           678           754           799           793           856           902           877 
 908           980           1068          1111          1109          1159          1221          1296 
 1280          1369          1385          1414          1405          1378          1372          1449 
 1435          1401          1461          1559          1534          1436          1498          1468 
 1312          1376          1375          1301          1222          1198          1172          1172 
 1022          1009          971           930           916           879           821           809 
 726           692           696           601           623           598           583           550 
 539           500           514           482           499           510           520           482 
 515           522           521           553           550           584           611           633 
 662           650           697           720           726           809           880           913 
 929           921           965           989           1040          998           1064          1136 
 1108          1158          1151          1205          1166          1164          1076          1132 
 1102          1072          1089          1064          1063          1019          1017          1025 
 967           965           917           862           806           785           794           640 
 713           687           645           610           605           559           494           501 
 446           438           401           404           384           323           293           284 
 272           275           273           248           205           186           191           209 
 166           155           168           158           136           145           108           119 
 102           89            96            106           75            95            80            96 
 72            73            72            54            67            60            60            62 
 53            41            58            60            54            52            57            52 
 41            62            39            52            51            41            47            47 
 34            34            38            42            28            47            39            35 
 46            22            42            32            29            28            27            41 
 39            37            30            32            36            33            43            44 
 30            34            33            36            32            28            44            39 
 19            32            31            23            26            26            25            34 
 26            32            25            31            29            34            38            26 
 27            33            34            25            27            26            40            13 
 31            38            28            25            36            30            23            24 
 23            27            34            21            22            30            27            34 
 22            35            24            26            28            19            20            23 
 26            31            31            25            17            24            17            28 
 26            28            21            29            28            22            26            17 
 22            35            23            26            15            22            27            23 
 33            27            20            22            23            30            30            26 
 26            26            14            17            21            33            23            17 
 37            25            25            23            23            26            19            24 
 28            18            18            26            17            19            19            24 
 25            17            21            19            26            25            22            22 
 19            21            29            23            23            24            22            21 
 19            23            25            21            16            17            25            19 
 14            27            22            19            26            13            25            20 
 18            28            21            24            21            15            21            20 
 27            26            20            13            21            20            17            16 
 16            23            19            23            20            23            27            18 
 29            17            17            22            13            20            12            22 
 15            20            12            16            20            23            21            15 
 27            18            26            7             22            17            16            12 
 19            14            9             22            19            17            26            25 
 22            14            20            15            22            23            19            19 
 17            21            19            18            18            18            21            25 
 15            18            14            23            10            15            16            17 
 11            18            18            16            19            15            16            18 
 16            14            21            17            12            19            20            23 
 20            17            21            19            22            16            22            14 
 19            21            15            19            14            11            16            16 
 21            13            18            28            16            13            14            12 
 21            14            24            21            16            19            27            25 
 22            18            22            22            14            22            22            14 
 15            18            18            14            17            14            24            13 
 14            11            16            19            12            13            13            11 
 22            16            16            9             19            18            12            11 
 11            8             13            11            12            13            19            14 
 13            10            10            10            9             11            12            10 
 3             9             17            6             10            8             10            7 
 4             7             11            5             4             10            6             11 
