$SPEC_ID:
bMCA Spectrum
$DATE_MEA:
07-04-2022  10:50:58
$MEAS_TIM:
 174.775       180
$DEVICE_ID:
bMCA 06201013
$ACQ_SETTINGS:
 2             180           1000          4             4095 
$HRDW_PARAMS:
PHA
 800
 3             3276          5 
 7             0             1023 
 80            25            45 
 1             1 
$SPEC_CAL:
-5.490132      2.161477      2.078236E-04
$MCA_CAL:
3
-5.490132      2.161477      2.078236E-04
$ROI:
 267           332           32768         1            137Cs
 553           618           16711935      1            60Co
$DATA:
 0             1023 
 12            24            50            72            149           237           413           568 
 810           1052          1219          1332          1340          1291          1264          1246 
 1275          1375          1519          1649          1703          1860          1886          1704 
 1597          1431          1257          1198          1225          1121          1114          1129 
 1145          1169          1197          1244          1250          1262          1209          1219 
 1246          1266          1262          1271          1284          1250          1261          1242 
 1295          1243          1312          1293          1345          1291          1318          1314 
 1287          1323          1233          1317          1270          1250          1323          1241 
 1303          1255          1260          1276          1268          1295          1286          1299 
 1345          1259          1164          1324          1293          1264          1268          1271 
 1294          1299          1327          1378          1353          1342          1322          1409 
 1402          1401          1370          1459          1411          1461          1511          1434 
 1488          1551          1556          1536          1448          1530          1486          1539 
 1450          1475          1486          1483          1494          1574          1371          1486 
 1434          1444          1465          1402          1369          1328          1290          1338 
 1347          1286          1254          1283          1339          1279          1210          1211 
 1216          1194          1144          1123          1171          1174          1110          1116 
 1142          1160          1176          1145          1157          1080          1154          1058 
 1107          1073          1057          1041          1051          1014          1031          1068 
 1069          1006          1007          1053          1009          971           1002          1011 
 999           971           958           962           986           958           930           948 
 996           968           972           947           1005          978           959           947 
 910           954           920           939           922           882           938           1002 
 952           900           941           886           922           936           940           916 
 839           892           845           918           888           890           921           875 
 876           901           886           926           909           769           888           845 
 771           788           722           746           688           739           768           731 
 709           677           738           662           647           634           651           651 
 627           601           609           618           632           592           572           578 
 576           552           557           601           585           565           565           507 
 551           570           556           545           561           544           523           570 
 571           555           562           568           530           550           541           611 
 571           553           582           618           569           588           622           585 
 582           659           639           640           703           695           743           745 
 802           884           917           954           985           1100          1114          1180 
 1314          1379          1415          1501          1621          1719          1805          1890 
 1940          1973          2065          2211          2168          2153          2219          2252 
 2170          2160          2234          2269          2135          2075          1967          2026 
 1963          1816          1760          1675          1567          1543          1451          1425 
 1286          1184          1119          1039          1045          947           959           847 
 840           775           729           729           707           686           622           624 
 624           595           612           598           592           572           590           574 
 582           543           574           545           575           546           574           559 
 572           588           568           580           606           529           511           552 
 586           600           574           610           543           570           594           635 
 548           604           577           563           595           604           608           582 
 562           592           649           637           619           615           629           602 
 604           591           622           636           669           632           599           645 
 669           645           634           609           633           633           640           673 
 672           663           641           686           651           608           646           628 
 620           678           644           632           632           607           619           589 
 617           586           568           598           561           545           575           520 
 557           480           535           514           532           512           509           476 
 446           499           457           470           461           425           450           423 
 440           396           411           425           399           455           416           432 
 434           424           392           442           409           431           422           458 
 400           394           394           412           384           406           383           385 
 341           374           344           404           373           359           373           407 
 392           367           382           341           385           388           395           390 
 360           349           369           352           358           378           394           401 
 392           415           392           449           465           467           517           545 
 537           540           564           582           647           686           697           723 
 715           760           787           860           872           904           920           961 
 1000          1058          1072          1109          1098          1099          1118          1097 
 1096          1116          1109          1101          1135          1034          1028          1094 
 1032          971           980           927           908           827           857           814 
 758           754           707           682           643           621           586           600 
 526           533           466           465           453           450           406           394 
 396           370           350           422           361           367           355           366 
 378           368           405           392           432           450           464           503 
 540           533           547           591           617           622           697           680 
 677           666           738           754           754           815           774           840 
 860           880           831           836           806           889           873           792 
 876           842           799           768           807           827           738           727 
 657           646           646           585           613           576           548           506 
 501           437           459           452           396           386           356           360 
 323           327           268           262           254           247           183           194 
 196           191           170           160           164           149           141           115 
 137           95            128           90            99            81            83            95 
 73            68            78            78            79            53            60            56 
 56            50            56            56            40            37            45            41 
 43            44            32            35            41            32            26            27 
 34            26            26            27            23            25            31            29 
 26            25            25            21            32            32            23            27 
 26            31            31            19            28            26            24            31 
 26            17            24            26            28            15            19            24 
 29            19            29            27            31            24            23            23 
 22            22            16            26            28            19            29            33 
 32            31            27            27            20            15            26            29 
 15            21            17            19            30            19            18            27 
 11            11            15            22            19            18            22            14 
 16            17            26            14            11            20            24            22 
 24            23            22            24            22            18            19            18 
 19            23            19            19            23            23            15            18 
 6             19            24            18            20            26            14            17 
 18            15            20            22            12            22            21            22 
 21            16            17            19            19            22            19            31 
 19            11            16            21            16            16            22            18 
 14            14            20            14            16            22            23            29 
 14            17            20            16            21            23            19            19 
 16            17            18            14            12            21            17            14 
 15            17            21            17            14            27            12            11 
 8             17            11            15            25            15            8             22 
 16            13            16            16            20            16            22            8 
 13            18            15            15            20            16            17            12 
 12            20            22            11            15            13            15            16 
 17            12            10            11            8             22            14            13 
 18            18            25            14            21            10            10            20 
 15            14            19            10            10            16            12            19 
 15            13            19            16            12            19            10            13 
 11            13            16            15            20            14            20            14 
 13            14            16            9             16            18            13            12 
 18            5             12            10            12            20            17            12 
 13            9             12            10            16            15            12            10 
 18            10            17            7             13            11            12            9 
 8             16            15            12            17            14            10            6 
 17            10            17            10            10            13            19            11 
 13            13            6             14            14            13            13            12 
 17            8             18            14            14            18            19            10 
 12            14            17            20            9             14            10            12 
 12            15            11            13            19            17            9             12 
 19            5             17            10            13            18            16            9 
 13            16            8             16            13            8             11            5 
 14            9             6             12            8             5             12            10 
 7             5             10            8             14            10            5             10 
 9             10            9             5             6             6             10            6 
 6             7             7             11            10            6             7             10 
 5             3             2             4             5             3             3             4 
