$SPEC_ID:
bMCA Spectrum
$DATE_MEA:
07-07-2022  09:04:07
$MEAS_TIM:
 232.295       240
$DEVICE_ID:
bMCA 06201013
$ACQ_SETTINGS:
 2             240           1000          4             4095 
$HRDW_PARAMS:
PHA
 800
 3             3276          5 
 7             0             1023 
 80            25            45 
 1             1 
$SPEC_CAL:
-39.25932      2.313255      0
$MCA_CAL:
3
-39.25932      2.313255      0
$ROI:
 273           333           32768         1            137Cs
 562           622           16711935      1            60Co
$DATA:
 0             1023 
 19            38            62            105           193           327           462           710 
 985           1236          1365          1484          1519          1618          1587          1564 
 1567          1737          1835          1974          2163          2230          2321          2215 
 2075          1795          1698          1575          1545          1492          1540          1611 
 1528          1580          1623          1537          1644          1631          1625          1663 
 1707          1705          1684          1656          1712          1747          1745          1732 
 1709          1784          1702          1761          1797          1710          1753          1713 
 1715          1690          1736          1725          1771          1726          1687          1764 
 1747          1683          1704          1757          1759          1789          1696          1772 
 1677          1678          1729          1716          1739          1786          1629          1776 
 1754          1758          1769          1754          1710          1798          1744          1861 
 1821          1810          1885          1890          1894          1951          2024          1997 
 2027          2024          2110          2077          2037          2132          2239          2193 
 2243          2235          2162          2087          2202          2103          2163          2152 
 2152          2198          2027          2005          2039          2017          2007          1929 
 1953          1938          1816          1878          1853          1849          1779          1815 
 1742          1758          1752          1651          1691          1617          1642          1574 
 1607          1602          1556          1661          1597          1524          1531          1471 
 1530          1490          1559          1514          1488          1422          1452          1461 
 1393          1403          1394          1418          1470          1376          1375          1397 
 1407          1386          1425          1392          1278          1261          1325          1321 
 1203          1321          1329          1323          1342          1325          1303          1313 
 1345          1228          1265          1267          1285          1253          1244          1313 
 1332          1278          1301          1300          1263          1265          1273          1314 
 1284          1271          1298          1150          1205          1242          1245          1267 
 1237          1242          1269          1246          1212          1240          1212          1142 
 1148          1139          1141          1101          1087          1062          1112          1067 
 1070          1014          1043          1018          952           972           1028          992 
 992           939           952           919           944           948           931           871 
 883           893           909           904           885           889           829           937 
 968           842           842           845           872           851           857           891 
 853           861           889           889           839           878           838           867 
 864           873           864           904           906           902           917           875 
 869           875           945           917           975           949           1033          1008 
 1027          1079          1099          1182          1228          1247          1354          1357 
 1468          1463          1555          1619          1760          1894          1896          2044 
 2048          2282          2236          2301          2482          2571          2622          2636 
 2591          2754          2685          2691          2708          2648          2609          2546 
 2438          2474          2315          2299          2177          2129          2070          2009 
 1924          1785          1681          1669          1647          1517          1384          1368 
 1311          1316          1233          1243          1226          1178          1145          1038 
 1005          996           954           1003          925           923           958           906 
 911           949           888           924           946           907           883           893 
 903           883           935           908           884           874           912           889 
 904           884           846           925           926           916           946           949 
 876           925           989           936           950           946           985           926 
 980           998           938           974           939           956           1036          990 
 1020          961           1062          954           1011          1010          999           1010 
 1027          1010          1073          1053          1016          1034          1057          1048 
 1000          1031          1069          1078          1035          1029          1024          1011 
 1034          1039          1020          1071          1008          1048          1010          972 
 998           1046          1003          968           999           963           971           940 
 880           891           844           882           865           814           824           830 
 923           819           805           789           803           814           757           795 
 816           789           763           750           741           706           738           730 
 707           690           701           658           758           653           719           708 
 659           626           660           690           624           693           688           659 
 698           677           627           644           665           659           703           640 
 652           625           578           597           621           657           616           619 
 606           593           612           586           580           602           628           630 
 627           634           629           598           609           671           671           739 
 708           712           820           767           783           816           943           938 
 1000          1015          1072          1163          1140          1193          1301          1311 
 1407          1425          1477          1593          1623          1699          1656          1767 
 1775          1825          1818          1836          1832          1883          1841          1839 
 1855          1794          1845          1794          1776          1703          1647          1672 
 1656          1512          1474          1431          1292          1330          1268          1209 
 1063          1075          999           973           944           940           826           843 
 792           740           711           686           675           651           656           625 
 635           641           638           598           673           647           665           661 
 727           710           737           780           773           832           883           869 
 969           976           995           1078          1071          1102          1214          1175 
 1207          1299          1389          1305          1360          1308          1358          1399 
 1414          1506          1362          1462          1371          1383          1458          1355 
 1372          1359          1271          1275          1209          1203          1121          1083 
 1088          1087          992           966           929           830           826           801 
 793           739           650           698           588           552           525           539 
 479           460           410           391           435           363           306           300 
 268           271           241           259           230           235           227           192 
 170           176           187           145           167           132           129           125 
 132           107           98            102           99            92            110           102 
 107           95            53            82            104           80            73            73 
 69            66            70            65            69            66            59            55 
 64            51            64            48            58            63            60            66 
 43            43            55            56            53            56            59            52 
 54            52            67            46            57            52            54            50 
 51            49            53            42            50            63            59            53 
 53            65            56            53            58            52            39            47 
 53            59            37            41            45            50            40            48 
 45            50            42            39            43            37            40            45 
 59            35            38            45            43            32            45            51 
 46            28            26            44            31            47            37            42 
 42            37            43            41            51            30            53            35 
 41            46            38            38            43            45            32            50 
 35            42            41            39            35            35            28            44 
 33            46            31            35            44            37            31            36 
 45            39            41            32            42            38            41            33 
 31            42            38            24            36            34            30            34 
 40            36            28            37            42            40            39            37 
 53            32            32            39            37            38            23            24 
 36            34            38            29            37            27            31            39 
 36            32            37            32            31            36            44            28 
 30            41            33            32            33            24            40            31 
 39            31            29            33            25            30            37            38 
 35            38            26            27            30            23            26            24 
 43            38            39            36            36            30            29            38 
 35            43            32            30            23            32            33            34 
 37            33            29            40            43            44            34            23 
 28            37            39            26            33            38            36            40 
 31            34            31            36            26            34            24            30 
 40            29            26            23            29            30            32            25 
 30            20            33            29            23            18            32            28 
 29            26            37            34            20            23            27            29 
 35            26            33            27            24            35            28            20 
 24            30            29            34            24            17            31            26 
 20            31            19            27            35            26            29            29 
 20            29            28            29            27            25            28            28 
 28            31            20            45            26            31            30            34 
 29            26            26            27            31            27            16            19 
 21            30            22            25            30            26            32            22 
 24            34            25            34            33            29            32            34 
 25            24            25            29            37            29            30            27 
 28            26            21            33            28            34            26            30 
 22            39            24            30            25            29            31            26 
 15            27            36            27            23            24            20            20 
 18            26            16            16            19            25            16            17 
 18            10            16            15            18            12            20            17 
 19            19            23            21            16            10            18            15 
