$SPEC_ID:
bMCA Spectrum
$DATE_MEA:
07-07-2022  09:08:08
$MEAS_TIM:
 232.285       240
$DEVICE_ID:
bMCA 06201013
$ACQ_SETTINGS:
 2             240           1000          4             4095 
$HRDW_PARAMS:
PHA
 800
 3             3276          5 
 7             0             1023 
 80            25            45 
 1             1 
$SPEC_CAL:
-39.25932      2.313255      0
$MCA_CAL:
3
-39.25932      2.313255      0
$ROI:
 273           333           32768         1            137Cs
 562           622           16711935      1            60Co
$DATA:
 0             1023 
 13            39            53            112           217           298           478           659 
 992           1227          1410          1527          1602          1627          1562          1543 
 1693          1769          1911          2051          2206          2259          2299          2210 
 1997          1838          1694          1615          1501          1588          1522          1545 
 1595          1542          1556          1621          1644          1718          1669          1700 
 1667          1699          1692          1682          1770          1794          1756          1743 
 1735          1747          1760          1729          1789          1782          1779          1698 
 1754          1769          1791          1778          1735          1756          1762          1682 
 1838          1715          1755          1734          1717          1725          1745          1759 
 1676          1707          1712          1683          1679          1654          1674          1762 
 1779          1680          1741          1725          1768          1774          1805          1803 
 1781          1835          1913          1867          1858          1930          2010          2056 
 1952          1993          2172          2169          2156          2215          2162          2168 
 2169          2182          2221          2145          2123          2142          2270          2159 
 2115          2171          2094          1953          1997          2011          1936          1963 
 1970          1898          1788          1901          1886          1833          1836          1766 
 1735          1735          1716          1627          1700          1692          1621          1617 
 1625          1624          1585          1599          1560          1594          1554          1571 
 1629          1544          1498          1524          1531          1462          1476          1465 
 1404          1449          1440          1412          1429          1394          1353          1347 
 1388          1386          1340          1338          1362          1351          1314          1331 
 1304          1319          1349          1302          1320          1331          1240          1259 
 1261          1289          1288          1288          1252          1265          1302          1283 
 1269          1258          1230          1291          1288          1295          1260          1286 
 1316          1211          1270          1251          1291          1202          1247          1248 
 1245          1243          1231          1224          1172          1177          1196          1175 
 1218          1142          1093          1090          1081          1137          1142          1085 
 1092          1084          1014          1052          1060          937           982           977 
 927           971           936           934           880           976           978           950 
 888           916           879           900           862           884           897           918 
 913           837           875           851           852           875           862           816 
 892           891           874           871           856           872           842           854 
 898           890           892           903           865           848           875           884 
 957           880           894           914           985           908           1039          979 
 1084          1096          1128          1101          1164          1232          1293          1335 
 1487          1526          1686          1692          1771          1917          1897          2077 
 2124          2181          2317          2398          2521          2588          2622          2665 
 2625          2648          2628          2633          2617          2640          2535          2490 
 2567          2471          2373          2350          2238          2148          2125          2110 
 1909          1881          1728          1667          1651          1519          1410          1410 
 1339          1266          1217          1180          1131          1136          1052          1052 
 983           1067          1007          965           973           887           922           932 
 913           933           956           868           914           849           885           849 
 892           923           905           922           851           909           825           943 
 957           867           896           932           927           899           930           933 
 913           937           999           935           989           939           978           908 
 941           1018          971           975           984           988           924           1011 
 966           970           1018          933           1030          999           1079          995 
 1077          1019          1040          1023          1011          1028          1046          1032 
 1087          1056          1024          1079          1078          1020          1060          994 
 1091          1061          966           1076          1094          1048          1026          996 
 1046          1037          1011          983           947           916           940           930 
 955           947           914           869           846           838           886           831 
 790           803           830           803           764           823           726           812 
 736           736           775           804           722           728           694           665 
 667           678           703           743           689           684           694           669 
 722           702           689           664           676           630           705           661 
 633           672           660           651           667           640           619           677 
 620           590           653           621           633           637           611           609 
 616           627           554           600           641           583           666           634 
 630           603           644           611           649           662           673           694 
 742           735           794           765           850           877           954           1032 
 983           1081          1072          1139          1148          1227          1290          1354 
 1450          1477          1503          1524          1687          1629          1627          1792 
 1716          1773          1794          1930          1889          1864          1797          1861 
 1880          1824          1758          1776          1715          1661          1632          1635 
 1528          1511          1459          1328          1388          1362          1284          1178 
 1097          1073          1001          1002          945           891           855           796 
 733           737           734           680           680           608           672           621 
 583           612           623           672           614           620           604           654 
 699           718           743           764           795           828           885           850 
 959           934           1065          1094          1105          1105          1150          1217 
 1254          1300          1315          1318          1332          1312          1315          1381 
 1362          1426          1434          1429          1439          1404          1343          1353 
 1325          1282          1312          1305          1202          1088          1176          1124 
 1025          1005          992           1003          939           889           826           752 
 825           696           669           643           579           554           569           503 
 461           437           451           419           380           346           355           303 
 304           269           268           238           239           201           217           197 
 190           172           170           154           173           154           141           125 
 119           113           112           92            86            101           89            90 
 78            79            90            85            84            74            79            65 
 56            63            56            79            67            63            62            55 
 60            56            60            51            52            48            55            61 
 62            50            48            56            53            64            51            61 
 53            61            73            58            57            63            46            51 
 43            55            46            44            50            57            47            40 
 49            55            54            54            44            51            52            59 
 58            51            41            60            36            50            42            34 
 43            37            53            41            35            48            41            38 
 47            33            54            35            52            47            40            49 
 43            49            38            44            34            43            42            43 
 40            52            49            47            55            52            29            37 
 48            43            26            44            42            45            41            33 
 39            33            44            38            39            35            29            39 
 37            38            37            39            33            29            41            38 
 41            30            31            34            34            39            42            30 
 32            31            28            44            36            28            28            25 
 35            32            42            36            48            51            41            40 
 30            36            28            37            33            39            28            35 
 34            29            38            37            34            40            40            31 
 34            38            29            35            33            33            25            42 
 41            25            41            34            41            44            39            32 
 25            41            36            35            27            33            32            33 
 32            32            28            29            39            39            29            31 
 36            28            33            27            24            42            45            32 
 35            30            34            30            30            34            27            29 
 31            34            36            27            29            27            26            24 
 41            32            27            26            33            34            29            25 
 29            22            35            32            31            31            31            29 
 24            29            38            32            32            28            35            31 
 27            34            28            29            19            23            22            26 
 29            24            21            28            46            23            21            30 
 24            29            42            25            33            20            33            34 
 28            31            35            20            20            27            23            25 
 26            35            25            35            42            22            26            22 
 38            24            18            29            31            28            28            27 
 24            24            32            32            21            25            26            34 
 34            27            33            25            31            31            27            28 
 33            34            21            20            41            28            29            33 
 20            28            21            25            26            30            34            28 
 29            35            27            29            32            30            27            25 
 32            23            29            22            33            22            26            28 
 24            25            20            27            23            26            37            18 
 26            16            25            23            21            21            24            25 
 30            25            27            15            24            20            19            11 
 23            30            18            14            24            13            13            17 
 25            21            12            15            11            15            6             7 
