$SPEC_ID:
bMCA Spectrum
$DATE_MEA:
07-07-2022  09:43:13
$MEAS_TIM:
 118.045       120
$DEVICE_ID:
bMCA 06201013
$ACQ_SETTINGS:
 2             120           1000          4             4095 
$HRDW_PARAMS:
PHA
 800
 3             3276          5 
 7             0             1023 
 80            25            45 
 1             1 
$SPEC_CAL:
-39.25932      2.313255      0
$MCA_CAL:
3
-39.25932      2.313255      0
$ROI:
 267           333           32768         1            137Cs
 46            75            33023         1            57Co
$DATA:
 0             1023 
 8             10            24            26            78            107           188           310 
 467           595           650           700           752           650           639           608 
 570           650           691           737           855           918           929           818 
 832           615           561           453           433           468           514           458 
 506           632           631           655           707           816           837           882 
 958           924           983           1010          1066          1171          1319          1622 
 1975          2378          2952          3637          3952          4291          4494          4646 
 4537          4417          4235          4244          4277          4449          4519          4693 
 4608          4557          4204          3666          3216          2689          2040          1648 
 1347          1103          876           691           621           527           520           460 
 445           422           403           393           432           402           417           423 
 409           446           463           464           473           431           488           417 
 418           447           445           445           431           393           398           414 
 385           398           423           442           405           389           385           366 
 323           333           363           323           335           342           341           331 
 327           302           334           332           326           351           309           274 
 284           347           297           319           294           293           281           271 
 282           267           311           271           290           233           307           271 
 255           270           255           272           251           268           251           249 
 246           256           217           243           223           245           275           253 
 235           241           235           251           236           237           237           220 
 220           222           260           243           231           232           255           214 
 222           229           218           250           235           213           218           214 
 223           224           245           249           256           224           234           231 
 231           221           271           228           197           220           236           221 
 219           237           225           230           198           176           210           191 
 190           163           151           166           128           155           143           132 
 119           117           118           123           107           98            102           95 
 77            94            80            64            86            66            72            65 
 60            65            60            60            46            66            53            64 
 49            67            52            48            54            46            45            53 
 42            40            54            44            40            61            46            38 
 43            45            43            29            47            50            31            44 
 53            59            61            72            84            80            94            112 
 121           141           162           152           210           245           248           271 
 320           355           380           458           476           544           565           611 
 671           699           703           812           801           841           937           1001 
 939           935           971           982           942           1007          987           961 
 890           916           834           808           779           742           694           609 
 622           611           487           512           439           422           350           304 
 266           234           218           228           206           159           136           126 
 106           85            90            69            72            56            50            49 
 30            28            35            26            34            16            22            17 
 20            13            12            15            12            15            16            6 
 11            10            8             9             2             10            8             11 
 11            14            8             11            10            10            9             12 
 12            12            10            6             11            10            8             12 
 13            13            7             7             6             10            6             6 
 5             10            6             10            5             10            4             8 
 5             8             6             6             8             7             8             8 
 5             7             8             9             7             7             12            4 
 7             6             5             4             8             4             4             9 
 5             9             9             8             6             3             6             8 
 7             8             6             8             11            7             10            13 
 12            5             12            7             10            6             6             4 
 9             9             8             3             9             5             4             3 
 3             9             4             4             5             4             6             5 
 4             2             5             8             3             4             8             9 
 5             8             9             6             5             6             4             5 
 3             5             4             6             10            3             5             8 
 6             7             5             4             1             2             3             5 
 6             5             5             5             8             4             5             6 
 4             6             7             2             4             7             5             7 
 3             2             6             5             8             8             9             5 
 4             5             6             6             12            4             8             6 
 6             6             6             5             5             6             7             5 
 7             3             1             3             5             5             3             8 
 5             6             9             6             6             3             4             7 
 5             3             10            5             3             6             1             6 
 2             1             5             4             7             3             4             4 
 5             3             8             3             3             1             1             11 
 5             4             8             5             1             6             5             3 
 4             3             5             2             7             1             3             3 
 6             5             1             4             7             6             1             4 
 7             6             9             3             5             5             4             4 
 3             5             2             2             2             1             7             4 
 7             1             4             2             8             5             1             2 
 3             5             3             2             5             4             1             2 
 6             3             2             4             3             7             6             1 
 10            6             3             3             5             5             5             8 
 4             4             5             1             5             4             3             7 
 4             3             4             5             9             2             1             5 
 2             7             1             3             7             4             1             4 
 3             3             1             4             4             4             0             2 
 4             4             4             2             2             1             3             2 
 1             2             4             1             1             1             0             2 
 0             1             1             0             1             2             3             1 
 1             2             1             0             2             2             2             2 
 1             1             3             1             0             1             2             0 
 2             1             3             0             0             0             3             2 
 0             0             0             1             0             3             0             1 
 2             2             0             1             2             2             0             0 
 1             1             0             0             0             1             1             2 
 0             0             1             1             0             1             0             2 
 0             0             2             0             1             1             0             1 
 1             0             2             3             2             0             0             2 
 0             0             0             3             0             1             1             1 
 1             0             2             3             0             3             1             2 
 0             0             1             1             1             0             0             2 
 0             0             0             3             2             3             0             0 
 0             2             0             1             0             3             3             0 
 1             1             0             0             2             0             0             1 
 1             1             1             0             1             0             1             0 
 0             0             1             0             2             0             0             1 
 0             0             0             0             1             1             0             0 
 2             0             1             0             0             0             0             1 
 0             0             0             1             0             0             1             0 
 1             0             1             1             0             1             1             0 
 0             1             0             0             0             0             0             0 
 0             0             0             0             1             1             0             0 
 0             0             1             3             0             0             0             2 
 0             0             0             0             0             0             0             1 
 0             0             0             1             0             0             0             0 
 0             1             0             2             1             0             0             1 
 1             1             0             0             0             0             0             1 
 0             0             1             1             0             1             0             0 
 1             0             1             1             0             0             0             0 
 0             0             1             0             1             0             1             0 
 1             0             0             1             1             0             0             3 
 0             1             0             0             0             0             1             1 
 0             0             0             0             0             1             3             0 
 0             1             0             0             0             1             0             0 
 1             0             1             0             0             0             0             0 
 0             0             1             1             0             0             0             0 
 0             0             0             1             0             0             0             1 
 0             0             0             0             0             0             0             0 
 1             0             0             1             0             0             1             0 
 0             0             0             0             0             0             1             1 
