$SPEC_ID:
bMCA Spectrum
$DATE_MEA:
07-05-2022  08:29:58
$MEAS_TIM:
 59.07         60
$DEVICE_ID:
bMCA 06201013
$ACQ_SETTINGS:
 2             60            1000          4             4095 
$HRDW_PARAMS:
PHA
 800
 3             3276          5 
 7             0             1023 
 80            25            45 
 1             1 
$SPEC_CAL:
-2.996172      2.07587       2.903056E-04
$MCA_CAL:
3
-2.996172      2.07587       2.903056E-04
$ROI:
 270           340           32768         1            137Cs
 46            75            33023         1            57Co
$DATA:
 0             1023 
 1             7             11            17            27            51            91            147 
 187           300           350           390           381           355           349           301 
 323           322           378           412           479           494           478           492 
 432           370           258           248           207           226           233           245 
 242           263           303           307           296           324           347           359 
 415           425           396           436           462           449           499           584 
 717           865           1029          1248          1353          1702          1747          1749 
 1786          1776          1708          1681          1704          1745          1765          1778 
 1895          1776          1746          1520          1417          1212          900           709 
 570           512           431           359           324           301           257           247 
 265           221           232           247           222           217           230           230 
 232           248           254           223           239           242           260           291 
 240           188           242           239           231           249           214           231 
 220           218           236           214           203           226           194           186 
 219           210           207           209           189           176           189           183 
 186           177           168           165           188           190           178           192 
 165           177           163           149           183           167           175           147 
 145           153           136           135           132           153           147           146 
 137           151           151           148           121           140           138           159 
 116           141           147           140           133           124           123           126 
 124           131           142           130           127           164           121           135 
 119           145           130           143           127           124           110           106 
 130           132           133           127           146           114           143           139 
 122           127           114           124           152           139           147           118 
 136           123           150           113           128           135           132           116 
 126           123           122           109           114           128           127           107 
 107           100           100           88            111           95            95            96 
 91            84            76            81            63            68            71            49 
 64            49            60            56            36            45            42            27 
 46            38            33            36            36            32            34            33 
 26            23            27            29            31            30            31            20 
 22            21            19            26            19            27            27            24 
 29            13            29            25            29            33            30            22 
 24            21            31            29            35            43            35            38 
 41            47            68            57            67            73            110           126 
 134           132           144           158           206           227           254           298 
 312           361           345           375           411           430           482           506 
 511           535           533           534           584           548           584           561 
 540           487           526           588           548           509           478           469 
 419           384           414           359           315           270           295           269 
 197           204           156           157           161           128           114           73 
 81            86            59            73            54            55            32            41 
 24            39            24            19            22            17            20            18 
 16            15            5             12            4             7             6             1 
 7             5             7             5             8             5             4             10 
 6             4             4             6             3             4             2             3 
 5             3             1             5             8             5             2             8 
 3             4             4             5             4             2             1             4 
 3             8             3             5             4             8             3             4 
 5             2             4             6             1             3             6             4 
 2             3             4             3             4             1             3             1 
 2             4             4             8             2             3             1             2 
 3             5             3             8             7             3             3             3 
 8             1             3             5             5             4             2             5 
 5             0             2             3             5             6             2             3 
 2             5             2             2             1             2             1             3 
 5             3             2             5             5             5             3             2 
 4             2             9             2             2             7             1             3 
 5             0             5             4             3             6             3             6 
 3             1             4             2             2             2             3             1 
 1             3             4             5             2             2             3             4 
 1             4             8             4             4             2             2             2 
 1             3             6             3             0             4             0             2 
 3             2             7             5             1             2             4             3 
 3             4             1             3             4             5             7             6 
 2             2             4             7             3             1             5             6 
 4             6             1             2             5             2             4             5 
 3             4             4             6             2             7             4             3 
 3             2             4             5             2             3             0             1 
 2             4             1             1             1             1             3             5 
 6             2             4             2             2             5             3             0 
 4             2             0             4             1             2             1             2 
 2             4             4             5             4             3             1             4 
 5             2             1             1             4             0             2             2 
 2             3             2             1             2             1             1             3 
 3             2             2             2             4             4             5             0 
 2             3             3             4             2             2             2             4 
 0             1             3             2             5             2             4             0 
 1             0             6             4             1             2             0             7 
 3             1             2             1             5             3             3             1 
 6             3             3             3             5             1             1             5 
 3             1             1             2             4             1             0             3 
 2             1             3             1             2             3             2             5 
 2             1             5             2             3             1             0             2 
 3             2             2             1             1             0             2             0 
 2             1             2             0             3             2             0             0 
 0             0             1             1             1             1             0             0 
 1             1             1             1             0             1             0             0 
 1             0             0             2             1             0             0             0 
 2             1             0             0             0             0             1             1 
 1             0             0             0             0             1             0             0 
 0             0             1             0             1             0             3             0 
 1             0             3             0             0             0             0             0 
 1             1             0             0             1             0             0             1 
 0             0             1             0             1             0             0             1 
 0             1             0             1             0             0             0             1 
 0             0             0             0             1             1             0             1 
 1             0             1             0             0             0             0             0 
 1             0             0             2             0             2             0             0 
 0             0             1             0             0             1             1             0 
 0             0             0             1             0             0             0             1 
 0             0             0             0             0             0             0             0 
 1             0             0             0             0             0             0             0 
 0             0             0             0             0             1             0             0 
 0             0             0             0             0             0             0             1 
 0             1             1             0             1             0             0             0 
 0             0             0             0             0             1             1             0 
 0             0             0             0             0             0             0             0 
 0             0             0             0             0             0             0             0 
 0             2             1             0             0             0             0             0 
 0             0             1             1             0             0             0             0 
 2             0             1             0             0             0             0             0 
 0             0             0             0             0             0             0             0 
 0             0             0             0             0             0             1             0 
 0             0             0             0             0             0             0             0 
 0             0             1             0             1             0             0             0 
 0             0             0             1             0             0             0             0 
 0             0             2             1             0             0             0             0 
 0             2             0             0             0             0             1             0 
 0             0             0             0             0             0             1             0 
 0             0             1             0             0             1             0             0 
 0             0             1             0             1             1             0             0 
 0             0             0             0             0             0             1             0 
 0             0             0             0             0             0             0             0 
 0             0             0             0             0             0             2             0 
 0             0             0             1             0             0             0             0 
 0             0             0             0             0             0             0             1 
 0             1             0             0             0             0             0             0 
