$SPEC_ID:
bMCA Spectrum
$DATE_MEA:
07-04-2022  10:35:31
$MEAS_TIM:
 116.51        120
$DEVICE_ID:
bMCA 06201013
$ACQ_SETTINGS:
 2             120           1000          4             4095 
$HRDW_PARAMS:
PHA
 800
 3             3276          5 
 7             0             1023 
 80            25            45 
 1             1 
$SPEC_CAL:
-5.490132      2.161477      2.078236E-04
$MCA_CAL:
3
-5.490132      2.161477      2.078236E-04
$ROI:
 267           332           32768         1            137Cs
 553           618           16711935      1            60Co
$DATA:
 0             1023 
 6             18            26            53            109           166           264           397 
 521           741           812           860           895           887           851           884 
 847           954           1028          1107          1168          1246          1222          1179 
 1053          981           830           813           744           736           788           770 
 755           799           770           817           835           825           784           890 
 839           844           866           879           845           875           825           836 
 813           842           906           892           888           876           883           890 
 834           887           881           897           867           879           872           860 
 836           847           865           796           845           868           869           875 
 799           897           844           858           845           843           850           898 
 898           869           851           911           895           899           841           902 
 924           933           982           929           963           938           998           980 
 988           982           963           1014          993           1004          1019          1057 
 1010          1015          988           1013          994           963           987           937 
 927           1001          915           915           920           930           962           884 
 943           837           874           843           808           829           795           811 
 827           829           783           811           778           745           818           765 
 786           784           794           820           739           779           707           724 
 722           733           732           769           705           718           706           713 
 688           686           680           696           685           659           653           689 
 627           628           676           620           672           663           635           654 
 713           652           594           627           610           599           613           634 
 618           617           640           634           626           631           589           629 
 662           637           637           573           582           575           615           619 
 606           633           633           589           617           584           599           567 
 579           576           546           546           588           578           556           538 
 507           525           550           488           504           471           466           478 
 437           439           468           457           451           444           409           420 
 416           378           428           391           416           401           371           376 
 407           356           362           384           391           398           381           370 
 369           398           387           375           396           350           357           384 
 378           341           346           397           350           352           363           371 
 377           346           368           385           358           341           376           416 
 385           430           413           422           423           465           499           496 
 562           565           576           649           661           706           755           785 
 869           973           977           1075          1078          1174          1188          1217 
 1272          1362          1352          1423          1471          1480          1548          1486 
 1481          1496          1475          1439          1421          1389          1349          1255 
 1221          1218          1217          1134          1081          1000          969           937 
 816           798           762           732           722           679           560           595 
 540           525           533           473           454           413           446           442 
 391           416           416           358           376           347           376           400 
 376           397           369           372           364           400           369           345 
 369           384           343           375           394           406           343           391 
 365           382           382           394           378           408           391           430 
 389           426           399           385           410           405           403           380 
 386           368           422           434           425           413           384           396 
 407           433           454           409           405           416           431           420 
 423           399           458           426           410           438           401           438 
 416           444           405           423           426           438           394           404 
 424           412           415           401           420           404           411           381 
 378           390           376           407           384           390           369           359 
 386           345           344           332           312           357           307           317 
 321           311           290           297           311           289           290           313 
 325           296           267           311           310           299           286           300 
 277           273           287           294           259           273           251           270 
 278           295           274           254           250           288           272           278 
 241           263           246           266           270           252           274           273 
 272           268           243           253           224           249           247           232 
 240           235           282           263           252           246           242           273 
 292           276           274           294           312           315           325           335 
 318           394           372           397           415           455           457           492 
 557           554           522           561           614           593           623           695 
 654           705           675           729           701           703           753           663 
 722           753           732           746           658           764           746           713 
 722           665           677           638           588           545           596           523 
 485           480           447           427           423           397           430           365 
 357           306           306           339           289           296           270           269 
 264           259           259           246           247           281           254           235 
 282           276           266           286           296           329           344           339 
 341           356           349           374           416           422           449           441 
 447           496           478           544           493           510           525           560 
 622           539           566           547           615           575           528           563 
 523           554           536           532           515           497           499           505 
 448           435           392           380           394           351           390           357 
 362           322           313           287           229           271           262           226 
 233           177           201           184           190           155           147           141 
 122           112           113           122           111           88            88            84 
 97            75            61            57            63            60            52            61 
 47            46            48            48            37            37            39            31 
 42            31            25            36            36            29            24            23 
 27            18            30            27            15            24            25            20 
 21            24            19            19            18            20            16            12 
 13            11            20            30            22            16            27            18 
 22            11            17            26            12            11            15            15 
 15            21            24            14            13            17            21            12 
 27            11            21            13            14            16            15            19 
 13            19            13            17            10            18            13            23 
 13            13            20            9             8             14            15            11 
 19            17            16            16            22            10            12            16 
 18            14            12            13            12            17            15            12 
 14            10            19            13            13            18            10            8 
 15            16            24            8             9             11            17            7 
 13            16            10            19            15            11            13            18 
 12            18            6             9             13            17            14            15 
 15            12            11            11            9             16            13            13 
 16            12            10            8             13            12            25            12 
 11            11            15            9             14            20            9             6 
 15            12            10            8             10            14            8             15 
 9             8             14            5             12            10            11            8 
 8             12            13            9             7             17            10            12 
 12            10            11            10            13            11            10            9 
 10            9             13            9             9             10            5             13 
 6             13            8             9             6             13            6             5 
 10            17            10            13            18            9             7             11 
 9             10            13            18            15            10            11            10 
 13            10            6             8             11            16            10            6 
 5             6             16            9             13            13            7             9 
 6             11            6             11            16            10            11            6 
 9             13            5             11            8             8             9             12 
 13            7             8             6             14            12            9             5 
 9             3             15            8             6             8             7             4 
 10            10            11            9             10            14            7             11 
 8             11            11            10            9             7             9             10 
 8             11            7             14            7             9             12            7 
 7             9             6             6             9             9             15            10 
 9             7             11            9             8             9             7             8 
 8             6             7             6             12            14            13            5 
 14            9             12            9             12            7             8             20 
 11            6             5             6             10            8             4             16 
 10            5             10            9             10            8             12            10 
 6             8             10            11            14            11            3             7 
 6             13            10            5             18            9             7             9 
 9             9             8             10            9             3             8             11 
 3             2             9             6             8             9             6             3 
 5             7             6             4             3             2             3             5 
 4             5             1             9             4             7             4             4 
 4             6             5             5             4             4             3             1 
