$SPEC_ID:
bMCA Spectrum
$DATE_MEA:
07-07-2022  09:32:07
$MEAS_TIM:
 59.025        60
$DEVICE_ID:
bMCA 06201013
$ACQ_SETTINGS:
 2             60            1000          4             4095 
$HRDW_PARAMS:
PHA
 800
 3             3276          5 
 7             0             1023 
 80            25            45 
 1             1 
$SPEC_CAL:
-39.25932      2.313255      0
$MCA_CAL:
3
-39.25932      2.313255      0
$ROI:
 267           333           32768         1            137Cs
 46            75            33023         1            57Co
$DATA:
 0             1023 
 3             7             5             16            35            62            91            157 
 250           291           330           332           365           306           300           274 
 317           289           352           419           465           470           447           435 
 402           311           239           239           226           239           203           266 
 272           284           326           345           414           400           405           435 
 466           466           491           490           499           611           722           872 
 964           1205          1467          1773          2067          2218          2251          2292 
 2217          2125          2174          2149          2098          2169          2312          2326 
 2341          2264          2178          1953          1621          1295          1041          805 
 623           523           396           357           298           269           251           227 
 229           217           238           221           230           207           224           221 
 225           206           238           202           219           254           220           205 
 206           228           223           233           217           190           227           207 
 205           182           217           191           166           179           208           220 
 203           210           192           160           158           186           173           166 
 165           141           166           150           156           151           145           157 
 166           163           135           135           130           146           149           125 
 143           127           128           139           109           130           116           139 
 116           120           119           121           131           117           108           130 
 116           112           108           135           121           120           144           107 
 130           124           127           111           136           127           111           100 
 114           104           129           102           109           99            113           113 
 112           98            114           106           113           109           130           144 
 100           114           121           93            113           106           114           121 
 111           104           122           117           119           120           117           115 
 115           102           111           104           99            82            89            101 
 93            84            87            71            76            81            78            66 
 62            67            57            55            57            37            60            36 
 41            45            35            51            41            42            43            30 
 31            21            32            36            31            26            19            24 
 27            25            21            21            24            27            20            30 
 19            16            21            17            15            15            29            26 
 20            24            23            19            28            23            23            30 
 29            34            24            41            45            45            43            58 
 62            66            76            73            92            114           121           132 
 151           196           184           216           220           249           270           272 
 299           297           361           387           429           443           448           477 
 507           448           489           500           483           471           474           491 
 448           424           412           394           414           340           360           311 
 301           280           272           250           198           183           181           166 
 144           128           116           100           95            77            67            56 
 55            52            34            41            36            27            23            27 
 15            15            17            22            9             17            4             6 
 8             11            7             7             7             7             0             1 
 5             2             7             2             6             1             7             5 
 4             6             5             2             6             3             2             4 
 6             4             9             9             6             3             0             7 
 3             3             4             4             5             2             3             6 
 2             3             4             5             8             4             4             6 
 5             3             3             4             5             3             4             4 
 3             3             2             3             3             4             6             4 
 4             6             5             6             6             2             4             4 
 3             3             3             4             1             3             3             8 
 3             1             4             5             3             4             2             4 
 3             2             4             4             5             2             0             2 
 4             1             4             4             2             0             3             1 
 0             2             3             4             2             1             2             3 
 3             2             4             6             3             2             4             1 
 3             2             1             4             0             6             1             0 
 4             5             6             2             2             1             3             4 
 2             0             5             8             1             0             2             3 
 3             1             2             6             5             3             2             1 
 3             6             6             3             0             3             4             4 
 3             2             1             5             2             6             5             2 
 3             5             3             3             1             1             1             1 
 2             3             4             2             2             2             3             4 
 3             5             3             3             5             3             0             1 
 5             6             2             2             4             4             4             2 
 3             0             1             2             5             3             4             1 
 1             1             1             3             3             0             3             6 
 2             4             1             2             0             4             3             3 
 2             2             3             6             2             1             5             1 
 3             2             0             5             2             5             4             2 
 6             1             2             2             2             1             0             1 
 2             3             1             2             2             1             3             4 
 0             1             3             2             1             0             1             0 
 1             2             1             2             3             2             2             0 
 1             1             0             2             2             5             1             2 
 2             2             1             0             2             2             4             4 
 2             3             1             1             5             3             0             3 
 3             4             1             2             3             6             2             2 
 2             1             0             3             3             3             3             3 
 1             5             4             2             3             2             1             2 
 1             1             1             3             2             2             2             1 
 1             3             1             1             1             0             2             2 
 1             0             1             2             1             1             2             1 
 4             1             0             2             0             0             1             0 
 2             0             1             2             0             1             0             3 
 0             0             1             0             0             1             0             0 
 0             1             0             0             0             0             0             1 
 0             0             1             0             1             0             0             0 
 1             0             1             1             1             1             0             0 
 0             0             1             0             0             0             0             0 
 0             0             0             0             1             1             0             2 
 0             0             0             0             0             1             0             0 
 0             0             0             0             0             0             1             1 
 1             0             0             0             0             0             0             0 
 0             0             0             1             1             0             0             0 
 1             0             0             0             0             0             0             1 
 1             1             0             0             0             0             0             1 
 1             0             0             1             0             0             0             0 
 1             0             0             0             1             1             0             0 
 0             0             0             0             0             0             0             0 
 1             1             0             1             1             0             0             0 
 0             0             0             0             0             0             0             0 
 1             1             0             0             0             0             0             0 
 0             0             0             0             1             1             0             0 
 0             0             0             0             0             0             0             0 
 0             0             0             0             0             0             0             0 
 0             1             0             0             0             0             0             0 
 0             0             0             1             0             1             0             0 
 0             0             1             0             0             1             0             0 
 1             0             0             0             0             0             1             0 
 1             0             0             0             0             0             0             0 
 0             0             0             0             0             0             0             0 
 2             0             1             0             0             0             0             0 
 1             0             1             0             0             0             0             0 
 0             0             0             0             0             0             0             1 
 0             0             0             0             0             0             0             0 
 1             0             1             0             0             0             0             1 
 0             0             0             0             0             1             0             0 
 0             0             0             0             0             0             0             1 
 0             0             0             0             0             0             0             1 
 0             1             1             0             0             0             0             0 
 0             1             0             0             0             1             0             0 
 0             0             0             0             0             0             0             0 
 0             0             0             0             0             0             0             0 
 1             0             0             0             0             0             0             0 
