$SPEC_ID:
bMCA Spectrum
$DATE_MEA:
07-04-2022  10:06:04
$MEAS_TIM:
 231.655       240
$DEVICE_ID:
bMCA 06201013
$ACQ_SETTINGS:
 2             240           1000          4             4095 
$HRDW_PARAMS:
PHA
 800
 3             3276          5 
 7             0             1023 
 80            25            45 
 1             1 
$SPEC_CAL:
-5.490132      2.161477      2.078236E-04
$MCA_CAL:
3
-5.490132      2.161477      2.078236E-04
$ROI:
 267           333           32768         1            137Cs
 553           618           16711935      1            60Co
 46            75            33023         1            57Co
$DATA:
 0             1023 
 9             35            70            115           237           370           554           963 
 1143          1476          1718          1843          1798          1772          1717          1801 
 1857          1999          2218          2342          2580          2577          2563          2502 
 2260          2102          1868          1724          1699          1686          1741          1819 
 1978          2011          2124          2219          2435          2478          2683          2602 
 2783          2747          2917          2982          3104          3432          3672          4521 
 5211          6290          7343          8315          9323          9778          9909          10042 
 9877          9602          9567          9419          9526          9928          10245         10289 
 9907          9574          8821          7630          6399          5352          4469          3704 
 3145          2567          2346          2097          1962          1805          1780          1677 
 1773          1642          1715          1673          1634          1635          1755          1786 
 1745          1787          1761          1726          1889          1824          1805          1894 
 1915          1836          1839          1845          1871          1932          1911          1868 
 1866          1798          1992          1922          1863          1836          1889          1838 
 1798          1760          1815          1841          1701          1659          1714          1679 
 1629          1623          1608          1589          1573          1567          1597          1571 
 1604          1561          1580          1492          1440          1514          1521          1477 
 1462          1437          1449          1375          1404          1410          1420          1308 
 1315          1430          1286          1335          1257          1304          1371          1298 
 1368          1323          1277          1249          1283          1222          1152          1273 
 1275          1200          1252          1215          1280          1235          1217          1220 
 1196          1157          1206          1181          1262          1186          1168          1187 
 1120          1171          1167          1205          1186          1112          1126          1061 
 1113          1135          1113          1146          1167          1213          1131          1155 
 1153          1078          1135          1120          1049          1156          1164          1069 
 1080          1080          1104          953           1006          1039          1023          995 
 1028          968           931           943           919           933           912           890 
 866           856           829           813           833           817           763           814 
 810           748           764           812           777           780           815           788 
 776           768           731           661           734           732           747           731 
 745           693           654           676           732           683           748           691 
 702           682           709           710           689           691           693           655 
 736           707           692           702           705           685           772           715 
 778           753           833           813           804           877           908           935 
 929           1009          1066          1171          1245          1325          1418          1418 
 1630          1679          1838          1790          1909          2054          2211          2226 
 2320          2402          2447          2502          2581          2618          2661          2694 
 2626          2676          2655          2597          2527          2456          2403          2302 
 2283          2189          2160          2027          2009          1757          1650          1676 
 1575          1440          1347          1301          1240          1207          1098          1045 
 1049          955           894           882           838           869           782           731 
 803           786           759           752           725           722           727           656 
 687           723           661           710           735           658           645           682 
 675           685           735           702           728           676           698           697 
 686           720           712           759           712           694           735           701 
 707           717           732           743           709           723           699           791 
 728           719           716           800           733           716           796           783 
 726           736           762           780           781           796           808           785 
 764           793           719           794           798           859           851           788 
 813           743           782           786           807           800           821           778 
 765           809           717           748           740           752           730           735 
 716           689           727           757           709           624           691           655 
 677           662           662           635           645           600           607           626 
 593           614           580           560           532           551           584           586 
 503           553           500           497           521           566           517           527 
 506           566           510           508           518           546           536           477 
 496           494           473           510           495           476           533           514 
 477           485           510           472           487           468           476           457 
 503           472           473           501           458           459           457           446 
 449           436           470           469           448           434           465           481 
 501           504           536           511           561           562           575           652 
 680           642           729           735           733           810           825           915 
 924           917           1000          1040          1005          1064          1149          1157 
 1192          1176          1297          1278          1259          1343          1424          1408 
 1327          1334          1367          1326          1346          1235          1370          1272 
 1249          1253          1243          1175          1096          988           1016          1010 
 955           919           891           847           766           793           721           703 
 683           682           594           585           556           533           488           510 
 464           477           487           490           469           451           470           452 
 507           487           553           555           538           566           555           589 
 607           653           694           666           746           799           743           792 
 804           857           901           910           925           944           936           957 
 1051          1005          1018          1012          970           1009          1038          1016 
 968           990           974           959           940           920           929           910 
 892           795           793           826           742           756           679           689 
 635           597           584           541           476           491           437           421 
 354           334           356           351           323           316           261           247 
 236           223           212           211           194           191           183           156 
 153           136           119           138           124           102           106           96 
 83            74            89            76            71            68            81            86 
 75            64            74            55            56            46            57            45 
 50            49            50            55            37            40            52            40 
 42            25            40            41            40            40            27            37 
 24            42            31            35            30            28            34            32 
 26            21            18            32            33            35            28            31 
 30            35            23            20            38            30            38            26 
 29            21            23            23            26            29            18            24 
 21            38            21            38            27            24            27            21 
 32            17            31            30            26            21            29            23 
 16            26            27            25            27            39            33            28 
 22            20            19            28            26            21            26            21 
 20            21            14            27            32            18            23            16 
 28            23            30            25            27            23            20            26 
 17            18            25            20            16            17            26            21 
 26            19            27            23            29            35            24            27 
 19            23            23            24            16            16            19            22 
 24            20            23            23            24            24            17            25 
 24            25            18            28            13            21            27            29 
 19            17            21            21            26            16            18            11 
 16            18            29            25            31            19            22            23 
 15            26            28            16            20            12            16            22 
 14            16            20            12            14            28            18            25 
 25            18            13            17            21            11            18            15 
 11            25            14            11            15            20            14            13 
 14            16            11            17            16            20            13            19 
 16            5             14            15            20            19            17            15 
 23            18            24            20            16            20            14            15 
 12            12            9             20            16            19            12            25 
 19            21            19            12            20            15            15            18 
 11            18            17            17            11            8             12            14 
 22            18            13            16            12            16            7             14 
 10            14            25            14            12            14            14            14 
 12            10            14            14            15            14            15            18 
 14            17            12            12            17            15            14            7 
 17            21            18            6             15            6             16            20 
 15            20            17            15            13            10            11            13 
 18            12            12            15            20            16            16            11 
 12            7             17            13            13            10            16            16 
 14            21            13            18            15            18            9             10 
 18            20            16            20            12            20            18            14 
 20            15            19            16            18            23            14            10 
 11            19            14            20            18            5             15            15 
 15            14            19            12            12            16            9             11 
 11            14            11            12            14            13            14            10 
 10            8             7             11            8             10            8             11 
 7             15            12            9             9             11            5             11 
 6             9             5             9             5             11            10            13 
 6             7             4             5             5             8             3             5 
