$SPEC_ID:
bMCA Spectrum
$DATE_MEA:
07-04-2022  10:37:32
$MEAS_TIM:
 116.515       120
$DEVICE_ID:
bMCA 06201013
$ACQ_SETTINGS:
 2             120           1000          4             4095 
$HRDW_PARAMS:
PHA
 800
 3             3276          5 
 7             0             1023 
 80            25            45 
 1             1 
$SPEC_CAL:
-5.490132      2.161477      2.078236E-04
$MCA_CAL:
3
-5.490132      2.161477      2.078236E-04
$ROI:
 267           332           32768         1            137Cs
 553           618           16711935      1            60Co
$DATA:
 0             1023 
 3             17            29            54            117           167           267           423 
 521           763           852           873           912           891           856           859 
 872           917           1048          1082          1178          1310          1272          1158 
 1065          958           876           830           748           763           766           770 
 779           763           836           789           801           823           845           877 
 836           895           845           822           819           798           876           873 
 833           836           870           853           858           885           862           895 
 816           828           874           883           894           860           849           876 
 862           898           858           876           846           825           874           862 
 835           869           841           840           831           839           833           849 
 875           837           875           871           891           866           834           911 
 945           931           973           984           978           984           993           1025 
 997           1011          1043          1026          1049          963           1053          1034 
 979           967           1011          966           982           986           962           939 
 884           936           951           958           934           890           869           890 
 874           898           875           916           808           834           844           804 
 859           817           774           801           809           807           753           734 
 759           770           759           734           723           704           758           721 
 726           751           647           684           702           710           689           648 
 673           688           648           717           697           636           646           697 
 657           667           663           644           615           638           655           682 
 672           659           614           650           612           636           645           605 
 616           650           599           640           652           630           626           652 
 612           586           618           628           605           618           531           579 
 618           602           607           650           588           583           603           576 
 585           594           542           527           570           622           575           548 
 597           563           510           506           538           474           475           438 
 450           423           447           446           418           449           417           396 
 409           432           402           389           432           387           394           404 
 403           413           379           372           381           366           388           386 
 384           390           370           356           369           387           352           340 
 385           326           391           382           372           354           367           387 
 367           369           369           382           386           361           411           446 
 422           405           448           437           457           483           488           528 
 537           563           600           645           668           711           738           848 
 838           910           987           1103          1065          1173          1177          1238 
 1353          1332          1402          1431          1483          1512          1491          1457 
 1477          1497          1429          1431          1453          1358          1401          1336 
 1321          1267          1161          1058          1127          961           918           875 
 831           763           748           713           697           626           615           602 
 534           494           522           466           461           468           454           401 
 390           397           405           385           397           391           363           380 
 379           363           391           372           376           384           380           342 
 375           396           360           339           394           381           387           416 
 342           353           385           373           404           398           377           396 
 404           414           413           403           409           406           391           399 
 388           409           408           390           393           401           419           426 
 395           408           428           410           379           398           413           431 
 435           476           428           414           413           392           411           399 
 453           411           454           409           402           427           414           399 
 414           429           414           419           391           406           411           406 
 384           386           384           377           403           360           356           355 
 357           344           337           338           307           348           300           315 
 289           329           301           327           312           323           293           301 
 303           294           290           305           279           303           308           290 
 283           293           292           298           277           287           287           249 
 278           285           297           262           306           285           270           269 
 312           273           277           251           243           262           251           279 
 272           244           247           244           266           241           243           260 
 249           259           243           251           232           238           261           246 
 281           263           250           293           281           326           368           319 
 349           339           402           388           400           442           441           463 
 471           507           528           589           568           632           638           676 
 665           646           679           684           667           774           714           776 
 750           720           727           705           692           729           706           713 
 655           663           667           615           582           568           573           506 
 515           496           476           457           446           444           405           367 
 388           341           343           289           299           254           268           253 
 279           259           267           253           256           246           252           254 
 273           266           277           292           301           271           309           326 
 320           329           350           352           382           430           428           440 
 496           496           484           499           520           466           521           512 
 560           569           550           568           571           578           539           561 
 590           519           560           516           560           487           485           505 
 445           436           438           420           381           367           369           367 
 314           332           283           277           274           223           233           237 
 214           212           203           165           182           144           148           150 
 135           118           103           109           99            90            89            74 
 78            73            53            71            74            61            58            55 
 53            49            47            48            40            41            41            30 
 42            34            24            40            38            33            21            33 
 36            24            22            25            20            11            16            13 
 22            20            22            22            16            13            16            25 
 19            28            20            19            23            14            19            18 
 20            22            8             24            17            11            15            16 
 15            17            15            12            17            11            23            21 
 22            13            16            17            13            22            19            15 
 10            8             10            13            6             16            8             16 
 12            11            11            13            16            18            15            16 
 13            21            11            14            16            10            13            19 
 17            14            13            9             8             12            8             12 
 12            12            16            11            15            18            11            19 
 6             17            10            18            17            16            12            18 
 6             18            17            15            10            9             20            12 
 17            11            9             11            8             11            14            6 
 19            16            11            10            13            7             13            8 
 13            12            9             11            18            16            13            16 
 16            11            16            11            13            10            8             11 
 13            13            15            12            11            14            21            14 
 11            7             14            13            11            8             11            18 
 10            13            10            9             12            8             11            14 
 12            9             9             14            13            14            9             10 
 9             12            13            8             5             13            8             7 
 9             6             11            6             15            6             12            7 
 9             9             13            10            12            12            12            14 
 13            10            10            18            10            13            13            9 
 7             11            10            16            9             8             7             10 
 15            13            15            6             8             16            12            11 
 6             12            11            8             9             11            10            11 
 12            13            7             13            11            13            7             13 
 10            2             7             11            8             10            10            11 
 9             6             7             13            7             5             6             6 
 12            7             6             13            9             6             12            9 
 4             7             14            9             11            3             5             8 
 11            9             9             11            13            7             9             18 
 5             4             9             16            11            8             8             9 
 12            6             8             11            13            11            8             14 
 11            14            5             11            6             8             15            13 
 10            6             14            8             4             3             14            13 
 9             9             12            14            10            5             9             16 
 8             9             6             13            9             15            11            8 
 3             11            6             7             3             5             10            13 
 6             16            6             12            8             4             3             8 
 12            8             8             10            13            7             4             6 
 11            6             7             6             4             5             7             8 
 6             7             7             7             7             3             7             7 
 3             1             2             5             4             3             2             4 
 1             3             4             3             3             4             1             2 
