$SPEC_ID:
bMCA Spectrum
$DATE_MEA:
07-04-2022  09:58:02
$MEAS_TIM:
 231.645       240
$DEVICE_ID:
bMCA 06201013
$ACQ_SETTINGS:
 2             240           1000          4             4095 
$HRDW_PARAMS:
PHA
 800
 3             3276          5 
 7             0             1023 
 80            25            45 
 1             1 
$SPEC_CAL:
-5.490132      2.161477      2.078236E-04
$MCA_CAL:
3
-5.490132      2.161477      2.078236E-04
$ROI:
 267           333           32768         1            137Cs
 553           618           16711935      1            60Co
 46            75            33023         1            57Co
$DATA:
 0             1023 
 14            38            69            136           234           372           620           946 
 1209          1530          1698          1888          1919          1910          1795          1873 
 1812          2098          2132          2388          2629          2668          2642          2434 
 2242          2047          1826          1705          1692          1689          1682          1820 
 1872          2036          2144          2359          2415          2599          2608          2601 
 2687          2786          2827          2858          3013          3301          3707          4328 
 5308          6210          7481          8283          9194          9906          10043         10021 
 10131         9701          9270          9438          9576          9799          10207         10362 
 10143         9723          8778          7741          6479          5313          4402          3695 
 3093          2604          2330          2157          1987          1804          1782          1667 
 1648          1706          1684          1613          1703          1690          1639          1751 
 1735          1758          1728          1825          1837          1788          1843          1884 
 1835          1937          1926          1826          1910          1906          1887          1951 
 1956          1919          1910          1865          1886          1887          1873          1825 
 1767          1794          1730          1779          1772          1737          1656          1642 
 1669          1626          1665          1652          1615          1553          1549          1605 
 1517          1533          1525          1558          1439          1502          1449          1442 
 1441          1440          1406          1376          1399          1474          1399          1414 
 1357          1398          1397          1283          1353          1367          1322          1321 
 1260          1267          1290          1252          1328          1215          1244          1276 
 1232          1184          1172          1261          1164          1216          1178          1196 
 1251          1195          1232          1219          1138          1189          1169          1179 
 1150          1157          1136          1192          1151          1146          1094          1115 
 1154          1118          1222          1111          1133          1191          1117          1141 
 1133          1085          1122          1098          1082          1100          1079          1087 
 1129          1104          1020          1039          1053          1008          1020          1001 
 968           896           943           937           971           895           862           890 
 876           860           849           810           781           856           887           812 
 797           745           782           762           760           777           757           757 
 775           738           754           742           714           675           724           711 
 717           660           733           730           719           681           727           773 
 697           728           664           664           708           707           691           730 
 707           701           729           698           718           683           701           760 
 772           790           828           780           775           847           879           947 
 975           1028          1112          1125          1225          1259          1428          1430 
 1552          1691          1647          1872          1929          1986          2135          2204 
 2295          2506          2435          2510          2492          2608          2649          2653 
 2695          2721          2718          2700          2520          2519          2456          2357 
 2360          2337          2054          1993          1918          1822          1682          1616 
 1576          1497          1392          1362          1209          1208          1134          1057 
 1066          958           938           874           892           827           787           793 
 789           778           730           753           746           759           717           733 
 653           692           733           708           715           693           678           664 
 685           681           632           670           711           758           653           695 
 679           683           727           717           707           721           716           773 
 735           689           743           718           709           702           736           794 
 707           716           703           775           778           730           740           798 
 746           754           774           787           784           766           775           759 
 784           794           764           788           728           790           794           798 
 768           763           776           748           773           825           804           741 
 771           824           763           762           744           719           727           760 
 806           725           694           680           653           687           717           725 
 643           618           617           663           671           623           610           607 
 552           577           579           567           572           589           548           531 
 577           563           550           544           569           552           516           507 
 527           528           507           491           454           515           506           494 
 475           516           482           526           506           481           502           505 
 514           510           530           493           522           483           504           512 
 449           476           484           473           461           424           459           496 
 453           452           490           455           469           437           460           486 
 444           563           514           492           526           533           574           609 
 623           643           650           706           750           759           797           888 
 881           918           973           1041          1056          1109          1107          1156 
 1131          1178          1242          1251          1300          1276          1337          1368 
 1294          1330          1342          1344          1344          1304          1300          1274 
 1271          1293          1226          1178          1123          1129          1061          996 
 1011          966           906           809           843           795           756           786 
 669           593           575           577           540           514           509           502 
 468           479           461           481           470           482           479           446 
 446           514           452           512           523           503           572           567 
 589           606           680           674           714           740           762           823 
 778           856           871           898           943           933           984           1027 
 1013          981           1024          1022          1047          1031          993           1037 
 994           1027          949           970           975           968           924           883 
 847           871           821           794           733           744           704           669 
 601           610           538           542           494           524           476           408 
 416           389           363           355           318           291           287           266 
 277           231           213           221           185           201           189           157 
 141           155           122           136           130           123           118           106 
 93            92            93            99            84            74            71            71 
 68            67            54            61            52            57            51            48 
 39            40            39            46            44            54            36            38 
 41            29            34            40            24            28            35            37 
 43            38            35            38            35            31            35            27 
 42            35            31            33            39            26            26            28 
 35            36            25            40            37            32            34            22 
 27            31            19            34            35            30            22            29 
 24            31            24            35            32            31            32            30 
 17            37            28            21            32            22            24            30 
 20            25            21            35            38            23            31            25 
 26            27            27            27            15            19            23            26 
 19            21            21            15            16            20            27            41 
 22            19            21            21            20            20            19            20 
 19            25            22            19            22            16            16            19 
 25            17            22            17            25            18            24            26 
 25            26            19            14            23            19            27            19 
 18            18            19            24            21            23            16            20 
 26            22            13            23            23            20            27            19 
 26            24            18            21            17            20            13            24 
 31            16            18            22            23            20            22            13 
 15            21            16            19            10            26            24            27 
 19            14            22            11            20            11            18            20 
 14            18            22            16            18            14            16            17 
 15            15            12            15            8             16            24            15 
 16            16            12            19            23            13            13            20 
 20            12            19            20            14            15            19            22 
 21            14            17            18            22            17            13            14 
 18            16            18            19            9             19            16            10 
 20            21            11            21            14            9             12            20 
 15            18            19            21            14            16            14            20 
 14            15            15            16            21            11            20            19 
 15            15            17            13            23            19            9             13 
 23            19            12            14            16            19            12            20 
 17            17            15            12            19            13            21            8 
 13            17            17            14            26            16            15            13 
 23            11            14            13            21            11            16            18 
 21            14            16            17            13            16            14            15 
 17            22            13            15            17            14            17            14 
 15            19            18            17            20            17            15            15 
 17            18            17            15            8             14            16            14 
 21            9             15            11            12            19            15            9 
 12            20            29            17            11            18            16            10 
 14            17            14            18            10            14            16            10 
 13            13            13            12            12            10            7             13 
 11            15            9             7             13            8             10            17 
 8             5             12            5             9             5             8             6 
 9             10            3             8             6             9             7             3 
 1             6             4             7             8             6             1             2 
