$SPEC_ID:
bMCA Spectrum
$DATE_MEA:
07-07-2022  08:40:05
$MEAS_TIM:
 116.165       120
$DEVICE_ID:
bMCA 06201013
$ACQ_SETTINGS:
 2             120           1000          4             4095 
$HRDW_PARAMS:
PHA
 800
 3             3276          5 
 7             0             1023 
 80            25            45 
 1             1 
$SPEC_CAL:
-39.25932      2.313255      0
$MCA_CAL:
3
-39.25932      2.313255      0
$ROI:
 273           333           32768         1            137Cs
 562           622           16711935      1            60Co
$DATA:
 0             1023 
 9             9             22            49            101           144           212           321 
 419           622           743           790           760           740           813           836 
 799           847           976           982           1097          1145          1117          1061 
 1009          922           854           772           732           747           762           791 
 792           758           774           799           822           772           797           781 
 816           831           870           863           805           825           864           847 
 866           916           870           884           869           902           833           909 
 829           833           874           865           888           901           921           891 
 875           860           845           924           849           885           896           897 
 867           880           806           885           816           854           894           849 
 821           889           885           882           834           860           886           892 
 913           939           907           915           987           976           1021          1000 
 1073          977           1092          1036          1019          1100          1062          1050 
 1069          1093          1086          1088          1075          1077          1082          1030 
 1064          994           1045          1029          965           965           922           934 
 949           952           964           940           920           924           905           859 
 866           859           823           872           838           848           834           773 
 803           775           825           781           766           734           793           777 
 727           796           750           729           763           762           745           704 
 777           703           673           659           686           725           670           692 
 721           725           657           742           700           664           621           668 
 732           718           610           669           657           670           658           618 
 667           685           640           675           645           597           694           647 
 680           655           656           633           618           641           617           665 
 682           604           617           647           602           638           623           623 
 595           604           578           603           627           605           574           552 
 645           578           605           546           522           523           535           538 
 515           493           544           512           498           481           492           483 
 508           501           483           491           463           444           483           457 
 449           453           470           450           411           443           438           420 
 419           420           461           465           440           407           442           440 
 416           424           412           403           437           456           406           437 
 432           430           425           440           418           431           442           456 
 465           439           455           470           492           458           504           494 
 491           510           534           562           598           572           621           642 
 691           715           778           841           811           870           967           957 
 939           1052          1133          1159          1148          1221          1235          1217 
 1341          1354          1393          1356          1324          1301          1276          1271 
 1180          1177          1235          1158          1179          1107          1087          1054 
 954           925           842           801           799           794           737           708 
 679           648           650           636           549           561           525           527 
 485           492           504           483           455           493           464           517 
 478           502           463           443           452           452           509           421 
 480           412           435           438           481           441           446           442 
 442           433           445           458           494           509           428           436 
 440           488           476           482           456           493           465           474 
 463           469           449           462           495           488           494           480 
 488           501           512           502           547           503           524           525 
 506           517           488           488           514           487           529           514 
 520           493           538           506           560           507           511           562 
 527           542           531           511           513           479           483           468 
 522           498           530           479           471           475           462           427 
 453           470           429           434           445           402           467           420 
 426           381           432           406           401           397           380           393 
 367           373           368           351           362           377           343           364 
 338           357           356           378           330           347           344           349 
 317           311           325           329           339           376           360           332 
 339           330           311           312           330           331           308           323 
 323           312           355           322           325           342           335           319 
 323           296           319           333           318           296           316           312 
 338           292           332           312           299           363           335           327 
 320           374           379           391           367           398           403           409 
 457           469           497           557           574           573           633           662 
 684           682           698           670           729           790           811           872 
 803           843           879           828           939           947           897           875 
 908           868           907           868           876           850           922           837 
 806           799           722           720           702           679           690           622 
 625           528           571           504           521           438           435           413 
 384           406           357           371           332           317           334           314 
 314           281           294           304           302           286           342           313 
 317           319           320           371           381           379           405           404 
 435           452           479           515           506           472           561           553 
 604           647           617           657           643           692           631           742 
 736           741           684           784           715           740           720           661 
 761           713           647           569           673           637           585           593 
 561           526           553           521           493           459           404           451 
 418           378           381           363           353           280           321           274 
 271           236           224           223           214           183           199           169 
 175           145           124           151           135           115           122           102 
 94            96            82            94            79            68            76            65 
 52            69            59            51            46            65            47            50 
 46            39            39            47            39            30            32            41 
 35            36            34            33            34            46            30            37 
 29            31            35            31            26            38            21            22 
 23            33            22            18            29            19            28            22 
 20            32            17            18            29            31            24            23 
 20            39            20            21            19            25            25            25 
 22            24            17            18            22            12            19            20 
 16            18            34            20            31            21            18            34 
 17            25            18            21            19            19            21            25 
 19            23            20            30            21            17            11            34 
 23            18            16            29            20            15            22            25 
 32            20            16            19            17            30            20            19 
 19            17            12            19            22            22            23            21 
 15            13            22            18            15            14            21            13 
 20            16            22            21            21            20            24            15 
 21            18            22            25            20            29            15            24 
 13            23            20            12            22            24            17            17 
 21            18            11            19            18            22            15            20 
 17            19            19            14            16            19            12            22 
 23            19            16            17            13            12            16            12 
 16            14            23            9             15            21            11            14 
 22            12            21            20            18            15            13            9 
 22            13            16            20            21            20            7             15 
 21            17            16            13            10            26            11            17 
 14            21            16            27            17            14            20            16 
 23            20            24            17            23            22            13            18 
 11            16            13            15            21            13            16            15 
 20            18            15            13            17            20            17            9 
 10            11            17            16            15            13            11            10 
 20            13            17            15            11            15            19            14 
 21            17            11            11            16            14            15            22 
 20            16            11            13            12            14            16            11 
 10            10            17            11            14            14            9             15 
 12            13            22            14            13            21            8             9 
 12            15            9             17            12            10            12            10 
 13            18            10            7             14            11            16            13 
 22            11            13            19            12            14            11            11 
 13            11            15            16            15            16            10            15 
 14            14            15            20            13            13            21            9 
 20            13            14            7             9             19            16            15 
 13            12            12            16            9             12            10            15 
 20            12            14            17            24            10            18            10 
 14            19            17            14            15            5             12            11 
 8             7             22            10            4             11            13            5 
 11            10            14            16            14            7             11            8 
 5             4             7             9             7             6             12            12 
 7             4             7             13            6             4             5             8 
