$SPEC_ID:
bMCA Spectrum
$DATE_MEA:
07-04-2022  11:19:54
$MEAS_TIM:
 233.02        240
$DEVICE_ID:
bMCA 06201013
$ACQ_SETTINGS:
 2             240           1000          4             4095 
$HRDW_PARAMS:
PHA
 800
 3             3276          5 
 7             0             1023 
 80            25            45 
 1             1 
$SPEC_CAL:
-5.490132      2.161477      2.078236E-04
$MCA_CAL:
3
-5.490132      2.161477      2.078236E-04
$ROI:
 267           332           32768         1            137Cs
 553           618           16711935      1            60Co
$DATA:
 0             1023 
 10            34            59            110           186           334           516           739 
 1073          1446          1632          1737          1775          1741          1713          1726 
 1814          1868          1940          2178          2361          2398          2574          2412 
 2255          1948          1705          1577          1472          1563          1569          1585 
 1589          1603          1665          1643          1613          1658          1667          1638 
 1690          1669          1709          1720          1691          1679          1671          1731 
 1679          1748          1688          1672          1711          1668          1729          1760 
 1684          1735          1762          1727          1741          1748          1715          1724 
 1681          1699          1653          1693          1711          1705          1669          1692 
 1671          1707          1625          1704          1663          1676          1714          1722 
 1717          1753          1771          1785          1787          1846          1932          1847 
 1797          1865          1929          1918          1887          1897          1917          1960 
 2009          1969          2030          2010          1912          2027          2007          2069 
 2038          1982          2030          2025          2000          1926          1932          1888 
 1989          1843          1907          1842          1874          1810          1757          1791 
 1824          1713          1712          1773          1660          1643          1654          1751 
 1629          1642          1569          1548          1593          1497          1496          1457 
 1486          1511          1551          1523          1516          1471          1423          1458 
 1507          1455          1468          1515          1414          1398          1457          1384 
 1503          1367          1376          1373          1371          1362          1364          1318 
 1253          1346          1304          1362          1259          1301          1329          1260 
 1253          1247          1271          1241          1227          1265          1252          1248 
 1210          1254          1266          1266          1220          1214          1220          1214 
 1248          1203          1203          1241          1223          1255          1186          1167 
 1258          1170          1175          1162          1212          1167          1155          1202 
 1253          1125          1170          1151          1189          1111          1139          1046 
 1069          1041          1027          952           978           1004          953           913 
 917           939           881           881           883           856           847           911 
 843           799           813           833           783           790           780           781 
 784           702           738           770           723           776           738           765 
 754           802           761           736           720           761           725           749 
 756           763           750           747           764           787           734           725 
 759           760           742           775           789           786           781           759 
 752           762           847           830           830           901           955           1006 
 1035          1102          1167          1214          1239          1398          1469          1604 
 1643          1744          1867          1882          2060          2248          2234          2378 
 2502          2538          2701          2750          2807          2759          2837          2836 
 2924          2947          2979          2894          2883          2819          2747          2682 
 2616          2560          2411          2327          2312          2158          2022          1833 
 1770          1632          1584          1483          1450          1373          1267          1239 
 1140          1039          1076          979           991           914           908           896 
 828           808           807           809           786           740           763           755 
 773           740           736           753           766           753           758           756 
 709           717           725           753           727           795           787           796 
 760           788           745           798           760           761           823           783 
 797           748           749           761           834           776           813           821 
 844           784           786           777           810           815           856           863 
 842           818           821           826           846           752           854           812 
 820           873           840           889           878           856           853           862 
 824           872           867           791           890           883           828           862 
 827           825           776           805           764           819           801           806 
 855           778           779           772           750           694           740           766 
 744           693           665           694           696           719           710           654 
 686           707           620           618           647           628           629           605 
 580           592           621           599           611           621           564           535 
 568           544           536           580           568           561           592           550 
 526           502           547           537           571           543           567           519 
 557           546           539           520           538           542           531           511 
 483           490           534           518           493           524           495           513 
 476           527           485           473           498           504           498           488 
 547           507           520           542           583           586           612           605 
 624           669           725           761           738           858           878           880 
 945           944           970           1144          1077          1061          1180          1184 
 1272          1303          1357          1294          1368          1369          1456          1502 
 1399          1466          1470          1582          1448          1431          1477          1501 
 1384          1427          1383          1283          1292          1231          1210          1146 
 1104          1053          1024          986           950           889           839           819 
 740           687           730           662           644           649           601           587 
 611           529           494           476           506           492           509           520 
 489           528           511           540           565           572           570           581 
 639           640           699           679           725           720           824           842 
 867           881           934           924           993           988           1032          1044 
 1023          1109          1108          1086          1073          1101          1176          1111 
 1147          1114          1100          1078          1080          969           1008          1013 
 957           987           902           930           818           887           813           797 
 755           739           668           678           626           579           529           522 
 496           459           429           430           372           372           312           358 
 326           270           276           254           239           259           213           165 
 186           174           182           173           144           139           142           125 
 106           114           108           93            79            83            82            80 
 79            81            76            67            80            58            60            63 
 54            54            53            42            56            54            46            54 
 50            37            47            43            48            35            39            37 
 40            32            44            51            48            34            37            33 
 26            34            35            31            34            26            24            37 
 30            47            37            38            43            30            37            39 
 25            35            37            34            29            41            22            45 
 36            30            31            28            34            34            30            36 
 29            28            26            31            32            24            26            29 
 33            26            28            30            26            24            27            34 
 30            29            29            25            33            31            27            12 
 30            30            31            24            34            34            34            25 
 36            26            26            31            27            35            28            24 
 28            29            26            29            33            21            32            18 
 40            19            26            20            29            17            23            19 
 27            30            29            33            29            23            25            27 
 30            27            19            25            35            24            25            24 
 20            20            24            29            31            28            17            22 
 26            31            32            22            17            24            35            34 
 25            18            23            28            23            24            17            24 
 13            31            19            21            23            24            22            22 
 20            19            18            23            28            22            23            28 
 16            27            25            19            23            21            17            23 
 22            23            15            21            28            31            17            25 
 27            24            21            19            19            21            12            18 
 21            30            31            20            24            20            21            18 
 18            15            15            24            12            19            25            17 
 13            23            15            22            17            26            13            19 
 25            19            15            17            12            15            13            16 
 19            13            24            19            18            15            18            20 
 16            21            22            19            21            17            20            23 
 20            19            16            21            20            18            17            15 
 15            20            22            17            21            13            16            23 
 13            18            20            21            20            22            20            14 
 8             18            21            24            26            24            15            20 
 13            26            21            11            20            26            15            24 
 19            26            15            24            18            8             17            19 
 14            22            24            13            24            16            20            17 
 17            16            21            19            16            19            22            16 
 14            13            23            12            23            18            22            20 
 18            20            23            18            10            27            21            19 
 18            13            23            17            15            17            20            17 
 13            21            17            16            22            9             24            20 
 19            18            19            13            13            9             10            16 
 20            12            11            10            10            13            12            5 
 13            11            12            14            6             11            11            9 
 17            22            17            15            14            6             6             7 
 9             8             6             10            6             7             6             7 
