$SPEC_ID:
bMCA Spectrum
$DATE_MEA:
07-07-2022  10:11:18
$MEAS_TIM:
 236.08        240
$DEVICE_ID:
bMCA 06201013
$ACQ_SETTINGS:
 2             240           1000          4             4095 
$HRDW_PARAMS:
PHA
 800
 3             3276          5 
 7             0             1023 
 80            25            45 
 1             1 
$SPEC_CAL:
-39.25932      2.313255      0
$MCA_CAL:
3
-39.25932      2.313255      0
$ROI:
 267           333           32768         1            137Cs
 46            75            33023         1            57Co
$DATA:
 0             1023 
 12            15            40            68            118           220           391           646 
 899           1175          1400          1420          1441          1323          1259          1186 
 1204          1294          1380          1585          1722          1788          1912          1722 
 1490          1342          1077          936           912           894           936           994 
 1077          1162          1299          1393          1589          1591          1766          1844 
 1747          1901          1910          2047          2004          2273          2726          3359 
 3835          4820          5962          6992          7932          8807          9283          9074 
 9077          8757          8509          8380          8567          8801          9270          9425 
 9333          9167          8253          7444          6311          5221          4160          3373 
 2678          2072          1734          1453          1279          1112          970           916 
 911           845           880           854           838           804           828           848 
 863           871           874           897           847           932           883           919 
 881           832           845           884           873           907           793           799 
 833           836           771           828           795           803           749           792 
 768           710           694           705           745           699           684           663 
 681           649           637           638           654           615           605           594 
 552           613           590           595           546           584           613           563 
 570           575           545           527           544           535           582           501 
 539           535           480           524           532           526           518           471 
 509           482           495           454           484           470           450           469 
 441           488           490           503           481           472           499           451 
 481           476           488           448           471           433           490           453 
 456           449           480           435           474           440           460           493 
 431           484           495           441           468           465           479           466 
 500           460           505           455           433           491           445           471 
 444           452           414           412           441           430           359           369 
 358           382           338           324           300           300           317           278 
 262           243           262           223           213           200           210           198 
 186           155           155           172           132           146           149           148 
 136           129           140           128           114           106           125           100 
 96            97            100           95            102           99            85            95 
 89            82            92            84            72            72            80            99 
 91            102           99            90            94            89            92            90 
 98            132           119           154           166           154           205           212 
 237           269           311           389           470           527           524           558 
 645           739           790           884           996           1158          1205          1275 
 1359          1407          1533          1686          1667          1732          1815          1871 
 1912          1895          1990          1959          1961          1878          1951          1898 
 1736          1758          1688          1603          1633          1486          1363          1308 
 1244          1105          983           923           855           788           685           636 
 640           516           472           405           356           305           282           241 
 210           174           149           157           142           116           105           91 
 61            62            57            54            43            47            33            36 
 42            26            23            39            27            20            22            17 
 29            22            18            22            22            11            22            22 
 20            15            25            21            16            16            17            23 
 15            14            16            23            15            23            24            8 
 9             12            16            22            18            10            14            13 
 23            13            16            17            13            13            9             14 
 13            18            15            15            14            26            21            17 
 19            23            12            21            10            11            22            15 
 15            23            17            12            22            13            11            15 
 13            21            14            12            19            14            13            22 
 15            24            12            12            7             17            18            10 
 9             12            8             13            6             14            6             17 
 10            15            22            13            9             13            9             16 
 11            15            9             9             18            16            8             10 
 8             12            11            8             18            13            10            12 
 7             7             13            2             4             6             10            13 
 6             11            14            12            7             16            6             9 
 5             13            11            9             8             8             14            11 
 4             9             14            9             10            6             16            15 
 10            19            9             20            12            5             11            17 
 12            15            13            14            9             8             9             11 
 16            17            14            17            13            6             14            8 
 17            16            6             14            12            15            13            15 
 12            8             7             14            10            7             15            6 
 9             13            13            14            7             7             6             9 
 10            10            3             6             15            8             17            11 
 11            13            13            11            11            6             11            8 
 11            10            7             8             8             9             11            6 
 2             11            8             9             6             4             10            6 
 9             10            9             10            5             5             5             9 
 7             10            14            8             10            4             5             10 
 8             7             8             7             10            7             10            11 
 10            7             9             5             8             10            7             8 
 8             3             7             9             9             6             5             8 
 13            8             11            5             10            9             10            11 
 8             8             7             7             7             7             4             1 
 9             8             13            4             7             5             7             2 
 9             10            9             13            14            7             7             5 
 8             9             10            6             1             13            3             14 
 7             8             6             4             7             5             5             2 
 4             7             6             5             4             4             5             4 
 3             7             8             3             8             8             2             1 
 2             2             5             3             1             6             4             3 
 6             3             3             2             5             1             3             2 
 2             1             1             4             1             2             3             3 
 2             2             4             1             2             1             3             3 
 3             0             2             0             0             2             1             2 
 2             3             1             1             0             2             0             2 
 2             1             1             3             1             1             1             2 
 3             0             1             2             2             3             4             2 
 3             2             1             1             2             3             0             0 
 1             2             2             1             1             1             1             2 
 1             3             1             1             0             0             0             0 
 0             1             2             1             3             2             3             1 
 1             3             2             2             0             1             1             2 
 1             0             4             2             1             3             4             5 
 1             3             0             2             1             1             0             2 
 1             2             2             1             2             0             1             0 
 0             2             0             0             0             4             1             0 
 0             0             0             0             1             0             1             1 
 0             1             1             2             1             1             0             0 
 0             1             0             0             1             0             2             0 
 2             1             1             1             2             0             0             2 
 0             1             1             0             2             0             3             0 
 1             0             1             4             0             1             0             0 
 2             2             1             2             2             0             0             0 
 0             1             1             1             0             0             0             0 
 0             3             2             1             1             1             0             1 
 0             0             1             2             1             3             1             0 
 1             0             2             0             2             0             2             1 
 0             0             0             2             0             2             2             2 
 0             0             1             0             2             3             1             1 
 1             2             3             0             2             1             2             1 
 0             0             2             0             3             2             0             0 
 0             0             1             0             1             1             0             1 
 1             2             0             1             0             1             1             0 
 0             0             1             2             3             0             0             2 
 0             1             1             0             0             1             0             2 
 2             1             1             0             1             1             0             0 
 1             1             0             2             1             1             1             0 
 0             0             0             1             1             0             0             0 
 0             0             0             0             0             0             1             2 
 1             0             1             0             0             0             0             1 
 0             2             0             1             0             1             0             1 
 0             1             0             2             1             0             0             0 
