$SPEC_ID:
bMCA Spectrum
$DATE_MEA:
07-07-2022  08:38:03
$MEAS_TIM:
 116.145       120
$DEVICE_ID:
bMCA 06201013
$ACQ_SETTINGS:
 2             120           1000          4             4095 
$HRDW_PARAMS:
PHA
 800
 3             3276          5 
 7             0             1023 
 80            25            45 
 1             1 
$SPEC_CAL:
-39.25932      2.313255      0
$MCA_CAL:
3
-39.25932      2.313255      0
$ROI:
 273           333           32768         1            137Cs
 562           622           16711935      1            60Co
$DATA:
 0             1023 
 5             18            18            60            101           142           230           343 
 460           608           717           744           783           801           749           797 
 809           843           946           1004          1033          1128          1153          1090 
 987           938           828           856           763           741           741           795 
 772           787           816           830           857           794           803           844 
 867           855           835           938           870           803           854           890 
 871           853           847           877           839           925           855           835 
 869           855           893           831           834           870           880           847 
 868           854           829           872           842           887           847           884 
 824           884           885           869           857           848           891           824 
 851           863           904           864           944           869           916           868 
 872           927           993           935           926           940           967           1007 
 1005          1016          1001          1026          1037          1050          946           1042 
 1069          1109          1159          1117          1135          1096          1114          1080 
 1095          1074          1048          1008          1020          992           966           1059 
 978           984           931           940           961           858           898           912 
 859           802           857           817           830           812           803           819 
 758           796           826           834           790           784           769           738 
 792           758           744           781           739           743           677           716 
 758           729           653           730           712           729           729           659 
 682           669           649           710           646           684           657           658 
 677           655           641           662           687           696           656           636 
 614           667           634           663           635           668           637           633 
 639           590           648           644           604           670           644           609 
 610           584           582           637           625           632           638           637 
 655           624           600           582           570           579           581           541 
 583           605           539           581           605           539           548           528 
 512           497           493           499           494           513           515           507 
 466           443           464           454           441           461           507           459 
 469           461           435           454           441           496           445           442 
 447           461           466           456           462           426           415           428 
 426           396           407           438           444           441           437           409 
 459           424           437           420           459           422           422           425 
 444           459           438           445           463           484           481           474 
 512           482           556           545           552           615           606           711 
 731           730           722           775           848           899           877           910 
 936           1043          1046          1153          1161          1147          1253          1286 
 1290          1283          1378          1400          1324          1300          1311          1329 
 1276          1255          1258          1216          1190          1090          1058          1047 
 966           953           886           863           804           795           809           680 
 728           684           588           636           580           562           540           569 
 515           523           455           512           500           467           444           455 
 466           465           483           459           480           451           423           440 
 464           468           502           430           482           440           462           469 
 467           398           513           476           448           463           501           442 
 457           500           474           462           454           478           497           466 
 471           500           439           506           484           493           499           507 
 515           485           533           498           530           513           514           506 
 504           499           493           509           520           529           491           523 
 492           513           516           545           514           537           505           486 
 493           496           501           509           489           547           513           492 
 503           532           496           508           517           484           446           460 
 471           472           471           467           453           416           426           393 
 399           438           428           394           423           390           418           407 
 372           392           396           358           341           380           398           390 
 336           361           362           366           362           369           312           364 
 335           340           329           339           331           316           314           316 
 323           319           331           347           366           341           320           304 
 335           341           289           302           304           331           317           296 
 325           301           317           318           318           325           284           289 
 288           309           301           331           289           265           336           312 
 347           377           349           383           383           395           426           454 
 469           509           527           484           508           561           605           614 
 652           700           689           714           773           800           835           855 
 840           832           869           913           919           916           997           938 
 959           907           888           915           906           913           834           842 
 744           864           759           792           746           689           651           624 
 616           605           599           533           510           460           444           439 
 459           413           409           355           353           340           336           341 
 288           301           345           316           302           309           304           317 
 337           336           351           372           395           397           381           446 
 434           479           478           476           534           495           481           580 
 593           593           624           619           632           675           646           703 
 710           722           735           729           731           710           744           635 
 722           675           669           703           647           613           656           604 
 576           525           538           549           494           502           465           428 
 426           394           347           364           343           334           325           274 
 274           248           234           209           223           170           187           165 
 131           165           125           133           137           118           116           100 
 107           86            93            84            75            70            60            70 
 64            66            59            48            63            49            52            53 
 59            48            35            40            36            31            40            39 
 41            18            27            27            34            27            37            31 
 42            26            29            19            24            26            26            27 
 27            34            30            27            20            27            22            24 
 31            21            21            32            31            39            16            34 
 31            27            23            28            31            24            17            26 
 27            26            23            21            27            25            24            35 
 24            29            15            28            27            18            25            22 
 27            27            20            25            25            19            19            29 
 25            25            16            26            14            26            24            25 
 23            26            23            24            17            17            26            21 
 23            22            22            15            13            13            20            20 
 18            21            19            26            21            22            19            17 
 23            25            20            23            22            24            19            18 
 22            20            14            23            26            24            18            12 
 17            25            23            15            26            20            14            9 
 21            20            14            19            19            21            17            18 
 21            17            21            18            18            14            20            19 
 16            19            24            21            19            22            21            17 
 11            17            17            18            20            19            17            16 
 20            15            19            16            12            16            14            9 
 20            15            15            17            19            10            17            15 
 19            23            16            20            27            23            9             14 
 15            19            18            18            14            15            10            19 
 13            13            13            15            16            15            8             14 
 6             12            20            13            10            14            16            18 
 22            19            26            16            16            20            16            11 
 19            18            13            15            21            13            16            9 
 13            16            10            12            11            16            20            18 
 17            18            17            11            11            15            15            16 
 16            12            19            18            11            14            17            10 
 18            14            13            7             11            14            14            16 
 22            12            10            10            10            17            14            9 
 14            17            17            12            17            18            9             12 
 11            15            14            11            12            18            13            14 
 11            16            15            10            16            15            14            10 
 13            15            13            19            15            16            13            15 
 14            10            13            11            8             19            15            11 
 13            14            9             12            14            11            17            17 
 14            14            13            9             13            13            16            10 
 9             15            16            17            12            15            21            7 
 16            15            12            16            14            21            19            7 
 4             10            17            14            17            11            16            8 
 11            13            4             12            18            9             11            13 
 10            10            13            11            10            9             10            11 
 5             8             10            15            11            9             13            14 
 10            7             7             9             3             8             8             6 
