$SPEC_ID:
bMCA Spectrum
$DATE_MEA:
07-04-2022  09:25:58
$MEAS_TIM:
 57.91         60
$DEVICE_ID:
bMCA 06201013
$ACQ_SETTINGS:
 2             60            1000          4             4095 
$HRDW_PARAMS:
PHA
 800
 3             3276          5 
 7             0             1023 
 80            25            45 
 1             1 
$SPEC_CAL:
-5.490132      2.161477      2.078236E-04
$MCA_CAL:
3
-5.490132      2.161477      2.078236E-04
$ROI:
 267           333           32768         1            137Cs
 553           618           16711935      1            60Co
 46            75            33023         1            57Co
$DATA:
 0             1023 
 3             9             18            31            56            122           154           244 
 343           386           448           471           438           500           461           453 
 495           540           524           642           635           627           630           620 
 573           491           485           420           419           405           448           470 
 480           499           544           574           635           622           689           716 
 703           696           680           712           747           802           869           1089 
 1319          1548          1841          2082          2336          2485          2444          2546 
 2528          2505          2359          2415          2362          2490          2577          2549 
 2556          2426          2290          1937          1618          1357          1146          906 
 773           633           597           594           527           450           471           447 
 412           396           423           419           436           428           430           449 
 434           470           464           451           439           447           446           462 
 469           445           521           458           473           450           475           521 
 505           496           478           517           467           454           477           442 
 434           446           475           496           426           426           379           431 
 385           439           416           435           403           399           404           353 
 384           390           348           378           379           390           397           367 
 335           366           351           360           332           335           340           337 
 339           357           364           327           358           332           335           296 
 305           304           308           329           307           320           341           313 
 306           310           284           307           320           313           302           287 
 283           299           296           293           327           297           274           303 
 276           314           273           284           278           298           288           271 
 271           302           265           254           314           298           299           255 
 273           271           295           278           270           276           283           265 
 268           289           268           270           253           219           258           232 
 266           251           257           251           233           229           219           223 
 215           192           226           229           230           190           185           210 
 191           216           223           183           190           195           191           179 
 160           185           188           192           163           171           169           147 
 180           166           170           166           192           187           178           193 
 171           167           184           149           191           172           163           161 
 155           185           171           173           175           160           213           207 
 197           205           220           199           201           206           225           221 
 259           250           229           265           300           305           327           383 
 370           432           423           415           455           494           509           562 
 539           588           573           640           647           635           731           694 
 653           667           632           625           602           591           620           608 
 553           558           530           504           489           424           442           397 
 417           403           339           343           342           313           280           257 
 261           256           224           221           211           214           200           190 
 180           184           188           194           185           173           171           177 
 162           151           164           157           189           196           170           179 
 179           179           191           142           161           147           169           179 
 181           168           163           172           176           200           174           182 
 162           178           167           180           170           180           201           160 
 162           184           202           192           200           174           188           147 
 183           168           172           206           223           197           214           207 
 203           193           194           194           194           196           178           167 
 220           198           197           196           205           160           187           190 
 197           177           184           175           181           176           191           158 
 173           224           152           179           196           176           160           154 
 165           157           152           149           155           159           164           175 
 146           141           119           147           139           138           139           140 
 114           125           116           142           133           144           131           142 
 149           121           126           116           123           121           133           142 
 127           119           117           146           124           125           132           127 
 123           120           127           109           114           116           134           122 
 113           123           128           113           104           126           118           143 
 134           121           110           132           80            100           115           134 
 126           120           107           130           144           131           131           157 
 124           144           160           184           196           211           207           206 
 221           204           237           243           252           250           319           265 
 276           279           319           315           347           324           344           321 
 337           332           328           379           326           342           343           338 
 303           280           307           283           289           295           293           257 
 274           227           233           185           213           201           191           166 
 216           168           152           145           115           131           135           107 
 133           142           119           125           104           123           97            110 
 109           104           113           126           125           135           153           148 
 169           148           136           165           175           178           172           181 
 193           216           219           227           207           252           236           244 
 223           225           267           240           248           269           238           285 
 257           257           250           230           245           224           213           205 
 206           200           189           213           201           184           169           145 
 164           165           157           136           168           125           104           99 
 128           101           80            80            95            86            70            76 
 59            65            51            56            73            51            48            46 
 39            43            38            35            32            32            28            45 
 25            22            25            22            17            25            27            23 
 15            25            13            18            14            15            18            9 
 15            9             11            9             13            11            9             10 
 11            18            4             6             11            7             7             9 
 10            10            7             6             7             6             7             10 
 6             6             10            3             5             9             5             6 
 9             12            9             3             6             15            7             12 
 8             6             6             8             7             4             5             7 
 11            10            8             6             6             7             7             3 
 8             6             4             10            5             3             6             7 
 11            7             10            8             5             11            7             8 
 5             6             11            7             5             6             5             6 
 3             7             6             8             6             7             3             11 
 6             2             8             8             6             4             5             7 
 3             6             6             7             7             9             8             5 
 5             7             2             2             6             12            7             6 
 4             5             5             4             6             12            3             5 
 6             5             7             6             2             2             5             6 
 2             7             4             6             3             5             7             2 
 4             6             10            6             7             5             7             5 
 6             3             4             5             2             3             6             2 
 4             2             5             7             3             4             4             3 
 4             3             4             4             3             4             5             8 
 3             3             4             6             4             6             3             4 
 6             7             7             4             1             3             3             1 
 6             3             2             3             5             4             3             2 
 5             1             5             3             8             6             12            3 
 5             4             5             5             6             8             3             7 
 5             0             4             6             7             3             4             6 
 4             4             1             2             1             4             4             3 
 5             7             4             2             3             4             4             5 
 6             4             1             4             2             2             7             2 
 4             8             3             3             4             0             7             6 
 3             2             4             5             3             4             2             4 
 2             7             1             4             4             4             1             5 
 3             4             2             4             5             4             5             4 
 5             0             5             0             4             5             2             5 
 7             7             8             2             2             5             2             2 
 0             2             3             0             0             7             5             3 
 6             0             5             2             7             3             4             9 
 6             4             6             5             2             8             4             1 
 5             9             4             2             2             2             5             2 
 6             5             5             1             4             4             2             5 
 7             4             2             2             10            4             2             3 
 1             4             4             3             4             2             5             2 
 3             8             1             2             1             1             1             4 
 2             3             2             0             3             2             1             0 
 2             2             2             0             0             0             2             0 
 3             1             1             2             1             5             3             2 
