$SPEC_ID:
bMCA Spectrum
$DATE_MEA:
07-07-2022  10:19:20
$MEAS_TIM:
 236.075       240
$DEVICE_ID:
bMCA 06201013
$ACQ_SETTINGS:
 2             240           1000          4             4095 
$HRDW_PARAMS:
PHA
 800
 3             3276          5 
 7             0             1023 
 80            25            45 
 1             1 
$SPEC_CAL:
-39.25932      2.313255      0
$MCA_CAL:
3
-39.25932      2.313255      0
$ROI:
 267           333           32768         1            137Cs
 46            75            33023         1            57Co
$DATA:
 0             1023 
 8             17            36            75            133           219           389           664 
 952           1175          1326          1409          1361          1284          1233          1215 
 1175          1274          1420          1591          1798          1981          1833          1746 
 1556          1283          1079          973           967           886           965           1030 
 1034          1204          1296          1348          1515          1687          1769          1876 
 1886          1923          1974          2020          2076          2377          2717          3159 
 3978          4824          5945          7054          7991          8807          9169          9088 
 8905          8939          8418          8501          8372          8826          9174          9330 
 9511          9164          8341          7525          6377          5283          4247          3386 
 2698          2094          1760          1451          1202          1081          952           894 
 856           869           883           854           828           823           940           869 
 917           894           913           867           897           849           918           890 
 825           882           862           857           864           887           801           823 
 794           824           863           829           793           744           723           785 
 727           696           730           716           679           724           678           691 
 633           688           656           616           634           689           642           602 
 605           568           593           639           593           539           564           533 
 567           573           577           563           562           532           578           533 
 556           501           482           493           511           520           475           534 
 530           487           465           525           537           484           488           484 
 512           494           480           458           487           435           453           458 
 468           507           456           464           463           438           464           459 
 448           462           477           450           492           484           447           474 
 447           466           482           481           438           455           487           461 
 470           440           467           437           457           490           446           450 
 443           432           416           438           407           403           396           363 
 384           366           357           332           324           311           283           259 
 270           253           234           222           217           215           224           196 
 204           173           165           164           137           155           139           135 
 129           108           111           131           111           132           103           126 
 103           101           96            108           108           114           96            105 
 82            70            74            76            86            75            85            81 
 67            87            87            86            89            83            90            84 
 114           121           143           135           170           175           210           212 
 256           287           327           390           433           437           489           570 
 715           710           817           852           1044          1082          1235          1283 
 1381          1489          1512          1569          1702          1686          1839          1905 
 1958          1905          1998          1980          1928          1955          1899          1811 
 1769          1693          1696          1666          1453          1418          1327          1273 
 1207          1108          1007          956           833           759           671           593 
 568           486           475           408           343           342           259           245 
 207           154           171           156           122           113           99            95 
 71            70            42            48            40            46            42            38 
 36            32            17            26            15            16            26            17 
 19            15            21            26            22            24            19            19 
 16            12            26            15            18            14            22            20 
 20            18            8             19            17            17            24            20 
 11            12            11            19            10            15            16            19 
 11            21            23            17            16            19            13            12 
 19            25            16            20            23            10            16            18 
 15            15            10            18            10            12            11            23 
 16            6             18            18            17            24            18            8 
 12            13            13            17            19            17            16            14 
 12            17            12            11            9             16            23            12 
 10            12            17            9             16            12            9             11 
 13            14            15            11            8             17            12            17 
 9             12            9             21            9             9             12            14 
 13            17            12            15            10            16            10            6 
 8             10            12            7             8             5             18            12 
 10            16            17            7             18            10            6             10 
 8             10            12            9             13            17            12            11 
 14            19            12            9             10            9             10            12 
 11            8             11            9             12            8             17            13 
 9             9             12            17            10            15            11            17 
 10            21            14            14            9             11            8             9 
 12            12            20            9             14            12            7             15 
 13            19            18            11            9             9             10            14 
 7             13            10            4             8             9             10            11 
 6             12            13            8             9             7             10            5 
 7             12            4             12            13            11            8             6 
 6             8             5             6             7             5             7             5 
 6             8             10            10            6             7             9             7 
 10            7             7             10            7             13            5             14 
 8             8             9             11            13            8             11            11 
 8             12            4             11            13            7             8             6 
 7             7             17            12            10            12            5             6 
 12            9             12            8             6             12            6             9 
 5             3             12            7             7             3             8             6 
 7             8             7             10            4             7             8             10 
 6             12            4             10            5             9             8             3 
 16            6             16            7             7             9             11            11 
 6             6             10            10            9             7             3             8 
 9             9             11            13            7             6             7             11 
 2             10            5             5             8             7             3             10 
 13            7             5             4             9             0             7             8 
 5             5             3             2             3             4             4             3 
 6             2             4             5             3             1             3             4 
 3             4             3             3             3             1             3             2 
 3             2             1             0             2             3             1             1 
 2             0             2             1             1             1             2             1 
 0             5             0             0             4             3             1             1 
 4             0             2             3             2             0             0             5 
 3             3             2             2             1             0             0             1 
 1             2             0             1             0             3             1             1 
 2             1             3             2             2             2             1             1 
 3             2             3             1             2             2             0             2 
 2             1             2             1             2             0             2             2 
 0             1             1             3             3             1             4             2 
 2             0             1             2             0             2             4             1 
 0             1             2             3             2             2             1             1 
 3             1             2             2             0             1             4             2 
 1             1             2             1             0             2             0             0 
 0             2             2             2             4             2             1             1 
 3             3             0             1             0             1             2             1 
 1             0             0             1             0             0             0             0 
 1             0             0             0             2             1             1             1 
 0             1             1             0             1             2             1             2 
 0             1             0             1             0             0             1             0 
 1             1             2             0             0             1             1             0 
 0             0             0             0             1             1             0             1 
 0             0             0             2             1             0             1             2 
 0             2             0             0             1             0             1             1 
 0             0             2             1             1             2             1             2 
 1             2             2             0             1             1             1             1 
 1             0             2             0             0             0             0             1 
 1             0             2             1             0             0             2             2 
 0             0             1             0             1             0             0             2 
 0             0             1             1             1             0             0             0 
 1             1             1             0             0             0             1             1 
 1             1             2             0             1             0             1             0 
 0             0             2             2             2             0             1             3 
 2             1             1             1             2             0             0             2 
 0             0             2             2             1             0             0             1 
 0             0             1             0             1             1             1             0 
 0             1             1             1             1             0             2             0 
 0             1             1             1             1             0             2             0 
 1             0             1             1             0             1             0             0 
 2             1             0             1             1             0             1             0 
