$SPEC_ID:
bMCA Spectrum
$DATE_MEA:
07-05-2022  08:53:05
$MEAS_TIM:
 177.235       180
$DEVICE_ID:
bMCA 06201013
$ACQ_SETTINGS:
 2             180           1000          4             4095 
$HRDW_PARAMS:
PHA
 800
 3             3276          5 
 7             0             1023 
 80            25            45 
 1             1 
$SPEC_CAL:
-2.996172      2.07587       2.903056E-04
$MCA_CAL:
3
-2.996172      2.07587       2.903056E-04
$ROI:
 270           340           32768         1            137Cs
 46            75            33023         1            57Co
$DATA:
 0             1023 
 4             9             24            58            93            182           291           502 
 698           911           1075          1056          1118          1087          989           990 
 987           993           1113          1243          1403          1437          1464          1379 
 1211          990           897           698           703           711           716           734 
 824           813           855           923           960           1033          1079          1134 
 1183          1278          1307          1347          1408          1472          1618          1992 
 2468          2831          3362          4025          4659          5046          5499          5368 
 5236          5212          5014          5006          5083          5087          5304          5472 
 5313          5291          4813          4318          3694          3120          2496          2049 
 1632          1356          1145          1028          923           809           779           712 
 760           699           727           654           690           692           662           711 
 691           747           700           760           701           692           699           763 
 784           724           704           748           713           692           698           724 
 631           683           638           655           602           629           597           636 
 570           614           596           611           554           548           585           549 
 524           550           545           549           484           530           483           533 
 511           470           475           498           446           409           499           462 
 464           477           456           445           394           412           459           490 
 429           447           487           428           380           392           399           434 
 416           444           393           400           374           407           398           417 
 389           394           373           413           380           382           385           401 
 379           400           393           377           411           330           384           373 
 441           412           410           399           376           417           375           385 
 365           366           378           387           382           430           389           389 
 379           409           406           364           376           380           380           408 
 374           373           360           366           343           339           349           358 
 325           320           291           291           283           276           230           223 
 225           195           224           203           200           188           178           153 
 135           141           128           129           139           132           121           116 
 123           103           89            92            96            95            86            84 
 84            61            95            86            89            96            73            85 
 49            76            69            88            63            82            69            64 
 56            63            88            78            81            84            69            77 
 75            83            92            112           130           129           143           176 
 185           216           267           256           291           357           380           453 
 513           540           655           682           846           875           938           1027 
 1083          1246          1298          1341          1318          1476          1467          1646 
 1640          1666          1644          1758          1651          1720          1709          1686 
 1637          1631          1580          1428          1386          1353          1184          1221 
 1096          1048          934           835           802           733           604           617 
 571           453           447           412           297           315           264           248 
 199           182           133           129           122           96            90            75 
 70            75            38            47            50            27            49            30 
 22            30            25            16            19            20            19            23 
 25            22            13            21            21            9             8             20 
 15            14            12            19            18            19            17            9 
 16            17            22            16            12            23            14            13 
 16            15            12            12            16            12            11            20 
 13            12            10            9             9             14            15            14 
 12            16            15            16            18            19            10            10 
 17            11            14            14            14            14            12            17 
 6             9             11            8             11            11            15            13 
 11            15            13            17            7             10            13            9 
 16            10            11            10            13            10            17            17 
 6             7             10            14            10            10            7             9 
 12            6             12            15            8             15            7             15 
 9             11            9             12            11            12            4             8 
 4             9             10            14            6             9             8             8 
 12            9             15            8             5             10            13            10 
 10            8             10            11            9             7             8             3 
 5             8             8             10            9             9             9             11 
 13            6             7             10            6             9             16            5 
 12            8             9             7             11            8             9             15 
 12            12            6             18            11            11            13            11 
 12            11            7             8             10            14            12            10 
 10            10            7             16            11            15            11            9 
 16            14            12            13            10            14            15            4 
 5             12            4             6             9             10            10            9 
 8             9             14            8             4             7             9             6 
 7             3             9             1             8             5             6             6 
 9             5             5             3             7             2             6             5 
 9             1             3             1             6             7             8             6 
 4             5             5             10            11            9             7             5 
 5             8             6             13            8             3             10            7 
 5             9             12            7             6             5             9             8 
 13            7             8             9             8             7             10            3 
 2             7             7             7             6             6             8             8 
 6             11            6             4             5             7             4             3 
 5             5             5             10            8             10            6             3 
 5             2             8             4             7             3             6             7 
 2             7             4             3             12            5             5             2 
 5             7             4             8             3             6             10            5 
 7             10            2             10            6             8             5             5 
 2             3             8             8             5             6             3             1 
 3             3             0             4             4             4             3             2 
 2             0             3             4             8             3             3             1 
 1             3             3             3             4             1             0             2 
 3             2             3             1             3             3             1             1 
 2             4             0             1             2             1             2             0 
 4             3             1             1             0             3             2             0 
 3             2             2             1             1             2             1             1 
 1             0             3             2             2             0             1             0 
 0             2             0             0             0             2             2             0 
 2             3             1             1             1             0             2             0 
 1             0             0             0             1             1             1             0 
 0             0             1             2             1             2             1             1 
 1             0             3             2             2             2             0             1 
 0             3             1             1             1             0             0             2 
 2             2             1             0             2             0             2             0 
 0             1             3             3             0             1             0             0 
 1             1             1             1             0             1             0             0 
 0             1             3             0             0             3             1             1 
 0             1             2             1             1             1             1             1 
 0             1             1             2             0             0             4             0 
 0             0             1             2             0             0             1             2 
 0             1             1             0             0             0             1             0 
 0             0             0             2             1             2             2             0 
 0             1             0             0             2             1             0             0 
 0             2             1             0             1             0             1             0 
 1             0             1             2             0             0             1             0 
 0             1             1             0             0             0             0             1 
 1             0             1             1             0             0             0             0 
 0             1             0             0             1             0             1             1 
 0             0             1             0             1             1             1             1 
 2             0             1             1             0             1             0             2 
 2             0             1             2             5             1             0             0 
 1             0             0             0             0             1             2             0 
 0             1             2             1             1             0             0             2 
 1             0             0             1             0             2             0             0 
 0             1             1             0             0             0             2             0 
 0             0             1             1             0             0             0             1 
 0             0             0             0             2             0             0             1 
 2             0             0             1             0             0             1             0 
 2             0             0             3             1             0             0             3 
 0             0             1             0             1             2             0             0 
 0             1             0             2             1             1             1             0 
 0             0             0             0             0             0             0             0 
 0             0             0             2             0             1             0             0 
