$SPEC_ID:
bMCA Spectrum
$DATE_MEA:
07-04-2022  10:57:00
$MEAS_TIM:
 174.76        180
$DEVICE_ID:
bMCA 06201013
$ACQ_SETTINGS:
 2             180           1000          4             4095 
$HRDW_PARAMS:
PHA
 800
 3             3276          5 
 7             0             1023 
 80            25            45 
 1             1 
$SPEC_CAL:
-5.490132      2.161477      2.078236E-04
$MCA_CAL:
3
-5.490132      2.161477      2.078236E-04
$ROI:
 267           332           32768         1            137Cs
 553           618           16711935      1            60Co
$DATA:
 0             1023 
 11            28            34            82            143           222           364           582 
 807           1103          1235          1273          1339          1358          1278          1270 
 1301          1391          1522          1649          1759          1899          1890          1831 
 1617          1476          1290          1187          1138          1170          1128          1106 
 1200          1227          1185          1222          1216          1178          1157          1221 
 1334          1273          1247          1222          1180          1306          1295          1294 
 1332          1294          1372          1268          1343          1321          1293          1292 
 1279          1272          1306          1311          1333          1309          1239          1244 
 1291          1287          1273          1260          1279          1300          1222          1305 
 1230          1255          1272          1267          1299          1258          1271          1369 
 1294          1322          1303          1350          1342          1377          1337          1401 
 1373          1367          1436          1484          1498          1413          1440          1463 
 1444          1511          1454          1549          1531          1521          1582          1481 
 1505          1512          1507          1528          1433          1486          1513          1427 
 1439          1459          1432          1436          1413          1384          1330          1375 
 1306          1238          1298          1302          1259          1314          1236          1233 
 1218          1271          1208          1218          1176          1228          1156          1149 
 1120          1103          1100          1133          1172          1128          1084          1110 
 1127          1138          1028          1119          1056          1091          1019          1052 
 974           1048          1035          1084          1022          1013          1009          988 
 978           1040          1012          1020          967           960           976           976 
 951           898           949           983           936           913           922           943 
 879           963           950           921           932           909           855           936 
 913           892           930           907           961           892           930           859 
 919           900           947           915           941           891           913           822 
 864           895           833           842           846           837           807           764 
 803           780           853           748           773           751           706           741 
 740           688           680           643           592           629           632           637 
 609           608           676           576           619           614           609           602 
 598           581           567           619           590           576           564           556 
 582           588           577           509           550           584           554           584 
 556           585           575           562           599           597           552           553 
 589           535           578           522           601           581           572           602 
 631           671           658           652           714           699           720           755 
 821           872           884           933           1018          1055          1123          1202 
 1310          1356          1410          1502          1638          1718          1714          1810 
 1888          1956          2034          2036          2148          2144          2227          2207 
 2164          2265          2145          2159          2265          2163          2032          2010 
 1916          1889          1835          1726          1639          1547          1510          1386 
 1279          1214          1260          1138          1037          938           892           912 
 824           791           747           751           700           696           661           657 
 617           655           620           549           604           624           607           539 
 541           545           592           537           572           549           563           562 
 568           568           525           556           573           555           606           557 
 558           569           548           566           626           636           546           543 
 610           569           570           551           574           570           615           574 
 606           585           576           618           614           628           622           572 
 619           617           626           641           624           607           670           643 
 626           644           636           654           653           633           641           646 
 649           654           628           664           643           649           639           618 
 662           621           656           544           645           615           593           612 
 610           611           603           549           552           532           562           609 
 539           530           526           491           522           524           531           514 
 466           454           487           430           449           469           475           442 
 450           466           434           410           440           409           441           465 
 446           395           392           418           411           434           443           403 
 441           373           424           429           435           388           383           429 
 406           405           371           384           382           366           357           366 
 404           394           393           401           373           360           375           335 
 374           372           331           382           366           380           385           400 
 396           407           414           425           500           474           498           507 
 486           540           590           570           658           592           604           685 
 783           750           751           862           905           872           893           964 
 921           996           1033          1038          1081          1070          1051          1132 
 1131          1119          1086          1151          1062          1113          1076          1019 
 1101          1000          1021          908           1003          909           878           830 
 808           782           728           718           666           638           583           563 
 537           521           535           474           442           460           382           392 
 405           333           354           371           357           362           356           343 
 386           403           415           446           460           469           462           452 
 489           516           556           585           554           641           646           650 
 688           722           686           712           764           817           781           838 
 845           874           820           865           799           808           853           825 
 790           852           798           829           789           797           788           731 
 717           659           659           618           607           633           601           563 
 516           458           467           449           453           400           418           372 
 332           316           274           288           267           268           233           194 
 206           193           181           172           161           141           155           132 
 107           119           108           110           102           83            102           95 
 66            69            75            53            65            63            56            45 
 52            51            61            46            47            43            41            47 
 36            31            34            51            38            33            39            48 
 30            41            39            37            29            35            30            22 
 31            27            34            23            21            31            35            27 
 34            19            22            25            21            25            26            24 
 22            24            26            29            16            35            25            19 
 26            25            23            34            23            28            22            23 
 29            19            33            30            26            23            26            26 
 19            17            23            18            26            31            27            16 
 24            27            28            22            22            24            25            19 
 17            21            28            17            18            20            27            27 
 22            17            16            26            20            21            30            21 
 14            16            31            18            18            24            16            23 
 23            13            20            19            22            31            19            17 
 19            11            19            27            12            18            17            23 
 16            15            20            17            27            14            15            14 
 17            17            8             19            21            17            13            12 
 18            11            21            21            22            18            18            18 
 13            32            13            16            18            10            25            15 
 18            16            20            21            16            14            21            17 
 17            21            24            24            19            25            15            15 
 17            13            10            17            14            15            17            21 
 17            20            21            20            13            17            15            16 
 15            14            17            11            23            16            12            21 
 14            14            15            19            13            17            16            11 
 18            16            17            14            15            16            15            14 
 24            19            11            10            19            18            13            17 
 21            13            16            11            22            9             16            18 
 17            15            20            19            8             18            12            15 
 17            16            11            14            12            5             15            18 
 13            12            17            13            9             15            10            7 
 11            13            9             15            11            6             13            12 
 14            15            14            14            18            17            11            12 
 16            17            14            12            14            18            20            16 
 13            10            13            10            14            15            15            14 
 15            11            12            15            12            15            13            18 
 14            11            10            7             16            11            15            21 
 20            12            15            18            12            18            11            17 
 12            14            8             12            16            15            15            9 
 8             20            15            14            14            13            8             6 
 13            8             9             20            20            15            14            12 
 13            14            10            7             14            13            11            22 
 14            15            11            13            13            14            12            5 
 7             13            14            9             20            10            10            7 
 5             7             14            11            9             11            5             7 
 5             10            11            7             8             7             5             7 
 8             7             4             2             5             16            5             5 
 1             7             7             1             5             5             3             5 
