$SPEC_ID:
bMCA Spectrum
$DATE_MEA:
07-04-2022  10:53:59
$MEAS_TIM:
 174.775       180
$DEVICE_ID:
bMCA 06201013
$ACQ_SETTINGS:
 2             180           1000          4             4095 
$HRDW_PARAMS:
PHA
 800
 3             3276          5 
 7             0             1023 
 80            25            45 
 1             1 
$SPEC_CAL:
-5.490132      2.161477      2.078236E-04
$MCA_CAL:
3
-5.490132      2.161477      2.078236E-04
$ROI:
 267           332           32768         1            137Cs
 553           618           16711935      1            60Co
$DATA:
 0             1023 
 14            14            45            86            157           233           347           590 
 787           1092          1210          1332          1284          1318          1264          1291 
 1298          1428          1519          1634          1782          1802          1907          1779 
 1607          1392          1338          1197          1132          1168          1155          1221 
 1203          1224          1228          1204          1250          1251          1238          1296 
 1291          1221          1303          1275          1237          1294          1278          1267 
 1291          1375          1319          1290          1284          1285          1297          1295 
 1310          1286          1329          1233          1282          1284          1342          1348 
 1287          1323          1281          1263          1336          1306          1242          1200 
 1232          1261          1275          1255          1275          1308          1284          1277 
 1333          1285          1280          1360          1290          1339          1377          1349 
 1376          1420          1434          1472          1418          1465          1531          1519 
 1492          1438          1490          1498          1490          1445          1447          1512 
 1497          1522          1457          1512          1487          1357          1480          1372 
 1485          1415          1437          1432          1383          1374          1392          1308 
 1333          1287          1295          1263          1313          1266          1238          1207 
 1231          1241          1215          1194          1209          1152          1136          1112 
 1096          1133          1128          1118          1139          1144          1104          1067 
 1084          1113          1078          1049          1010          1105          1074          1033 
 1012          1023          1060          1065          1021          1018          959           974 
 993           964           949           966           1004          947           953           946 
 965           911           940           914           913           962           937           1003 
 929           966           929           951           927           886           898           941 
 922           916           935           886           890           914           962           919 
 919           943           800           930           915           954           935           855 
 922           931           834           841           827           818           807           808 
 793           790           774           714           753           756           718           681 
 716           652           685           651           647           646           656           633 
 654           638           584           650           588           569           598           574 
 589           590           571           577           574           595           567           595 
 553           595           560           619           548           563           555           571 
 555           529           543           588           533           556           531           536 
 546           532           571           576           585           542           607           559 
 594           629           669           743           638           759           739           770 
 822           847           873           959           1010          1079          1089          1217 
 1249          1414          1482          1576          1616          1710          1743          1956 
 1994          2025          2094          2050          2117          2140          2207          2208 
 2311          2196          2128          2170          2219          1967          2006          1945 
 1938          1891          1704          1686          1550          1505          1425          1337 
 1254          1182          1137          1078          1004          995           914           889 
 854           778           783           701           681           657           652           610 
 664           606           608           578           564           566           622           607 
 575           634           546           499           562           542           572           545 
 519           551           584           533           561           553           560           530 
 562           558           560           570           555           591           581           569 
 592           578           587           591           596           569           589           605 
 607           565           582           592           621           621           629           646 
 609           594           636           580           663           600           593           683 
 607           612           631           650           639           641           622           634 
 686           679           624           668           635           617           630           647 
 676           651           638           651           578           638           679           569 
 578           580           562           570           572           550           586           566 
 526           488           520           510           507           490           492           462 
 494           476           471           393           453           493           456           437 
 421           456           451           385           453           465           450           451 
 432           444           421           425           408           431           418           412 
 385           409           401           420           420           387           417           433 
 409           418           391           438           387           440           388           396 
 383           372           382           392           367           390           388           369 
 375           401           343           369           391           392           386           407 
 421           435           453           449           437           450           484           493 
 528           566           583           615           672           679           677           682 
 749           807           816           852           873           885           905           972 
 1001          965           986           1033          1039          1111          1140          1074 
 1086          1054          1123          1061          1055          1072          1108          1001 
 1001          928           955           992           936           840           818           777 
 754           745           727           657           631           625           610           575 
 556           535           484           459           441           429           421           415 
 417           402           381           382           378           362           366           386 
 387           403           400           408           472           480           473           499 
 555           533           535           545           594           641           616           700 
 699           780           730           760           802           810           814           829 
 778           858           894           897           835           845           855           786 
 795           791           813           717           794           745           740           703 
 703           674           599           615           575           612           530           511 
 480           480           438           411           402           377           349           357 
 317           323           330           278           262           215           233           229 
 187           174           176           167           147           152           138           129 
 125           130           103           87            84            93            69            80 
 73            80            61            74            39            56            64            50 
 51            47            45            60            41            54            31            30 
 39            34            34            31            33            24            34            39 
 28            30            36            37            34            23            30            25 
 33            21            26            39            17            34            23            32 
 22            16            26            32            17            23            34            27 
 16            25            27            30            33            21            21            24 
 21            25            23            23            14            37            17            19 
 27            13            18            21            34            22            20            19 
 20            33            21            17            21            22            23            25 
 31            23            19            17            33            20            14            24 
 16            19            14            20            21            21            23            22 
 27            16            29            20            20            23            20            20 
 17            16            26            18            29            10            25            19 
 26            20            24            23            24            25            21            21 
 18            19            19            24            19            20            28            25 
 15            14            18            11            16            21            18            22 
 15            14            20            17            20            24            19            14 
 15            24            21            24            19            17            19            12 
 24            17            11            16            19            17            21            17 
 14            20            21            26            8             18            23            25 
 19            10            21            18            15            18            18            15 
 11            20            19            13            11            16            10            18 
 14            16            10            20            17            17            14            22 
 12            13            20            17            15            19            10            15 
 25            16            18            27            17            20            13            5 
 22            17            12            14            13            11            23            15 
 14            19            13            13            21            14            20            19 
 10            14            15            15            13            21            18            15 
 19            17            15            11            18            19            22            14 
 19            15            15            16            12            17            11            11 
 15            18            16            8             16            11            16            19 
 12            8             12            15            16            11            11            9 
 11            13            11            10            11            12            17            17 
 10            16            9             11            18            9             17            11 
 15            14            12            18            7             10            18            16 
 15            9             9             14            16            15            6             17 
 13            11            15            16            16            14            11            17 
 17            11            15            14            14            16            14            13 
 15            14            9             12            19            18            16            15 
 16            9             9             13            12            14            19            17 
 18            12            20            19            18            13            16            12 
 16            12            14            19            15            11            9             7 
 12            15            13            22            10            10            16            18 
 6             8             14            6             13            10            11            8 
 14            6             17            8             11            8             7             5 
 8             9             7             6             7             8             9             5 
 9             6             7             11            3             6             6             4 
 4             11            11            2             8             6             2             3 
