$SPEC_ID:
bMCA Spectrum
$DATE_MEA:
07-05-2022  08:32:00
$MEAS_TIM:
 59.07         60
$DEVICE_ID:
bMCA 06201013
$ACQ_SETTINGS:
 2             60            1000          4             4095 
$HRDW_PARAMS:
PHA
 800
 3             3276          5 
 7             0             1023 
 80            25            45 
 1             1 
$SPEC_CAL:
-2.996172      2.07587       2.903056E-04
$MCA_CAL:
3
-2.996172      2.07587       2.903056E-04
$ROI:
 270           340           32768         1            137Cs
 46            75            33023         1            57Co
$DATA:
 0             1023 
 1             4             8             11            30            50            94            149 
 221           307           312           379           399           356           341           336 
 317           344           369           407           475           491           492           431 
 398           319           289           270           212           221           252           236 
 290           280           282           315           332           346           384           366 
 342           433           430           452           452           461           520           627 
 759           838           1065          1242          1464          1585          1787          1840 
 1778          1769          1669          1690          1687          1719          1798          1822 
 1851          1759          1721          1482          1361          1129          916           740 
 611           491           403           374           348           288           249           209 
 226           226           228           238           248           207           238           223 
 229           245           244           243           222           236           222           250 
 244           274           221           239           274           239           232           231 
 241           235           193           210           211           216           227           206 
 191           205           207           183           208           189           168           188 
 196           198           196           156           170           189           185           146 
 162           159           148           158           151           156           148           136 
 166           137           138           139           151           115           181           163 
 131           139           133           132           140           149           120           145 
 120           148           121           136           144           147           143           150 
 134           136           137           126           150           140           144           103 
 127           140           125           147           114           139           126           122 
 114           124           130           122           143           136           123           128 
 138           135           119           127           115           159           116           136 
 150           123           108           129           134           140           141           113 
 119           130           128           118           112           115           134           112 
 108           122           109           98            107           96            84            79 
 91            70            90            73            77            66            60            50 
 55            63            57            44            35            40            45            37 
 32            33            32            40            28            35            41            24 
 36            30            31            31            26            26            24            38 
 22            21            27            19            25            28            21            30 
 23            23            22            29            28            31            23            28 
 28            22            27            37            38            33            48            33 
 40            52            82            71            73            86            105           92 
 157           157           156           197           215           248           248           308 
 299           358           347           371           425           467           441           498 
 526           530           565           561           572           582           595           571 
 588           581           580           542           479           487           481           434 
 402           389           379           351           301           292           251           253 
 232           206           166           189           127           113           111           103 
 76            82            59            62            47            53            36            32 
 23            23            18            26            19            15            13            11 
 15            5             4             7             5             12            5             6 
 4             4             7             2             5             5             6             6 
 2             6             8             6             7             7             8             6 
 3             4             5             7             7             6             7             5 
 3             7             3             5             4             5             4             3 
 7             5             6             6             2             4             6             0 
 5             4             8             5             7             4             3             2 
 3             3             3             4             1             2             4             5 
 4             6             7             5             2             1             2             4 
 6             4             3             3             3             6             2             2 
 2             3             5             6             5             3             1             3 
 4             4             4             2             4             8             2             4 
 4             6             6             5             6             1             3             3 
 1             4             5             3             5             5             3             2 
 2             3             7             5             7             0             5             4 
 4             1             0             1             2             2             1             1 
 5             4             4             2             2             4             6             1 
 3             3             3             2             3             3             5             1 
 3             2             2             3             2             1             2             2 
 4             1             3             2             0             3             2             5 
 5             4             5             2             3             5             5             1 
 2             3             6             5             7             4             3             3 
 3             3             5             4             2             4             4             5 
 5             3             5             2             4             6             1             3 
 3             1             2             4             1             9             1             7 
 1             2             2             1             3             3             3             2 
 2             3             2             6             2             4             0             2 
 5             1             3             2             3             3             2             1 
 5             0             0             1             1             3             5             2 
 3             3             2             1             2             2             1             2 
 1             2             3             3             4             3             3             1 
 1             0             1             9             5             2             3             3 
 1             2             2             5             3             2             2             3 
 2             3             2             3             1             2             0             2 
 1             2             1             5             3             2             3             3 
 3             1             1             2             2             3             3             4 
 4             2             3             1             2             1             3             4 
 5             1             4             0             3             2             4             2 
 3             1             3             2             2             1             2             0 
 3             1             3             5             2             4             1             2 
 0             1             3             1             2             1             4             0 
 1             2             0             1             2             0             1             3 
 0             4             0             4             1             0             2             0 
 0             1             1             3             0             0             0             1 
 0             1             0             1             1             1             1             0 
 1             0             1             0             0             0             1             0 
 0             0             0             1             1             0             1             1 
 0             0             0             0             1             0             1             0 
 0             0             0             0             0             0             0             0 
 1             0             0             0             1             0             0             0 
 1             0             0             0             1             2             0             0 
 0             0             0             2             0             0             0             0 
 0             1             1             0             0             0             0             0 
 0             1             1             0             0             0             0             0 
 0             1             2             0             0             1             0             0 
 1             1             0             1             1             0             0             0 
 1             0             0             2             0             0             0             0 
 0             0             1             0             0             0             0             0 
 1             0             0             0             0             1             1             0 
 1             0             2             0             0             1             0             0 
 0             0             1             0             0             0             0             0 
 0             0             0             1             0             0             1             0 
 0             0             1             0             0             0             0             0 
 1             0             1             0             0             1             0             0 
 0             0             0             0             0             0             0             0 
 0             0             0             0             0             0             1             0 
 0             1             0             0             0             0             0             0 
 0             0             0             0             0             1             0             0 
 0             0             1             0             0             1             0             0 
 0             0             0             0             0             0             1             1 
 0             0             0             0             0             0             0             0 
 0             1             0             0             0             0             0             0 
 0             0             0             0             0             0             0             1 
 0             0             0             0             0             0             0             0 
 0             0             1             1             0             0             0             0 
 0             0             0             1             0             0             0             0 
 0             0             0             0             2             0             0             0 
 0             1             0             0             0             1             0             0 
 0             0             1             0             1             0             0             1 
 0             1             0             1             0             0             0             1 
 0             0             0             0             0             0             1             0 
 0             2             0             1             1             2             1             0 
 0             0             0             0             0             0             0             0 
 0             0             0             0             0             0             0             0 
 1             0             0             0             0             0             0             0 
