$SPEC_ID:
bMCA Spectrum
$DATE_MEA:
07-04-2022  09:37:28
$MEAS_TIM:
 115.825       120
$DEVICE_ID:
bMCA 06201013
$ACQ_SETTINGS:
 2             120           1000          4             4095 
$HRDW_PARAMS:
PHA
 800
 3             3276          5 
 7             0             1023 
 80            25            45 
 1             1 
$SPEC_CAL:
-5.490132      2.161477      2.078236E-04
$MCA_CAL:
3
-5.490132      2.161477      2.078236E-04
$ROI:
 267           333           32768         1            137Cs
 553           618           16711935      1            60Co
 46            75            33023         1            57Co
$DATA:
 0             1023 
 11            17            49            68            110           174           290           439 
 630           726           818           927           861           916           870           880 
 892           998           1125          1166          1292          1334          1277          1160 
 1134          1050          940           843           854           871           866           874 
 943           960           984           1142          1206          1225          1442          1385 
 1339          1421          1434          1427          1522          1717          1873          2103 
 2665          3112          3601          4014          4628          4928          5070          5031 
 4896          4800          4862          4757          4811          5011          5163          5209 
 5066          4728          4304          3709          3260          2664          2183          1827 
 1497          1352          1111          1075          988           929           852           890 
 891           855           777           852           809           872           864           825 
 867           859           857           882           897           939           918           886 
 935           922           953           933           935           924           1004          925 
 957           991           937           922           872           908           898           884 
 963           899           882           905           896           835           865           791 
 861           800           802           825           791           779           769           792 
 775           766           768           739           742           737           725           739 
 748           725           708           725           715           707           687           702 
 656           675           679           654           676           641           693           633 
 641           636           612           683           677           651           608           653 
 615           634           602           586           666           625           606           625 
 576           612           563           636           566           550           621           539 
 564           555           548           542           582           588           581           542 
 593           614           543           572           552           581           606           552 
 546           574           569           605           549           521           574           566 
 519           558           539           545           510           494           493           526 
 479           520           479           493           480           461           467           455 
 414           472           401           467           379           396           385           383 
 373           407           389           378           402           387           380           385 
 359           364           373           373           404           335           364           364 
 361           364           371           398           366           332           375           347 
 313           368           335           360           353           378           362           329 
 322           361           369           368           355           376           397           353 
 361           374           404           428           397           446           448           470 
 484           561           517           629           592           649           659           709 
 801           819           843           852           1016          1063          1074          1025 
 1149          1154          1238          1228          1314          1304          1312          1338 
 1354          1350          1272          1327          1370          1272          1288          1238 
 1144          1095          1082          967           1007          937           865           805 
 759           748           700           640           649           601           558           531 
 451           470           432           459           401           440           406           400 
 367           385           345           361           349           372           338           356 
 381           361           347           342           326           355           341           375 
 352           362           358           355           358           311           376           331 
 356           354           341           344           342           326           349           360 
 340           329           325           385           374           374           399           350 
 354           384           369           345           409           384           409           397 
 380           407           371           353           417           378           388           336 
 399           359           403           392           416           380           400           402 
 395           383           408           390           397           369           404           418 
 401           357           421           404           359           378           360           376 
 384           365           380           347           339           358           334           326 
 324           320           310           335           302           340           289           298 
 295           297           309           275           269           309           313           257 
 273           293           269           262           245           241           261           258 
 235           285           246           256           249           266           277           300 
 250           262           236           256           237           248           253           275 
 256           210           214           243           211           257           240           248 
 252           228           232           217           203           246           244           238 
 211           226           223           237           233           220           241           245 
 261           232           233           240           267           273           279           293 
 326           331           328           406           351           348           400           426 
 436           458           472           493           527           528           545           607 
 571           610           558           611           668           642           640           679 
 691           672           674           665           657           632           666           693 
 663           655           631           585           576           626           512           558 
 474           480           442           446           393           400           347           361 
 352           304           300           310           291           247           245           244 
 212           221           225           237           230           244           218           217 
 222           250           248           277           265           284           257           299 
 276           324           319           340           327           348           375           369 
 413           432           405           422           483           517           479           508 
 475           490           520           515           532           500           466           521 
 527           498           503           501           527           478           473           454 
 458           438           399           405           413           383           342           341 
 341           299           298           295           276           256           251           243 
 205           234           200           160           168           156           169           132 
 124           123           108           114           99            90            81            76 
 82            79            80            66            65            74            33            57 
 51            51            46            38            46            34            50            41 
 38            27            24            24            38            24            28            18 
 20            20            21            23            19            22            22            18 
 20            18            20            20            15            20            23            23 
 18            14            12            16            13            13            16            16 
 21            15            24            13            12            18            22            17 
 13            14            16            14            12            12            7             20 
 10            18            12            12            13            17            14            14 
 20            28            8             13            10            19            21            14 
 16            21            18            15            9             9             16            11 
 8             12            14            14            12            12            13            15 
 9             14            11            15            13            8             12            11 
 10            18            14            9             11            6             11            17 
 15            13            15            10            12            13            9             8 
 7             13            8             13            10            12            17            9 
 17            9             10            9             8             12            6             19 
 11            10            14            11            14            10            7             8 
 15            11            9             10            12            11            9             11 
 12            16            8             12            12            11            15            11 
 13            14            10            8             13            11            10            16 
 13            15            12            11            7             7             15            10 
 7             11            9             10            11            9             11            9 
 12            9             10            7             5             7             10            12 
 8             13            9             12            6             4             12            7 
 6             8             10            5             10            16            11            12 
 12            8             9             9             9             10            14            15 
 6             9             6             11            10            8             9             11 
 13            11            6             9             3             19            4             8 
 9             9             8             11            10            9             5             6 
 9             8             7             7             10            7             8             8 
 1             5             15            10            10            7             4             12 
 7             5             7             7             7             13            6             6 
 10            9             5             9             8             9             7             10 
 6             3             8             10            7             7             9             9 
 8             6             7             7             10            7             4             8 
 10            8             10            7             6             11            7             7 
 8             7             14            7             5             5             4             6 
 5             8             14            4             7             13            7             5 
 12            5             7             13            5             12            7             6 
 11            8             4             11            6             10            7             15 
 6             2             6             8             12            7             9             10 
 10            5             6             3             8             10            5             5 
 8             2             3             8             9             12            5             10 
 5             4             8             9             9             4             13            9 
 7             3             6             12            6             10            10            6 
 5             10            5             5             2             2             4             6 
 4             6             4             3             5             4             3             5 
 4             3             1             6             4             2             2             7 
 6             2             2             1             4             2             3             6 
