$SPEC_ID:
bMCA Spectrum
$DATE_MEA:
07-07-2022  08:31:32
$MEAS_TIM:
 58.075        60
$DEVICE_ID:
bMCA 06201013
$ACQ_SETTINGS:
 2             60            1000          4             4095 
$HRDW_PARAMS:
PHA
 800
 3             3276          5 
 7             0             1023 
 80            25            45 
 1             1 
$SPEC_CAL:
-39.25932      2.313255      0
$MCA_CAL:
3
-39.25932      2.313255      0
$ROI:
 273           333           32768         1            137Cs
 562           622           16711935      1            60Co
$DATA:
 0             1023 
 2             5             15            26            54            80            115           156 
 246           299           342           383           395           433           393           392 
 421           462           452           469           511           575           573           583 
 521           480           380           429           384           364           358           358 
 392           400           397           400           392           393           392           417 
 419           411           445           427           404           445           429           412 
 412           424           441           405           435           423           404           422 
 424           468           437           459           410           444           465           397 
 419           430           453           442           432           412           399           427 
 463           431           437           402           392           457           416           416 
 412           412           457           417           454           436           452           441 
 443           490           455           490           451           485           499           465 
 499           536           456           585           506           582           471           502 
 484           535           548           480           514           520           546           497 
 503           496           500           524           507           481           486           491 
 460           510           434           447           493           466           431           449 
 432           414           440           443           405           382           404           393 
 388           388           434           406           368           408           419           424 
 371           354           404           372           362           378           346           359 
 330           365           328           362           357           315           340           343 
 347           346           345           314           323           352           326           328 
 317           321           317           314           324           324           337           342 
 343           346           303           293           321           348           330           317 
 304           322           314           327           314           315           301           310 
 291           325           330           309           309           306           286           295 
 307           327           297           280           274           329           303           321 
 290           275           298           268           293           274           273           286 
 264           247           260           274           227           248           268           248 
 226           238           237           236           256           262           236           213 
 237           215           239           228           212           240           222           249 
 227           219           232           217           204           212           209           225 
 232           216           223           218           193           242           211           198 
 217           202           228           231           239           216           238           221 
 214           243           208           251           215           244           258           240 
 257           258           261           288           260           314           297           316 
 325           399           390           389           423           455           459           471 
 507           503           535           533           551           567           606           618 
 675           643           624           633           654           657           722           650 
 626           642           633           575           543           560           525           542 
 505           520           508           461           398           391           384           391 
 363           363           310           332           297           266           275           259 
 262           274           240           265           245           226           204           222 
 219           228           242           245           231           238           209           219 
 240           229           214           229           226           205           223           185 
 235           249           237           221           229           224           233           227 
 201           230           249           221           236           220           241           242 
 248           279           251           231           253           260           249           215 
 234           250           273           247           263           261           237           244 
 274           280           282           248           292           247           243           272 
 257           244           237           270           279           264           249           238 
 257           237           271           254           245           242           240           258 
 278           264           253           258           224           233           250           224 
 217           228           224           222           232           247           225           220 
 209           204           199           203           188           215           176           195 
 192           204           178           199           181           200           174           181 
 181           198           192           179           146           171           166           183 
 172           163           163           180           189           159           144           172 
 189           155           168           172           172           163           151           189 
 163           161           151           146           156           155           175           163 
 153           128           176           139           155           158           146           150 
 139           150           158           144           167           174           147           144 
 171           163           155           203           193           185           192           231 
 233           224           252           258           238           245           299           301 
 287           297           384           337           366           367           386           386 
 434           430           469           456           419           456           454           515 
 427           485           473           477           459           448           436           446 
 405           426           401           400           407           373           392           354 
 306           309           334           266           257           246           278           200 
 223           213           217           192           178           171           188           156 
 173           139           143           148           133           139           151           152 
 158           169           165           176           183           184           173           165 
 210           227           217           230           231           240           248           290 
 265           271           290           318           304           333           354           348 
 336           341           385           336           347           343           345           350 
 348           348           358           304           307           339           309           315 
 299           301           266           286           279           280           244           245 
 211           214           176           185           178           164           172           143 
 147           135           130           108           119           110           93            106 
 81            82            84            73            72            60            77            44 
 63            48            44            40            48            37            25            48 
 45            33            29            30            21            33            27            29 
 25            25            28            24            19            7             24            23 
 17            15            16            13            18            17            15            17 
 20            12            12            14            8             11            9             18 
 18            18            12            15            14            7             20            18 
 6             10            12            8             17            6             13            12 
 8             14            6             15            11            20            11            10 
 13            10            13            10            19            5             14            13 
 12            13            16            18            12            7             13            12 
 15            10            13            10            5             12            11            12 
 15            9             9             9             7             8             9             10 
 6             17            13            9             11            13            7             10 
 9             10            9             7             12            11            7             12 
 9             7             14            9             11            10            12            12 
 9             5             10            14            10            12            4             3 
 10            10            11            8             8             6             5             8 
 10            9             10            15            6             7             7             22 
 8             9             9             10            9             10            11            7 
 7             14            11            12            7             11            13            9 
 4             7             9             6             9             12            6             17 
 7             5             12            7             10            6             5             4 
 5             11            5             4             5             9             5             8 
 10            15            14            6             15            6             10            7 
 8             6             7             7             6             12            10            5 
 12            9             8             5             7             7             9             3 
 9             15            6             11            6             5             5             9 
 8             9             4             6             6             4             7             7 
 6             5             7             9             6             3             11            12 
 6             7             11            3             5             7             11            6 
 5             7             8             7             8             9             2             9 
 5             11            7             8             7             2             8             8 
 8             10            7             10            9             7             8             6 
 8             7             3             1             4             4             6             11 
 6             6             3             2             7             7             9             8 
 4             9             4             8             6             12            7             7 
 7             8             7             10            5             7             5             5 
 6             4             8             4             8             6             7             9 
 8             4             6             4             12            3             6             9 
 9             7             8             7             7             7             9             5 
 7             5             10            7             4             12            12            3 
 7             8             8             8             4             9             12            8 
 8             7             4             8             11            4             12            5 
 6             7             4             5             11            2             9             6 
 8             6             4             5             6             7             6             8 
 5             6             6             8             2             2             5             8 
 5             4             9             3             10            5             5             2 
 5             6             6             5             2             8             8             2 
 8             3             3             4             2             3             2             5 
