$SPEC_ID:
bMCA Spectrum
$DATE_MEA:
07-07-2022  08:32:33
$MEAS_TIM:
 58.07         60
$DEVICE_ID:
bMCA 06201013
$ACQ_SETTINGS:
 2             60            1000          4             4095 
$HRDW_PARAMS:
PHA
 800
 3             3276          5 
 7             0             1023 
 80            25            45 
 1             1 
$SPEC_CAL:
-39.25932      2.313255      0
$MCA_CAL:
3
-39.25932      2.313255      0
$ROI:
 273           333           32768         1            137Cs
 562           622           16711935      1            60Co
$DATA:
 0             1023 
 2             9             18            42            37            69            117           169 
 238           292           358           407           394           425           407           410 
 426           390           453           492           557           560           595           558 
 472           421           444           393           375           371           353           391 
 400           390           403           402           410           416           455           426 
 403           415           426           447           431           450           413           412 
 457           413           443           459           402           431           432           458 
 469           383           452           446           438           436           437           399 
 485           451           400           420           450           439           426           409 
 431           450           405           408           500           436           405           404 
 427           438           433           398           419           460           423           470 
 476           443           430           458           500           501           451           484 
 485           489           483           521           520           538           530           576 
 541           545           524           548           495           550           517           559 
 506           506           545           525           499           476           502           478 
 460           476           465           439           470           476           395           444 
 414           401           415           447           430           441           412           373 
 426           406           389           391           379           406           377           363 
 453           371           365           375           381           341           361           341 
 403           327           360           333           359           343           333           348 
 339           376           347           346           311           313           374           317 
 324           319           349           312           314           285           350           361 
 341           360           328           310           333           331           346           303 
 328           291           319           320           315           320           342           340 
 297           295           317           325           294           317           319           306 
 312           282           312           289           281           307           290           279 
 253           280           257           269           253           250           275           281 
 254           284           259           233           261           258           244           225 
 230           240           260           237           230           256           234           242 
 226           244           225           245           217           222           253           210 
 235           214           214           219           222           230           206           220 
 211           216           209           217           230           229           231           223 
 235           211           205           201           191           233           206           215 
 228           198           205           222           250           233           222           248 
 252           257           244           280           297           315           288           335 
 334           379           387           356           428           398           462           446 
 495           509           539           568           549           582           617           658 
 577           638           648           725           665           637           672           606 
 664           604           616           610           595           576           562           501 
 491           476           533           453           448           405           373           347 
 352           349           304           284           276           282           306           260 
 285           278           242           241           240           242           244           225 
 220           235           240           247           226           234           225           237 
 226           247           241           209           227           225           226           212 
 219           229           246           204           234           241           219           207 
 258           224           243           253           243           239           222           244 
 240           255           224           244           247           241           227           247 
 262           242           268           247           250           258           263           254 
 246           254           265           249           252           242           259           289 
 256           258           257           268           282           236           278           300 
 255           273           264           270           258           244           234           285 
 244           285           247           262           250           238           213           213 
 240           245           232           251           238           216           234           199 
 210           209           226           226           222           196           198           195 
 201           184           184           196           209           170           210           212 
 186           165           172           175           165           188           185           160 
 132           160           155           163           136           165           161           164 
 160           169           162           168           171           174           150           177 
 168           146           150           164           162           167           138           172 
 140           173           144           152           151           139           171           155 
 157           136           149           150           175           160           168           152 
 187           202           166           148           203           200           218           218 
 231           239           227           247           236           307           274           299 
 300           339           376           364           357           395           419           414 
 412           424           421           455           437           455           474           439 
 438           499           459           454           457           475           449           436 
 406           406           397           387           374           342           369           341 
 352           316           296           273           256           257           264           252 
 198           212           189           215           202           172           188           142 
 150           158           148           133           158           158           157           168 
 155           158           157           174           183           176           223           189 
 196           230           206           240           223           237           249           271 
 291           320           248           312           285           336           337           340 
 363           380           350           344           361           370           383           366 
 342           330           355           369           336           315           325           322 
 315           314           295           288           279           241           214           211 
 229           216           192           198           187           156           158           146 
 125           155           137           121           117           90            79            103 
 92            82            78            87            58            55            52            57 
 47            41            59            49            45            43            31            54 
 35            37            39            33            20            34            27            28 
 28            25            30            22            17            22            16            25 
 18            12            13            23            8             9             16            20 
 13            13            23            15            16            13            21            15 
 11            18            11            13            12            10            11            7 
 17            16            9             16            13            14            11            14 
 12            10            14            8             11            21            8             13 
 17            8             12            10            18            8             8             8 
 8             12            11            13            19            13            10            10 
 14            13            11            14            13            15            10            11 
 14            14            10            8             7             9             8             10 
 12            7             11            15            11            17            9             11 
 11            6             6             15            11            12            7             9 
 8             8             6             13            15            9             9             9 
 7             9             14            5             7             15            13            10 
 9             11            11            18            3             12            3             12 
 10            7             9             5             9             10            7             10 
 6             8             8             10            6             12            14            7 
 10            9             10            11            7             5             9             4 
 10            12            15            12            7             9             12            7 
 10            10            7             11            6             8             9             9 
 15            10            8             8             9             5             9             3 
 10            12            6             15            5             13            12            10 
 7             3             6             7             5             6             9             8 
 8             7             9             13            7             9             11            6 
 8             7             14            9             9             8             3             4 
 9             6             7             10            9             4             4             6 
 12            8             12            12            8             7             9             9 
 8             10            9             4             7             10            9             3 
 9             13            11            11            5             9             5             3 
 11            5             6             10            6             6             6             7 
 9             8             5             9             8             7             3             9 
 9             12            7             9             6             12            5             6 
 7             7             5             5             8             7             7             7 
 4             3             11            4             3             6             8             2 
 9             7             8             6             5             5             4             9 
 5             7             7             6             8             13            13            4 
 3             9             6             9             5             7             7             4 
 8             9             8             4             6             5             8             9 
 5             6             7             10            4             9             8             8 
 4             11            7             7             5             8             5             4 
 8             4             6             6             7             4             7             6 
 7             4             10            4             6             4             10            5 
 7             8             5             8             3             4             11            5 
 12            9             6             3             10            9             6             5 
 6             7             7             11            4             7             7             8 
 6             4             3             5             3             3             2             4 
 4             2             2             5             7             6             1             3 
