$SPEC_ID:
bMCA Spectrum
$DATE_MEA:
07-07-2022  09:34:10
$MEAS_TIM:
 59.015        60
$DEVICE_ID:
bMCA 06201013
$ACQ_SETTINGS:
 2             60            1000          4             4095 
$HRDW_PARAMS:
PHA
 800
 3             3276          5 
 7             0             1023 
 80            25            45 
 1             1 
$SPEC_CAL:
-39.25932      2.313255      0
$MCA_CAL:
3
-39.25932      2.313255      0
$ROI:
 267           333           32768         1            137Cs
 46            75            33023         1            57Co
$DATA:
 0             1023 
 2             5             6             24            41            58            83            150 
 240           273           339           390           333           334           339           319 
 297           341           351           411           411           533           425           432 
 377           324           285           245           243           207           219           244 
 287           294           313           339           383           403           402           423 
 410           463           483           531           467           601           648           784 
 948           1162          1452          1699          1985          2183          2194          2254 
 2253          2225          2146          2236          2097          2216          2307          2320 
 2457          2333          2098          1889          1632          1365          1047          891 
 689           480           443           378           290           277           246           242 
 230           201           201           210           213           210           245           217 
 219           221           238           206           237           229           211           197 
 242           202           247           226           206           198           204           214 
 227           225           214           193           214           203           176           170 
 205           189           165           174           174           175           160           175 
 168           149           209           170           179           150           170           137 
 176           151           153           140           154           136           135           125 
 129           126           133           156           136           152           133           168 
 136           128           125           156           134           139           125           137 
 105           120           128           117           149           121           125           134 
 134           106           120           125           110           133           120           139 
 127           112           106           109           107           130           97            121 
 109           148           117           122           117           119           108           119 
 109           106           137           124           96            122           119           107 
 129           116           118           117           122           105           110           121 
 131           136           89            107           106           93            110           79 
 91            92            87            90            72            90            59            65 
 55            58            75            60            57            57            53            41 
 48            38            43            44            44            37            33            30 
 30            36            28            34            24            30            32            33 
 31            23            19            25            14            20            17            21 
 14            16            16            23            18            28            21            27 
 18            26            18            21            16            24            29            26 
 33            26            22            31            51            46            39            46 
 51            64            77            72            104           112           136           144 
 176           201           198           192           221           264           281           286 
 337           374           348           386           418           437           455           466 
 469           481           479           496           513           508           433           450 
 517           444           422           415           406           383           363           289 
 282           323           312           260           237           221           201           150 
 162           152           113           101           93            93            79            75 
 53            65            38            24            30            29            20            19 
 19            14            22            10            14            5             10            11 
 9             11            4             4             9             7             4             8 
 7             9             2             2             9             2             5             4 
 5             7             9             6             4             3             5             5 
 5             3             8             2             3             3             7             7 
 2             5             2             3             3             4             5             4 
 7             4             3             3             6             2             2             4 
 2             5             7             2             5             3             6             5 
 2             2             3             2             1             4             2             3 
 8             2             7             2             3             1             5             3 
 9             2             4             2             2             3             6             4 
 2             3             4             7             6             0             7             3 
 3             3             5             6             5             0             7             5 
 4             8             0             9             3             3             6             2 
 3             3             3             1             1             3             4             3 
 3             4             2             6             3             3             1             4 
 3             4             3             5             3             1             5             1 
 0             5             2             4             1             2             3             2 
 3             3             4             3             6             3             3             0 
 2             2             5             2             2             2             2             3 
 2             3             4             7             3             3             3             6 
 3             1             3             2             3             4             0             4 
 7             4             2             2             3             4             5             4 
 4             0             3             2             4             4             4             9 
 3             5             3             2             0             2             4             1 
 5             3             2             4             4             0             2             1 
 0             5             2             4             5             2             1             2 
 3             2             1             6             1             0             2             4 
 2             0             0             2             1             2             1             2 
 1             2             0             2             2             1             1             2 
 5             2             4             3             2             1             2             1 
 0             2             2             2             3             3             0             1 
 2             3             1             4             3             2             2             3 
 1             1             3             3             1             2             3             3 
 4             0             1             0             1             2             1             1 
 2             0             4             2             5             1             1             2 
 2             3             1             2             2             2             3             1 
 2             2             2             4             1             2             2             0 
 4             1             3             3             2             3             2             0 
 2             1             0             1             2             0             3             0 
 2             0             3             2             1             1             1             0 
 2             0             1             4             0             2             2             5 
 1             2             1             0             3             2             0             0 
 0             1             2             0             0             0             1             1 
 1             0             1             0             0             1             0             1 
 1             0             1             1             1             0             0             0 
 0             0             0             1             0             1             0             0 
 2             0             0             0             0             0             0             3 
 0             0             1             0             1             0             0             0 
 0             0             0             0             0             1             0             0 
 0             0             1             0             0             0             0             0 
 0             2             0             0             0             0             2             0 
 0             1             1             0             0             0             1             0 
 0             2             1             1             1             0             0             0 
 0             1             1             1             0             0             2             0 
 1             0             0             0             1             1             0             0 
 1             1             2             0             1             0             0             0 
 0             1             0             0             1             0             3             0 
 0             1             0             0             0             0             0             0 
 0             1             1             0             0             1             1             2 
 0             0             0             0             1             0             0             0 
 0             0             0             0             0             0             0             0 
 0             0             0             1             0             0             0             0 
 1             0             0             1             0             0             1             0 
 0             2             1             0             0             0             0             0 
 1             0             0             0             1             0             0             1 
 0             0             0             0             0             0             0             0 
 1             0             0             0             2             1             0             0 
 0             0             0             0             0             0             0             1 
 0             0             0             0             0             0             0             0 
 1             0             0             0             0             0             0             0 
 0             0             0             0             1             0             0             0 
 1             0             0             0             0             0             0             0 
 0             1             0             0             0             0             0             0 
 0             0             0             0             0             0             0             0 
 1             0             0             1             0             0             0             0 
 0             0             0             0             0             0             0             0 
 0             0             0             0             1             0             0             0 
 0             0             0             0             0             0             0             0 
 0             0             0             0             1             1             0             0 
 0             0             0             1             0             0             0             2 
 0             0             0             2             0             0             0             0 
 0             0             0             0             0             0             0             0 
 0             0             0             2             0             0             0             0 
 1             0             0             0             0             0             0             0 
 3             0             0             0             0             0             0             1 
