$SPEC_ID:
bMCA Spectrum
$DATE_MEA:
07-04-2022  11:07:51
$MEAS_TIM:
 233.01        240
$DEVICE_ID:
bMCA 06201013
$ACQ_SETTINGS:
 2             240           1000          4             4095 
$HRDW_PARAMS:
PHA
 800
 3             3276          5 
 7             0             1023 
 80            25            45 
 1             1 
$SPEC_CAL:
-5.490132      2.161477      2.078236E-04
$MCA_CAL:
3
-5.490132      2.161477      2.078236E-04
$ROI:
 267           332           32768         1            137Cs
 553           618           16711935      1            60Co
$DATA:
 0             1023 
 11            27            79            103           187           314           521           780 
 1053          1440          1659          1769          1821          1752          1732          1708 
 1807          1895          2052          2214          2436          2436          2527          2409 
 2173          1958          1712          1618          1475          1527          1516          1530 
 1536          1590          1573          1626          1725          1693          1635          1662 
 1716          1711          1678          1682          1700          1715          1730          1719 
 1707          1728          1716          1720          1727          1712          1706          1633 
 1700          1719          1817          1622          1734          1772          1793          1664 
 1726          1736          1771          1749          1700          1730          1716          1637 
 1687          1720          1695          1691          1666          1703          1668          1732 
 1717          1811          1730          1742          1859          1785          1783          1837 
 1831          1858          1856          1926          1855          1921          2002          2065 
 2008          2075          2050          1982          2034          2000          1976          1966 
 1968          2040          2020          1972          1886          1969          2008          1893 
 1852          1987          1911          1855          1813          1791          1799          1777 
 1745          1693          1750          1777          1680          1691          1644          1656 
 1603          1644          1583          1732          1590          1512          1577          1655 
 1468          1471          1484          1481          1449          1549          1533          1460 
 1542          1509          1465          1458          1470          1387          1382          1359 
 1424          1290          1398          1344          1359          1316          1389          1326 
 1404          1387          1328          1277          1338          1283          1248          1325 
 1270          1291          1298          1263          1246          1307          1281          1216 
 1323          1193          1304          1285          1243          1246          1274          1280 
 1200          1262          1241          1242          1257          1233          1253          1257 
 1233          1304          1146          1195          1280          1204          1169          1191 
 1141          1155          1043          1179          1115          1105          1035          1124 
 1048          1043          987           995           994           973           955           920 
 934           927           897           871           862           895           891           830 
 812           796           856           829           775           787           806           755 
 783           761           812           796           802           751           732           716 
 798           759           745           792           808           745           734           699 
 711           700           714           769           738           776           762           810 
 761           783           740           744           782           774           790           808 
 780           798           855           924           898           906           940           954 
 1066          1092          1197          1130          1316          1406          1459          1630 
 1624          1838          1873          2044          2188          2253          2318          2388 
 2477          2644          2668          2803          2921          2933          2817          2958 
 3013          3018          2963          2755          2872          2832          2796          2697 
 2604          2456          2384          2245          2216          2055          1931          1901 
 1742          1707          1516          1461          1343          1320          1207          1130 
 1065          1119          1094          987           982           912           893           836 
 809           849           824           839           755           764           784           737 
 772           735           711           722           745           704           738           749 
 713           732           763           777           730           830           764           732 
 765           746           791           747           747           774           755           790 
 833           765           765           795           832           760           742           739 
 839           815           814           798           792           799           767           823 
 781           822           846           812           895           893           813           863 
 855           831           857           849           874           837           865           818 
 838           847           815           802           843           829           818           883 
 866           877           866           867           826           806           853           847 
 810           820           784           755           777           736           753           732 
 699           743           684           730           716           690           696           690 
 637           661           632           656           623           609           665           620 
 593           625           625           532           592           559           602           587 
 576           572           541           556           562           534           544           567 
 557           557           538           533           572           546           494           560 
 539           559           536           514           487           520           540           545 
 526           504           485           516           511           508           464           509 
 532           480           547           494           557           510           508           490 
 531           560           544           564           583           592           666           615 
 699           733           742           793           798           849           864           881 
 960           1021          1038          1051          1129          1154          1247          1242 
 1307          1320          1327          1374          1459          1439          1426          1500 
 1460          1495          1498          1461          1420          1447          1432          1384 
 1393          1328          1334          1292          1208          1197          1213          1143 
 1082          1058          1007          990           900           871           828           829 
 749           713           653           611           631           592           557           554 
 540           536           515           520           460           500           530           505 
 489           497           564           563           550           583           616           632 
 672           630           698           726           761           752           830           858 
 845           859           941           939           1001          1062          1055          1004 
 1117          1113          1053          1140          1180          1130          1107          1121 
 1173          1149          1100          1068          1028          1025          978           1009 
 980           973           914           813           839           831           744           746 
 731           663           640           632           526           556           493           520 
 427           449           422           375           377           334           296           289 
 287           288           251           251           231           225           191           209 
 180           161           147           172           147           147           115           100 
 126           86            113           94            95            89            73            69 
 80            72            81            61            67            66            55            54 
 46            52            37            65            51            48            48            44 
 33            39            44            42            31            34            32            36 
 42            37            38            32            50            35            25            34 
 38            35            28            33            32            25            41            31 
 37            40            34            32            38            20            30            31 
 28            36            33            34            42            29            30            32 
 32            43            29            31            27            33            42            32 
 27            37            39            29            24            36            39            27 
 31            27            24            27            28            30            36            25 
 23            29            33            32            42            26            30            22 
 39            34            35            33            29            30            35            28 
 32            18            27            27            28            15            26            23 
 34            25            33            23            35            23            26            24 
 23            24            29            24            24            34            28            21 
 18            12            33            22            23            19            26            30 
 30            23            18            29            31            27            26            29 
 25            29            24            30            19            26            14            30 
 19            14            23            19            18            18            22            25 
 21            28            26            26            18            28            19            26 
 12            15            28            23            18            20            21            30 
 18            29            12            23            15            25            24            19 
 22            25            13            24            18            26            17            21 
 26            31            15            18            17            18            23            26 
 25            24            17            21            23            22            22            17 
 16            22            24            18            21            16            17            20 
 25            20            11            23            17            17            28            27 
 14            20            11            14            13            15            19            16 
 17            12            22            23            23            19            18            20 
 18            17            17            19            27            23            17            22 
 16            14            23            25            18            27            17            25 
 12            19            18            32            26            19            22            17 
 27            24            24            29            17            23            19            18 
 25            20            23            19            17            18            20            18 
 17            17            31            13            19            16            20            20 
 20            29            22            16            5             16            18            22 
 19            19            9             16            19            20            22            21 
 22            15            18            16            22            14            12            14 
 20            28            11            19            19            25            22            24 
 14            16            21            17            18            15            18            19 
 17            12            28            13            16            23            19            25 
 14            21            14            18            14            16            15            11 
 12            24            11            15            19            10            10            20 
 8             12            10            10            14            19            17            14 
 19            9             9             6             20            16            11            16 
 18            19            12            6             8             8             11            6 
 9             9             7             5             10            8             6             4 
 10            3             5             3             6             8             8             4 
