$SPEC_ID:
bMCA Spectrum
$DATE_MEA:
07-04-2022  09:29:23
$MEAS_TIM:
 115.835       120
$DEVICE_ID:
bMCA 06201013
$ACQ_SETTINGS:
 2             120           1000          4             4095 
$HRDW_PARAMS:
PHA
 800
 3             3276          5 
 7             0             1023 
 80            25            45 
 1             1 
$SPEC_CAL:
-5.490132      2.161477      2.078236E-04
$MCA_CAL:
3
-5.490132      2.161477      2.078236E-04
$ROI:
 267           333           32768         1            137Cs
 553           618           16711935      1            60Co
 46            75            33023         1            57Co
$DATA:
 0             1023 
 12            25            36            75            127           193           307           435 
 583           791           914           934           900           993           931           931 
 930           1026          1085          1154          1270          1276          1310          1228 
 1137          998           937           876           855           825           886           900 
 961           963           1119          1162          1238          1313          1385          1331 
 1396          1373          1319          1420          1516          1700          1839          2110 
 2566          3052          3644          4159          4514          4913          4965          5107 
 4973          4739          4845          4747          4710          4888          5099          5154 
 5098          4869          4274          3790          3205          2579          2225          1794 
 1541          1329          1154          1090          936           931           851           836 
 846           872           782           837           852           818           863           889 
 862           878           851           886           851           922           929           978 
 994           931           900           911           972           967           925           920 
 996           961           896           917           945           935           924           927 
 862           908           908           877           880           894           837           832 
 861           780           782           865           826           793           815           748 
 786           781           736           720           767           741           771           749 
 695           730           704           654           707           725           679           688 
 657           673           642           664           720           656           687           624 
 606           642           636           641           600           645           630           593 
 639           602           557           618           620           601           567           624 
 611           574           562           626           601           602           571           569 
 637           595           597           569           567           579           597           537 
 594           566           611           557           568           536           529           558 
 559           545           561           580           555           571           565           534 
 496           556           535           538           525           496           487           488 
 451           465           479           466           448           428           437           457 
 448           438           442           404           420           395           384           421 
 390           385           371           371           357           350           358           340 
 341           360           345           339           404           370           382           365 
 391           361           352           372           336           339           315           349 
 380           352           351           369           365           362           348           361 
 372           357           318           357           327           367           352           398 
 350           366           380           410           407           470           466           482 
 479           523           508           561           630           617           661           686 
 778           828           863           929           982           986           1029          1113 
 1124          1162          1198          1233          1272          1339          1233          1347 
 1298          1417          1374          1380          1336          1230          1228          1215 
 1158          1070          1036          1032          1001          910           835           850 
 805           733           691           659           650           648           603           537 
 486           473           440           443           448           386           411           435 
 392           381           366           370           343           390           337           325 
 383           320           354           345           329           396           329           347 
 347           343           328           350           334           337           383           333 
 312           375           388           342           372           358           338           303 
 388           375           345           381           355           372           359           390 
 384           403           363           378           365           381           368           361 
 393           356           360           376           390           397           402           398 
 357           380           370           367           391           405           403           380 
 370           388           387           400           378           414           384           391 
 358           382           396           377           368           356           370           338 
 393           348           390           354           341           363           341           343 
 336           322           330           308           289           317           312           329 
 297           263           288           265           274           300           276           269 
 266           295           261           295           267           254           310           266 
 279           234           274           261           258           266           275           237 
 241           258           236           266           253           270           264           253 
 219           248           245           264           226           243           239           241 
 260           252           221           224           262           232           241           252 
 227           242           225           241           241           227           250           253 
 233           271           255           240           276           298           271           302 
 307           335           323           344           353           389           403           416 
 427           467           466           488           532           490           574           574 
 590           599           604           630           634           664           658           643 
 671           693           667           650           643           659           621           659 
 603           636           569           607           591           511           521           494 
 519           471           452           466           422           416           381           350 
 351           293           304           300           271           253           246           261 
 218           249           235           228           263           230           224           232 
 220           251           230           269           281           246           293           288 
 296           344           345           334           369           348           360           432 
 410           426           413           452           436           465           486           478 
 476           488           495           539           517           556           501           526 
 534           489           521           518           427           457           423           464 
 426           422           427           392           367           371           343           312 
 339           294           309           262           272           235           224           227 
 213           192           190           170           162           138           163           134 
 129           106           112           111           91            85            105           86 
 87            80            71            71            47            70            58            53 
 51            47            57            45            42            42            36            30 
 44            36            29            33            30            26            26            38 
 19            22            26            22            19            33            19            21 
 22            19            19            18            18            24            24            13 
 17            18            11            17            25            16            13            15 
 14            16            24            18            15            15            17            25 
 14            10            13            20            12            9             15            14 
 20            21            12            12            12            14            14            9 
 12            10            17            12            10            16            9             13 
 10            12            7             17            11            16            13            16 
 10            13            13            9             13            12            11            16 
 5             19            9             14            16            12            13            12 
 12            11            10            9             13            13            8             17 
 21            10            5             11            12            12            13            12 
 11            7             11            8             13            9             8             10 
 11            12            11            17            5             10            6             8 
 8             7             7             6             12            9             9             8 
 12            12            15            18            14            12            12            9 
 13            10            12            5             16            8             9             15 
 12            8             7             7             7             13            13            11 
 7             10            15            8             14            6             13            10 
 11            6             11            8             10            8             7             8 
 8             11            8             11            5             7             9             5 
 15            5             8             14            7             9             11            13 
 9             14            10            11            7             11            3             6 
 10            9             12            15            2             10            12            11 
 5             9             10            6             7             10            6             11 
 9             6             10            8             9             6             12            10 
 5             9             6             8             6             5             6             10 
 3             5             8             10            8             4             8             2 
 12            6             6             11            11            8             10            7 
 8             7             13            8             10            6             9             7 
 7             6             7             7             6             8             13            9 
 7             10            2             7             5             7             6             12 
 10            5             8             4             7             7             10            6 
 7             6             8             7             8             10            11            5 
 6             6             4             8             5             12            7             7 
 7             9             9             8             10            8             4             12 
 5             5             7             16            5             6             9             9 
 11            3             6             13            4             12            7             9 
 5             10            12            6             8             9             7             11 
 19            6             8             8             4             12            5             9 
 5             8             12            8             13            4             7             8 
 11            3             7             6             5             5             8             12 
 9             8             6             5             3             9             7             9 
 9             1             8             3             6             5             7             5 
 6             3             2             5             4             1             5             6 
 4             2             1             3             4             5             3             5 
 5             2             4             6             0             2             4             4 
