$SPEC_ID:
bMCA Spectrum
$DATE_MEA:
07-04-2022  11:00:02
$MEAS_TIM:
 174.775       180
$DEVICE_ID:
bMCA 06201013
$ACQ_SETTINGS:
 2             180           1000          4             4095 
$HRDW_PARAMS:
PHA
 800
 3             3276          5 
 7             0             1023 
 80            25            45 
 1             1 
$SPEC_CAL:
-5.490132      2.161477      2.078236E-04
$MCA_CAL:
3
-5.490132      2.161477      2.078236E-04
$ROI:
 267           332           32768         1            137Cs
 553           618           16711935      1            60Co
$DATA:
 0             1023 
 10            26            49            75            165           260           394           563 
 829           1058          1183          1289          1321          1315          1298          1223 
 1370          1414          1485          1617          1867          1898          1924          1785 
 1596          1447          1285          1203          1151          1109          1100          1108 
 1112          1183          1207          1219          1208          1272          1288          1289 
 1324          1300          1285          1277          1255          1312          1267          1235 
 1277          1313          1267          1257          1311          1297          1288          1298 
 1311          1294          1248          1316          1280          1328          1263          1325 
 1197          1322          1290          1304          1252          1235          1264          1288 
 1264          1240          1213          1294          1227          1234          1188          1291 
 1243          1373          1336          1307          1326          1325          1378          1368 
 1311          1376          1422          1427          1419          1575          1502          1434 
 1560          1505          1528          1439          1475          1546          1514          1419 
 1507          1519          1550          1513          1491          1450          1458          1484 
 1457          1451          1443          1389          1378          1340          1345          1343 
 1366          1249          1311          1244          1245          1216          1305          1245 
 1243          1206          1187          1142          1141          1209          1214          1148 
 1202          1088          1206          1122          1120          1071          1095          1048 
 1069          1057          1115          1054          1002          1030          1075          1033 
 1073          1071          1041          1014          993           996           1008          1031 
 1050          1001          1003          999           1009          963           979           946 
 1010          957           990           966           922           933           925           984 
 985           965           877           903           917           986           965           876 
 898           953           936           920           935           872           965           914 
 905           933           934           905           888           921           902           913 
 844           867           841           901           831           845           803           788 
 799           771           757           700           780           695           752           720 
 697           665           675           649           633           665           646           624 
 683           655           601           598           557           576           580           639 
 627           587           558           570           559           590           520           567 
 567           557           565           548           565           558           556           572 
 559           521           555           552           558           527           588           564 
 544           569           533           597           597           576           571           550 
 627           603           611           680           654           664           698           756 
 867           798           898           989           972           1050          1109          1203 
 1189          1322          1403          1496          1639          1657          1751          1765 
 1903          2039          2063          2000          2175          2195          2182          2120 
 2169          2210          2188          2200          2166          2090          2100          1934 
 1873          1928          1818          1690          1584          1525          1458          1373 
 1295          1217          1114          1113          984           952           905           875 
 808           808           737           746           739           673           630           668 
 608           599           584           570           569           612           587           597 
 567           604           558           562           623           570           554           553 
 553           560           582           516           527           537           568           587 
 572           574           568           570           600           550           550           630 
 555           604           577           619           584           549           622           585 
 620           623           647           626           617           641           602           635 
 614           570           607           694           664           595           649           603 
 617           648           625           677           614           646           627           661 
 672           640           617           642           627           640           644           651 
 601           632           602           645           585           611           584           577 
 546           541           610           591           549           553           615           584 
 560           530           509           506           498           513           527           469 
 485           491           460           464           456           447           447           451 
 478           449           445           479           435           431           434           449 
 431           426           420           445           417           421           429           434 
 403           394           440           401           454           399           429           411 
 418           420           403           417           369           397           427           393 
 381           367           378           342           401           374           361           399 
 389           376           363           414           406           371           398           422 
 384           401           409           440           437           475           476           502 
 516           511           537           555           587           652           644           663 
 734           768           779           832           811           850           907           938 
 1013          933           1059          996           1079          1080          1115          1037 
 1084          1058          1116          1033          1111          1087          1084          1088 
 1005          1006          988           952           943           950           835           857 
 812           786           698           706           653           653           615           573 
 559           517           487           466           438           448           422           421 
 397           373           378           332           344           353           385           380 
 380           406           397           402           431           436           458           475 
 518           465           536           522           577           631           584           687 
 649           691           698           749           760           773           800           790 
 783           888           863           805           889           822           864           858 
 839           792           784           835           755           722           784           784 
 725           713           680           593           585           590           567           564 
 513           493           487           442           433           421           375           381 
 345           310           280           282           290           264           231           234 
 193           188           174           163           175           136           148           168 
 128           112           121           97            109           102           96            87 
 78            72            69            53            70            71            65            67 
 58            43            54            58            28            30            39            36 
 40            35            32            37            28            40            30            32 
 37            31            33            38            33            39            37            30 
 35            35            23            29            29            29            25            18 
 20            22            31            24            31            18            25            32 
 26            20            32            20            26            19            23            29 
 33            30            26            25            32            27            22            18 
 19            28            22            24            23            18            29            20 
 20            20            19            21            14            27            30            17 
 17            29            22            23            15            26            26            19 
 12            22            26            19            13            20            16            19 
 30            24            27            20            25            23            16            20 
 25            23            18            19            18            24            20            17 
 17            23            15            21            17            17            18            17 
 21            10            15            22            12            21            13            15 
 21            25            18            23            19            14            17            17 
 25            22            15            18            20            28            19            14 
 22            23            12            21            23            18            23            23 
 11            17            14            21            21            19            13            21 
 23            19            16            15            17            21            13            19 
 11            16            19            23            13            22            19            17 
 16            15            16            10            13            16            13            8 
 20            14            18            27            22            15            19            26 
 11            19            19            22            15            20            15            16 
 16            17            16            18            14            15            14            18 
 13            16            16            20            14            14            15            15 
 12            11            12            14            11            15            14            7 
 22            12            11            14            14            14            13            15 
 16            13            11            12            8             14            14            20 
 14            12            15            11            13            15            13            22 
 12            16            19            25            9             26            22            16 
 16            12            20            5             22            13            12            12 
 13            14            9             14            17            12            11            13 
 14            15            11            10            10            11            9             17 
 13            9             9             12            14            12            19            17 
 15            16            15            15            13            16            8             14 
 7             14            16            14            13            11            12            12 
 10            12            18            13            9             15            13            19 
 21            14            13            23            14            21            20            12 
 12            14            16            16            12            13            14            11 
 16            14            10            14            12            14            16            23 
 16            15            10            8             15            14            14            11 
 12            12            10            10            10            12            9             12 
 11            16            15            11            13            7             7             10 
 7             10            10            5             9             9             6             10 
 13            10            8             6             3             5             6             6 
 3             8             8             5             8             5             6             8 
 1             10            4             4             11            5             10            3 
