$SPEC_ID:
bMCA Spectrum
$DATE_MEA:
07-04-2022  09:40:45
$MEAS_TIM:
 173.745       180
$DEVICE_ID:
bMCA 06201013
$ACQ_SETTINGS:
 2             180           1000          4             4095 
$HRDW_PARAMS:
PHA
 800
 3             3276          5 
 7             0             1023 
 80            25            45 
 1             1 
$SPEC_CAL:
-5.490132      2.161477      2.078236E-04
$MCA_CAL:
3
-5.490132      2.161477      2.078236E-04
$ROI:
 267           333           32768         1            137Cs
 553           618           16711935      1            60Co
 46            75            33023         1            57Co
$DATA:
 0             1023 
 20            28            54            92            154           279           434           613 
 957           1178          1283          1390          1432          1425          1355          1429 
 1389          1496          1625          1766          1944          2001          1954          1844 
 1695          1520          1358          1281          1276          1282          1287          1328 
 1426          1543          1605          1775          1750          1859          1991          2054 
 2078          2076          2148          2202          2294          2566          2841          3283 
 3732          4526          5326          6153          6820          7332          7550          7522 
 7395          7119          6986          7186          7305          7419          7818          7869 
 7786          7247          6655          5697          4980          4146          3374          2627 
 2373          2022          1801          1620          1425          1298          1300          1237 
 1314          1288          1266          1294          1196          1250          1297          1369 
 1258          1317          1423          1357          1383          1368          1390          1354 
 1432          1484          1466          1444          1424          1348          1535          1426 
 1471          1416          1434          1427          1420          1400          1405          1401 
 1326          1326          1330          1240          1307          1274          1308          1290 
 1297          1212          1179          1217          1153          1245          1192          1176 
 1178          1130          1188          1091          1132          1094          1070          1057 
 1055          999           1035          1111          1040          1093          1010          972 
 1022          1030          952           997           987           943           1001          969 
 987           954           995           977           907           971           887           964 
 961           986           946           901           909           921           875           864 
 863           902           958           892           866           925           894           885 
 882           855           869           833           835           818           823           823 
 905           874           835           800           885           801           846           833 
 828           859           882           826           851           810           805           793 
 837           827           763           809           742           780           719           819 
 732           770           701           653           662           652           682           663 
 621           661           651           642           592           615           580           672 
 548           616           589           606           529           593           598           576 
 562           534           553           510           533           573           590           542 
 549           515           491           507           527           529           528           529 
 509           527           543           495           513           526           495           552 
 534           535           497           533           530           559           515           570 
 541           552           563           669           623           643           669           678 
 747           799           770           862           887           1030          1002          1021 
 1119          1140          1258          1286          1399          1534          1584          1628 
 1753          1766          1890          1864          1885          1935          1909          1951 
 1916          2021          1971          1876          1921          1867          1872          1823 
 1715          1658          1571          1532          1512          1402          1270          1271 
 1205          1146          1030          953           922           913           878           858 
 796           774           696           716           680           639           667           606 
 571           588           537           589           514           537           538           518 
 519           496           554           535           544           535           477           514 
 480           511           519           526           510           519           478           520 
 531           489           508           483           554           558           506           573 
 549           547           506           532           562           596           551           532 
 531           570           585           512           591           566           560           552 
 559           555           629           531           565           598           620           591 
 548           587           567           624           637           632           588           571 
 622           591           604           579           619           600           562           573 
 606           596           556           565           521           585           532           575 
 564           552           589           549           541           520           506           486 
 505           520           477           456           442           470           486           403 
 428           420           509           427           453           443           426           428 
 399           392           416           410           404           356           373           395 
 383           363           378           383           371           399           403           419 
 388           365           382           360           324           382           340           383 
 389           374           370           366           357           391           373           350 
 369           366           390           346           300           364           349           347 
 328           323           338           358           368           371           353           346 
 376           350           405           382           423           412           457           465 
 457           484           517           494           522           591           629           605 
 613           662           673           728           794           748           888           835 
 858           846           855           941           949           978           1008          964 
 1010          941           1077          982           993           988           950           934 
 1003          862           973           850           843           839           761           773 
 737           748           682           659           616           627           578           534 
 566           486           482           451           442           402           412           365 
 373           370           367           336           357           345           345           369 
 370           364           417           401           409           367           429           457 
 424           434           488           487           498           563           542           608 
 613           610           647           651           705           728           748           696 
 719           737           794           759           820           754           774           778 
 779           774           730           712           767           710           681           668 
 643           613           581           593           559           525           547           505 
 497           476           440           389           424           368           394           354 
 305           301           266           255           255           219           223           230 
 197           167           177           153           146           137           128           143 
 127           106           113           127           98            95            84            78 
 75            72            61            59            46            54            70            65 
 63            48            44            38            49            38            49            45 
 38            41            41            27            31            23            35            29 
 33            25            30            31            30            28            26            23 
 33            30            31            20            20            22            33            24 
 30            25            19            12            28            24            31            21 
 22            28            30            12            25            21            25            15 
 23            19            24            22            25            24            19            8 
 20            13            14            22            18            23            21            16 
 22            27            20            20            22            15            18            15 
 15            19            19            11            17            17            15            21 
 20            15            12            24            21            17            23            20 
 16            17            25            22            19            16            14            25 
 19            22            21            15            17            19            19            17 
 18            15            14            22            20            14            18            14 
 15            16            17            18            9             14            12            11 
 9             13            14            17            11            19            20            15 
 17            21            14            15            16            27            21            7 
 13            22            16            22            17            17            11            8 
 18            9             22            17            12            12            20            11 
 16            14            21            23            17            14            10            19 
 13            13            17            17            13            15            12            9 
 18            18            15            17            18            16            14            6 
 13            15            21            22            17            22            13            8 
 11            9             13            17            11            13            15            18 
 15            15            15            13            18            14            16            9 
 8             12            13            5             21            9             15            12 
 19            5             9             18            19            18            15            10 
 12            10            13            12            6             8             12            9 
 10            5             13            11            8             12            7             11 
 11            11            19            22            13            6             14            14 
 10            13            9             8             13            8             9             18 
 14            10            12            13            11            13            18            12 
 13            16            10            9             10            11            17            15 
 16            10            15            12            9             6             11            13 
 17            8             17            10            12            7             13            9 
 12            8             12            14            8             12            9             13 
 13            8             12            6             10            11            7             11 
 13            14            6             13            17            12            3             12 
 15            17            9             16            13            8             13            13 
 15            13            11            14            9             18            13            5 
 18            13            14            14            6             8             14            9 
 12            6             12            8             10            13            8             9 
 14            14            9             9             17            10            12            9 
 12            8             11            14            6             6             6             8 
 8             12            6             10            9             11            11            6 
 11            12            9             3             12            9             11            9 
 6             8             4             6             8             3             5             5 
 4             4             5             4             5             4             1             5 
