$SPEC_ID:
bMCA Spectrum
$DATE_MEA:
07-04-2022  09:52:50
$MEAS_TIM:
 173.725       180
$DEVICE_ID:
bMCA 06201013
$ACQ_SETTINGS:
 2             180           1000          4             4095 
$HRDW_PARAMS:
PHA
 800
 3             3276          5 
 7             0             1023 
 80            25            45 
 1             1 
$SPEC_CAL:
-5.490132      2.161477      2.078236E-04
$MCA_CAL:
3
-5.490132      2.161477      2.078236E-04
$ROI:
 267           333           32768         1            137Cs
 553           618           16711935      1            60Co
 46            75            33023         1            57Co
$DATA:
 0             1023 
 19            32            52            114           167           284           436           648 
 900           1100          1333          1419          1385          1396          1411          1399 
 1440          1511          1633          1797          1918          2054          1992          1815 
 1720          1495          1352          1302          1224          1235          1306          1317 
 1520          1568          1654          1740          1765          1874          2003          2076 
 2041          2130          2158          2176          2299          2468          2757          3288 
 3916          4647          5537          6175          6972          7419          7510          7695 
 7340          7382          7039          7031          7142          7419          7629          7803 
 7614          7130          6654          5730          4926          4000          3390          2752 
 2247          1999          1758          1607          1337          1378          1339          1283 
 1176          1207          1239          1319          1256          1236          1295          1351 
 1297          1306          1290          1378          1324          1333          1410          1401 
 1402          1368          1454          1439          1419          1424          1429          1343 
 1408          1427          1420          1406          1389          1418          1396          1408 
 1345          1377          1413          1308          1306          1290          1309          1239 
 1219          1208          1216          1158          1269          1220          1160          1178 
 1176          1146          1107          1139          1057          1179          1107          1044 
 1029          1086          1089          1065          1081          1048          1031          991 
 1055          999           967           1012          1033          948           963           992 
 960           1024          973           930           902           917           873           917 
 918           959           917           934           921           909           908           930 
 828           916           951           873           905           869           835           872 
 847           873           829           844           862           907           870           836 
 871           906           885           879           880           865           814           821 
 866           821           801           838           864           795           862           760 
 825           801           817           789           824           792           758           722 
 746           762           724           747           702           698           605           679 
 630           635           620           564           630           640           589           581 
 594           563           595           567           578           588           570           533 
 563           535           527           617           561           538           532           511 
 511           558           515           518           542           549           530           503 
 513           518           522           509           534           548           543           515 
 495           548           505           520           532           562           509           587 
 593           588           614           650           581           641           696           672 
 707           763           852           809           920           930           1011          1108 
 1096          1235          1347          1346          1415          1499          1619          1633 
 1692          1714          1847          1889          1842          1979          2002          1969 
 1958          1928          2085          1896          1984          1837          1804          1801 
 1641          1762          1622          1546          1450          1319          1313          1261 
 1179          1116          1040          1033          914           876           825           851 
 807           734           694           717           675           658           623           599 
 569           552           536           557           590           533           496           522 
 566           508           500           489           521           540           501           517 
 503           528           513           549           497           514           493           486 
 524           562           498           534           553           535           544           524 
 533           477           552           546           525           575           562           577 
 585           529           526           623           585           583           552           548 
 586           551           586           558           549           568           581           604 
 563           604           591           632           548           583           594           598 
 567           580           580           573           547           557           558           598 
 611           590           635           543           540           580           563           560 
 522           577           567           527           532           505           525           508 
 495           559           500           459           471           498           461           484 
 457           433           466           450           412           393           432           406 
 416           411           406           391           456           383           414           355 
 412           391           435           388           396           390           360           363 
 367           416           400           377           385           332           377           362 
 362           343           390           391           375           372           370           364 
 373           381           333           384           344           358           351           375 
 340           352           355           370           369           405           362           334 
 378           380           310           370           448           445           447           413 
 431           485           478           527           527           585           624           627 
 673           687           769           771           708           761           856           848 
 882           918           907           965           968           986           964           930 
 1004          1008          1023          984           980           1025          959           1029 
 958           877           878           898           837           820           821           803 
 791           769           683           704           600           566           594           541 
 537           487           473           471           432           379           354           378 
 380           367           355           358           351           347           345           356 
 330           363           355           380           391           383           426           420 
 451           473           464           535           560           535           591           593 
 601           642           652           618           667           689           752           703 
 755           777           801           733           786           791           777           778 
 787           787           797           742           706           769           692           690 
 676           635           588           582           597           535           553           524 
 473           443           445           435           409           386           341           351 
 337           321           300           259           273           229           238           195 
 188           183           178           150           148           135           148           115 
 92            129           124           102           90            83            85            75 
 79            81            83            64            59            64            78            46 
 54            45            38            52            48            43            47            37 
 50            26            34            35            43            46            27            23 
 33            35            31            28            32            33            23            27 
 28            25            26            22            20            20            26            27 
 24            23            19            24            27            27            29            28 
 19            19            16            21            25            26            23            21 
 22            20            17            18            22            21            22            21 
 27            18            19            25            18            18            25            18 
 17            16            24            15            23            21            16            24 
 16            19            17            24            18            12            21            17 
 23            23            11            23            14            12            22            18 
 19            17            17            16            19            20            15            15 
 24            17            21            17            22            22            18            14 
 13            19            17            13            16            17            15            21 
 13            14            11            15            13            26            13            20 
 21            17            18            10            14            26            15            16 
 15            16            24            15            18            19            20            17 
 11            9             23            16            7             17            18            10 
 17            13            20            20            17            16            16            22 
 18            17            18            14            13            18            11            12 
 6             15            13            16            10            18            16            13 
 12            16            17            14            24            13            17            14 
 13            12            11            16            16            12            16            10 
 8             12            20            14            16            14            11            12 
 13            10            16            20            7             9             15            17 
 16            17            13            12            15            11            13            7 
 10            14            11            11            14            8             13            15 
 17            18            14            17            14            13            11            15 
 14            18            14            9             10            10            11            12 
 17            11            10            14            13            12            9             15 
 14            11            11            17            17            10            14            22 
 13            10            22            5             11            7             11            17 
 13            6             14            11            11            9             13            10 
 16            10            8             8             12            11            13            14 
 11            13            12            10            8             11            6             11 
 13            12            9             9             9             9             13            12 
 13            7             11            11            13            12            12            10 
 16            12            8             10            6             13            14            5 
 10            11            12            14            11            12            12            15 
 12            16            12            10            12            20            15            10 
 11            18            10            8             7             12            9             13 
 17            10            7             14            16            12            8             8 
 10            13            15            8             6             13            9             9 
 10            15            11            11            9             5             10            6 
 11            8             8             4             10            11            5             9 
 9             9             11            4             9             4             7             10 
 6             4             9             5             5             3             4             4 
 7             7             2             7             5             4             3             5 
