$SPEC_ID:
bMCA Spectrum
$DATE_MEA:
07-05-2022  08:44:02
$MEAS_TIM:
 177.22        180
$DEVICE_ID:
bMCA 06201013
$ACQ_SETTINGS:
 2             180           1000          4             4095 
$HRDW_PARAMS:
PHA
 800
 3             3276          5 
 7             0             1023 
 80            25            45 
 1             1 
$SPEC_CAL:
-2.996172      2.07587       2.903056E-04
$MCA_CAL:
3
-2.996172      2.07587       2.903056E-04
$ROI:
 270           340           32768         1            137Cs
 46            75            33023         1            57Co
$DATA:
 0             1023 
 6             9             24            48            81            180           288           446 
 697           907           1048          1187          1156          1095          1075          982 
 949           1080          1109          1315          1406          1463          1485          1366 
 1141          973           839           767           708           731           689           732 
 808           782           858           919           986           1042          1146          1151 
 1213          1298          1318          1314          1399          1456          1640          1946 
 2328          2775          3395          3924          4416          5027          5237          5485 
 5381          5233          5125          4976          5031          5196          5337          5469 
 5590          5383          5038          4511          3885          3114          2649          2071 
 1747          1424          1141          997           894           876           766           737 
 673           690           694           687           719           667           730           688 
 691           708           738           702           679           753           733           728 
 715           753           727           720           718           689           640           685 
 670           688           665           676           654           663           619           601 
 552           627           617           636           515           550           619           559 
 537           526           522           543           492           555           501           517 
 520           466           469           483           498           490           500           477 
 498           443           462           424           460           476           440           432 
 444           437           425           393           395           405           391           366 
 408           439           418           431           409           387           386           426 
 411           406           377           416           386           399           390           370 
 416           386           355           391           374           406           415           395 
 384           360           371           374           376           375           383           379 
 393           368           361           342           388           381           394           384 
 385           409           374           388           396           367           356           379 
 372           372           341           344           345           347           341           331 
 356           340           299           279           269           276           262           270 
 232           219           211           200           198           195           181           180 
 195           148           137           142           121           113           126           119 
 112           117           87            120           101           95            90            103 
 76            87            91            99            75            86            81            84 
 94            72            68            66            78            72            64            64 
 66            79            63            67            79            91            91            97 
 92            117           98            93            112           124           140           146 
 174           199           229           258           308           366           419           419 
 432           550           570           616           755           799           861           1003 
 1027          1129          1193          1250          1362          1411          1545          1568 
 1615          1614          1684          1622          1676          1675          1746          1690 
 1678          1619          1546          1484          1482          1404          1374          1313 
 1179          1056          939           894           817           725           714           718 
 550           511           477           425           382           310           297           259 
 198           199           169           129           151           130           90            75 
 73            66            51            60            56            35            31            28 
 33            21            31            17            12            22            16            19 
 25            30            15            16            17            14            23            20 
 22            15            12            13            19            22            15            16 
 21            16            15            17            13            11            19            10 
 17            10            8             14            12            13            12            14 
 15            11            13            13            17            16            6             20 
 13            12            13            10            10            19            18            12 
 11            10            14            12            10            8             11            16 
 12            11            14            7             14            11            16            14 
 14            9             14            10            15            9             7             10 
 12            14            11            15            8             18            11            9 
 14            7             15            12            12            12            7             17 
 13            12            12            6             9             6             8             14 
 6             10            8             7             5             13            15            11 
 3             11            3             13            9             9             5             10 
 6             4             10            11            7             6             11            11 
 13            7             12            10            11            10            6             17 
 13            10            10            9             8             9             10            6 
 14            5             9             4             6             4             9             10 
 10            15            9             8             12            5             10            8 
 13            14            14            7             7             8             14            11 
 7             14            7             11            13            11            9             10 
 11            9             15            11            11            10            10            13 
 13            12            7             12            10            7             18            6 
 10            12            6             8             8             5             11            10 
 13            11            12            11            9             7             8             9 
 6             7             5             7             10            8             5             3 
 6             3             3             9             4             5             2             6 
 8             4             7             5             7             4             4             8 
 8             5             11            8             8             11            8             9 
 7             10            7             3             4             4             7             8 
 12            9             5             8             13            10            8             9 
 9             10            1             7             5             4             7             5 
 2             8             6             6             8             6             6             9 
 6             6             10            10            12            10            4             5 
 6             12            3             3             4             5             4             5 
 7             6             6             9             8             7             5             5 
 11            3             6             7             3             7             6             8 
 8             6             10            8             4             3             5             2 
 4             5             9             4             7             4             4             8 
 7             10            5             6             3             9             2             3 
 1             5             1             2             3             2             4             3 
 2             5             2             2             3             3             2             2 
 2             4             3             4             2             4             0             2 
 4             3             4             0             1             2             2             4 
 1             1             5             1             3             1             0             0 
 2             3             3             2             2             0             0             2 
 1             0             0             2             0             0             1             1 
 2             1             0             0             1             1             1             0 
 1             0             0             1             1             1             1             0 
 0             0             2             1             0             3             1             0 
 2             0             0             1             1             1             0             1 
 1             1             1             1             1             2             1             2 
 0             0             0             2             1             0             0             1 
 3             2             1             1             0             0             1             2 
 4             1             1             0             2             2             1             1 
 1             1             4             2             0             0             0             1 
 0             0             2             2             0             4             4             2 
 1             1             2             1             0             1             1             0 
 0             2             4             1             1             0             1             2 
 2             0             2             3             0             1             0             0 
 2             0             1             1             2             2             0             0 
 4             0             0             0             1             2             1             0 
 0             2             0             0             1             3             0             0 
 1             1             2             1             2             0             0             0 
 1             1             0             0             2             0             0             0 
 1             0             0             0             0             0             0             2 
 0             1             0             2             1             0             0             0 
 1             0             0             1             1             3             1             1 
 0             0             2             1             0             0             0             0 
 1             0             0             2             0             1             1             1 
 1             1             0             1             1             0             0             1 
 3             2             0             0             1             1             1             2 
 1             0             0             1             1             0             0             0 
 0             2             0             0             2             0             0             0 
 1             2             0             2             0             1             0             0 
 0             1             0             0             1             2             1             2 
 1             1             1             1             0             0             0             1 
 0             1             0             0             0             1             0             0 
 1             1             0             0             1             1             0             0 
 0             0             0             0             0             0             0             0 
 0             1             3             1             0             1             0             1 
 0             0             0             0             1             0             1             0 
 0             2             0             1             0             0             0             0 
 2             0             1             0             1             0             0             0 
