$SPEC_ID:
bMCA Spectrum
$DATE_MEA:
07-07-2022  08:33:33
$MEAS_TIM:
 58.075        60
$DEVICE_ID:
bMCA 06201013
$ACQ_SETTINGS:
 2             60            1000          4             4095 
$HRDW_PARAMS:
PHA
 800
 3             3276          5 
 7             0             1023 
 80            25            45 
 1             1 
$SPEC_CAL:
-39.25932      2.313255      0
$MCA_CAL:
3
-39.25932      2.313255      0
$ROI:
 273           333           32768         1            137Cs
 562           622           16711935      1            60Co
$DATA:
 0             1023 
 7             9             15            24            38            88            110           175 
 228           308           354           364           406           402           375           374 
 403           419           442           495           541           573           575           562 
 476           451           382           428           357           353           371           380 
 402           358           395           439           405           405           430           392 
 428           413           363           446           449           434           395           432 
 431           446           459           417           442           440           456           425 
 424           446           440           437           466           447           425           431 
 438           441           430           435           439           435           446           441 
 422           410           479           454           441           422           423           449 
 413           424           465           440           447           440           431           409 
 444           449           458           478           487           501           497           489 
 488           537           541           500           479           534           577           574 
 568           507           463           515           497           564           537           494 
 543           529           511           504           495           492           474           490 
 461           478           474           436           480           460           461           429 
 457           406           406           433           427           420           436           417 
 396           359           371           427           412           434           402           384 
 370           364           357           350           373           355           390           372 
 366           345           360           347           347           357           359           357 
 366           324           306           318           322           336           302           366 
 312           307           346           359           350           311           322           318 
 334           332           313           341           320           318           322           311 
 312           313           324           310           310           310           296           292 
 309           312           297           315           322           300           321           287 
 314           275           290           291           294           313           296           301 
 302           306           297           288           290           253           245           290 
 234           268           261           247           268           240           246           225 
 284           236           247           228           241           230           260           256 
 242           227           230           220           222           234           214           211 
 238           233           209           207           213           205           200           210 
 210           222           197           218           214           196           210           204 
 214           201           209           220           237           222           219           221 
 216           226           220           237           238           215           234           249 
 238           256           287           256           264           263           304           313 
 350           360           340           418           434           418           481           495 
 503           514           549           566           637           639           598           658 
 654           631           670           620           651           640           660           647 
 655           635           611           664           585           560           532           509 
 525           469           450           460           398           400           389           377 
 370           355           304           311           289           268           285           267 
 281           241           234           218           239           240           253           230 
 242           242           216           230           230           239           245           197 
 219           233           222           228           216           212           223           206 
 225           229           241           218           225           224           233           267 
 243           207           230           233           238           261           240           243 
 227           248           235           232           237           275           252           237 
 250           249           243           240           270           261           255           267 
 226           282           263           266           271           261           262           265 
 242           240           260           273           282           251           269           246 
 247           227           234           238           258           271           256           257 
 262           237           247           231           257           246           251           236 
 230           237           255           214           228           226           206           204 
 186           196           196           213           224           186           182           179 
 187           192           190           201           201           193           178           184 
 162           162           184           183           172           194           169           170 
 167           160           157           145           164           167           166           144 
 161           157           146           152           170           159           156           164 
 172           181           162           180           148           148           148           176 
 157           169           155           166           149           177           160           161 
 167           162           149           149           149           149           165           169 
 180           179           179           192           180           188           203           206 
 211           208           238           247           257           268           303           309 
 320           326           374           393           383           371           403           409 
 399           395           439           409           448           442           454           440 
 445           481           471           461           419           488           474           442 
 410           437           391           347           355           358           391           342 
 316           300           306           265           278           267           245           209 
 196           235           195           177           176           171           166           165 
 153           156           141           157           137           170           154           149 
 157           160           173           179           165           219           170           207 
 229           236           214           223           225           262           263           250 
 293           290           319           328           333           317           307           377 
 361           380           370           311           371           367           382           339 
 355           345           373           338           303           312           313           313 
 255           290           234           295           246           286           262           225 
 218           220           227           233           166           158           142           139 
 147           119           154           125           101           85            97            106 
 82            78            72            86            78            60            65            52 
 39            52            43            56            32            43            39            29 
 38            39            23            28            24            33            15            17 
 20            32            27            15            14            15            24            19 
 24            21            14            16            11            12            19            16 
 17            13            12            15            12            17            6             16 
 16            13            12            21            9             12            13            8 
 9             8             14            13            12            13            11            19 
 15            9             18            18            11            13            14            10 
 12            9             10            11            12            9             14            16 
 14            7             8             8             13            12            9             14 
 10            10            8             7             8             9             11            7 
 8             14            10            6             8             11            7             9 
 11            10            13            16            11            8             13            14 
 9             7             4             9             10            15            6             9 
 14            11            11            11            12            9             5             10 
 11            16            7             13            9             6             7             14 
 12            7             10            17            11            14            11            16 
 3             14            12            12            7             11            15            10 
 11            11            9             6             8             4             12            10 
 8             6             7             9             12            5             7             4 
 8             13            15            9             6             14            12            6 
 4             12            8             15            6             14            7             6 
 6             7             5             13            8             2             11            12 
 10            3             10            7             8             11            12            9 
 8             7             10            11            6             11            12            6 
 4             10            9             10            4             6             13            4 
 5             9             13            3             3             4             10            8 
 3             15            4             13            6             9             9             6 
 6             8             10            8             10            8             10            5 
 8             4             2             6             3             8             4             12 
 6             6             14            14            4             12            11            9 
 6             5             7             5             8             15            6             5 
 5             8             8             10            9             3             9             5 
 5             9             4             2             7             2             12            10 
 6             2             7             8             7             11            11            5 
 10            9             6             3             3             8             3             4 
 6             6             4             5             12            4             11            10 
 4             7             1             7             7             6             9             9 
 8             10            2             7             11            11            6             6 
 10            3             4             6             4             6             10            9 
 2             11            7             7             5             9             12            8 
 13            7             11            11            6             9             7             5 
 5             10            13            7             10            3             5             11 
 8             9             7             10            6             5             10            6 
 11            4             6             11            5             9             11            7 
 8             7             12            2             9             7             4             6 
 4             8             5             5             5             5             11            2 
 8             5             9             6             3             4             10            3 
 6             1             6             4             3             5             1             4 
