$SPEC_ID:
bMCA Spectrum
$DATE_MEA:
07-04-2022  09:46:48
$MEAS_TIM:
 173.735       180
$DEVICE_ID:
bMCA 06201013
$ACQ_SETTINGS:
 2             180           1000          4             4095 
$HRDW_PARAMS:
PHA
 800
 3             3276          5 
 7             0             1023 
 80            25            45 
 1             1 
$SPEC_CAL:
-5.490132      2.161477      2.078236E-04
$MCA_CAL:
3
-5.490132      2.161477      2.078236E-04
$ROI:
 267           333           32768         1            137Cs
 553           618           16711935      1            60Co
 46            75            33023         1            57Co
$DATA:
 0             1023 
 21            36            58            96            182           289           463           638 
 905           1206          1315          1413          1379          1394          1397          1343 
 1422          1471          1746          1822          1899          1993          1931          1856 
 1693          1510          1395          1324          1255          1218          1338          1312 
 1431          1462          1606          1730          1831          1909          1997          2046 
 2112          2062          2041          2182          2343          2461          2828          3388 
 3917          4599          5432          6199          6804          7396          7705          7496 
 7434          7242          7067          7123          7270          7534          7806          7754 
 7611          7228          6587          5678          4842          4193          3331          2697 
 2319          1935          1751          1570          1432          1423          1299          1274 
 1338          1308          1223          1235          1263          1272          1229          1255 
 1335          1315          1318          1357          1293          1364          1474          1439 
 1477          1311          1415          1399          1414          1549          1415          1425 
 1404          1400          1444          1403          1379          1309          1371          1430 
 1289          1381          1302          1292          1211          1245          1274          1303 
 1193          1234          1241          1230          1217          1145          1121          1157 
 1162          1203          1197          1095          1109          1148          1167          1040 
 1109          1118          1110          1054          1048          1014          994           1044 
 998           1031          1046          988           1006          921           983           1001 
 936           958           904           1009          928           918           967           968 
 943           920           930           926           944           929           880           876 
 930           948           932           881           850           912           885           892 
 861           863           877           880           822           837           927           823 
 876           865           937           831           842           899           856           784 
 795           848           806           817           807           885           857           858 
 837           835           778           823           766           757           803           795 
 752           726           699           742           760           667           701           602 
 671           636           620           658           564           578           619           590 
 601           618           591           593           570           598           604           538 
 544           541           556           565           545           565           533           515 
 541           500           514           520           523           579           526           542 
 582           547           477           513           524           541           507           502 
 536           493           572           498           514           569           516           569 
 555           596           569           606           630           622           682           699 
 692           739           793           815           853           873           1059          1079 
 1190          1236          1327          1324          1377          1468          1576          1641 
 1728          1685          1867          1789          1951          1953          1930          1992 
 1976          2028          1938          1921          1824          1899          1895          1773 
 1771          1696          1671          1516          1437          1440          1353          1310 
 1151          1127          1060          1006          983           881           855           773 
 729           715           713           666           642           591           627           577 
 545           519           531           526           520           554           554           516 
 521           534           478           547           506           492           508           512 
 545           510           558           518           534           510           502           530 
 565           538           509           544           557           566           510           543 
 545           533           569           552           510           551           545           561 
 575           564           592           586           542           550           561           557 
 594           525           555           588           591           541           563           615 
 569           569           607           553           637           629           579           600 
 636           579           616           579           572           566           570           575 
 546           574           624           557           567           544           540           562 
 552           524           529           532           533           520           525           504 
 440           517           452           458           504           451           455           466 
 444           389           414           430           397           415           383           406 
 384           398           398           391           428           429           382           376 
 355           377           351           409           339           412           409           369 
 374           347           369           364           381           341           339           377 
 384           374           377           350           369           357           399           370 
 374           348           350           332           368           304           329           350 
 367           356           354           339           364           361           349           350 
 343           379           384           412           402           442           428           436 
 459           475           497           495           551           635           582           600 
 654           659           696           733           758           777           831           780 
 869           896           926           905           905           964           1014          970 
 1026          992           1020          969           1037          1038          991           945 
 985           930           861           903           826           824           827           767 
 713           741           706           660           637           580           557           554 
 539           517           437           445           408           417           416           393 
 345           352           364           342           343           319           319           340 
 359           358           383           385           399           401           405           437 
 423           469           511           473           493           570           528           598 
 628           656           663           651           685           744           724           768 
 714           790           747           723           765           757           818           792 
 743           762           749           761           724           686           695           659 
 679           593           594           574           557           541           488           544 
 456           473           472           436           423           368           351           333 
 318           292           299           257           249           254           221           210 
 191           196           168           161           176           127           124           121 
 130           119           104           93            83            82            83            92 
 71            77            60            91            66            57            56            53 
 53            68            47            55            46            41            42            38 
 45            41            30            34            27            42            36            29 
 38            33            28            32            24            33            19            29 
 25            25            32            21            24            30            24            24 
 26            21            17            30            16            37            28            27 
 37            30            22            21            24            21            18            29 
 15            21            24            18            21            16            20            27 
 26            21            17            22            18            13            18            24 
 19            20            23            23            19            14            21            17 
 15            17            25            10            20            21            23            17 
 21            26            16            17            22            17            18            15 
 15            17            20            17            10            15            12            18 
 17            17            16            13            15            16            22            19 
 10            19            18            20            17            19            18            14 
 16            25            17            13            11            18            12            16 
 18            19            22            19            14            16            12            12 
 18            11            17            14            17            11            21            18 
 12            13            16            19            20            16            15            21 
 15            17            16            21            17            11            21            6 
 15            11            14            19            22            19            14            14 
 20            17            16            12            13            16            24            15 
 15            14            8             11            12            14            17            18 
 13            14            13            12            16            10            15            11 
 8             16            12            13            12            9             15            10 
 5             9             14            12            10            12            19            18 
 20            15            11            20            11            17            14            13 
 13            15            13            13            16            13            13            9 
 12            15            10            10            8             15            11            14 
 14            8             14            10            9             12            9             11 
 10            8             9             12            12            13            14            12 
 7             8             8             11            11            14            12            8 
 12            10            13            13            9             16            13            9 
 10            9             9             12            12            5             7             11 
 9             10            14            9             11            11            10            8 
 13            11            11            11            13            15            13            11 
 9             10            11            11            8             17            15            12 
 13            14            15            10            9             7             12            9 
 16            11            12            17            14            6             8             12 
 15            14            12            6             14            12            17            3 
 12            14            10            5             15            8             15            9 
 13            12            11            9             10            14            14            11 
 10            9             8             11            12            11            11            17 
 11            15            15            15            14            9             12            12 
 8             7             11            9             7             10            15            13 
 20            10            6             5             7             7             6             7 
 6             4             3             12            7             10            9             2 
 9             5             7             3             8             7             5             2 
 4             4             7             0             4             3             1             6 
