$SPEC_ID:
bMCA Spectrum
$DATE_MEA:
07-04-2022  11:11:52
$MEAS_TIM:
 233.025       240
$DEVICE_ID:
bMCA 06201013
$ACQ_SETTINGS:
 2             240           1000          4             4095 
$HRDW_PARAMS:
PHA
 800
 3             3276          5 
 7             0             1023 
 80            25            45 
 1             1 
$SPEC_CAL:
-5.490132      2.161477      2.078236E-04
$MCA_CAL:
3
-5.490132      2.161477      2.078236E-04
$ROI:
 267           332           32768         1            137Cs
 553           618           16711935      1            60Co
$DATA:
 0             1023 
 16            32            49            113           192           328           468           813 
 1092          1415          1608          1785          1756          1778          1728          1660 
 1754          1825          2064          2273          2399          2450          2481          2407 
 2145          1848          1673          1620          1527          1570          1588          1565 
 1515          1566          1608          1686          1691          1642          1691          1680 
 1689          1653          1695          1704          1723          1752          1746          1711 
 1689          1726          1709          1694          1717          1676          1830          1661 
 1741          1651          1725          1794          1763          1740          1683          1702 
 1705          1667          1694          1752          1773          1761          1653          1708 
 1740          1729          1715          1658          1725          1654          1761          1699 
 1737          1708          1814          1760          1815          1883          1787          1816 
 1836          1885          1832          1890          1848          1868          1928          1932 
 1991          1921          2016          1959          1914          2023          1986          2023 
 1948          2009          2013          1965          1925          1964          1934          1886 
 1943          1950          1828          1872          1810          1867          1841          1754 
 1823          1768          1676          1712          1726          1653          1675          1601 
 1661          1652          1621          1656          1648          1531          1522          1480 
 1516          1530          1511          1459          1456          1435          1575          1475 
 1481          1440          1467          1458          1416          1383          1405          1325 
 1396          1344          1345          1336          1331          1308          1363          1354 
 1303          1301          1297          1298          1354          1357          1269          1248 
 1324          1268          1258          1256          1238          1223          1289          1245 
 1219          1230          1292          1207          1228          1218          1176          1267 
 1276          1216          1177          1191          1248          1174          1244          1201 
 1223          1241          1247          1254          1216          1248          1187          1200 
 1184          1136          1129          1137          1127          1117          1049          1044 
 1039          1034          996           1001          1043          983           936           908 
 890           955           907           876           880           867           855           843 
 836           820           867           777           838           807           789           791 
 763           816           778           780           826           736           771           744 
 701           725           767           714           748           729           743           737 
 752           752           735           772           751           733           737           707 
 747           702           733           719           735           794           828           783 
 796           794           891           809           832           908           961           960 
 1066          1019          1126          1244          1250          1339          1467          1557 
 1684          1729          1829          1950          2060          2124          2200          2368 
 2514          2617          2575          2784          2894          2866          2910          3016 
 2919          2852          2878          3008          2903          2758          2755          2768 
 2680          2423          2478          2248          2187          2058          1988          1875 
 1833          1704          1575          1450          1401          1326          1193          1164 
 1217          1127          1076          1004          976           949           920           852 
 857           803           808           747           789           767           796           778 
 757           771           731           735           751           693           746           757 
 754           745           740           754           706           743           749           758 
 777           778           789           763           737           851           739           793 
 808           785           784           756           758           788           777           758 
 823           818           827           838           789           827           830           814 
 857           834           875           866           846           875           806           822 
 839           832           854           850           807           827           827           848 
 874           821           801           828           903           836           843           851 
 878           823           873           837           837           806           786           858 
 799           786           765           741           752           784           720           730 
 711           719           693           676           745           655           658           660 
 666           639           673           645           572           606           600           615 
 610           574           595           564           586           556           569           535 
 545           579           610           552           535           540           550           551 
 590           546           515           560           453           533           573           521 
 568           513           519           566           521           497           505           509 
 553           498           567           536           495           504           502           495 
 483           506           522           507           481           512           512           503 
 517           512           601           560           603           620           596           615 
 659           708           690           735           800           787           886           911 
 959           988           1070          1123          1111          1127          1118          1269 
 1292          1294          1272          1359          1357          1461          1411          1460 
 1477          1478          1562          1339          1494          1455          1408          1487 
 1420          1358          1337          1312          1265          1259          1186          1179 
 1112          1019          992           996           931           887           883           772 
 778           715           725           672           653           562           547           558 
 508           521           527           509           484           528           479           486 
 507           523           523           547           521           603           620           637 
 642           660           713           738           768           795           804           832 
 920           908           942           924           991           1057          1031          1104 
 1076          1076          1132          1165          1118          1170          1084          1123 
 1110          1124          1070          1043          1040          1084          1024          961 
 994           945           953           888           844           838           832           775 
 732           706           638           607           630           556           514           501 
 497           479           476           380           382           345           336           306 
 281           282           260           235           211           231           197           189 
 170           178           176           152           149           139           140           125 
 103           90            100           98            89            75            102           82 
 69            78            70            69            50            63            66            62 
 61            53            47            52            43            53            36            47 
 44            39            54            47            48            39            43            50 
 41            35            33            34            43            52            47            42 
 31            40            41            43            46            34            47            27 
 26            35            38            30            29            35            35            31 
 31            29            31            29            30            29            31            40 
 46            32            25            32            31            34            35            32 
 33            41            22            27            23            27            25            20 
 29            29            29            22            36            28            26            26 
 30            19            28            36            36            33            35            30 
 31            21            34            32            33            22            34            31 
 23            30            36            29            20            19            17            23 
 20            35            19            24            22            20            21            31 
 27            19            17            27            22            24            26            18 
 26            21            22            22            28            29            20            25 
 28            23            31            18            25            30            24            24 
 14            27            25            25            23            26            32            29 
 19            30            21            39            22            24            16            18 
 26            23            27            21            18            26            29            30 
 13            29            21            18            19            23            26            20 
 31            31            14            17            18            13            12            23 
 20            21            23            23            25            19            19            29 
 25            23            19            24            17            21            13            21 
 16            16            21            27            24            19            29            30 
 19            19            21            18            20            17            7             26 
 16            16            16            15            20            20            24            21 
 22            20            19            18            20            16            17            16 
 16            18            23            25            18            23            19            12 
 27            14            17            22            19            17            13            13 
 17            16            17            24            12            16            13            16 
 14            10            16            21            18            15            20            19 
 16            25            17            14            20            27            20            14 
 16            18            20            14            22            19            16            11 
 24            16            17            14            18            15            14            27 
 23            14            16            21            18            17            16            11 
 21            18            12            16            22            22            20            19 
 14            22            29            21            16            14            10            17 
 24            24            20            15            11            15            16            22 
 20            19            24            13            16            22            19            22 
 19            28            16            22            20            18            19            15 
 15            21            19            19            26            14            19            21 
 10            22            20            19            15            19            15            17 
 12            20            14            17            13            7             13            15 
 16            11            10            14            16            15            9             9 
 14            12            9             18            15            17            11            10 
 13            9             12            11            11            12            12            10 
 7             6             7             6             5             6             4             6 
