$SPEC_ID:
bMCA Spectrum
$DATE_MEA:
07-04-2022  09:43:46
$MEAS_TIM:
 173.735       180
$DEVICE_ID:
bMCA 06201013
$ACQ_SETTINGS:
 2             180           1000          4             4095 
$HRDW_PARAMS:
PHA
 800
 3             3276          5 
 7             0             1023 
 80            25            45 
 1             1 
$SPEC_CAL:
-5.490132      2.161477      2.078236E-04
$MCA_CAL:
3
-5.490132      2.161477      2.078236E-04
$ROI:
 267           333           32768         1            137Cs
 553           618           16711935      1            60Co
 46            75            33023         1            57Co
$DATA:
 0             1023 
 23            27            48            113           179           300           447           651 
 871           1133          1261          1381          1346          1389          1389          1449 
 1425          1464          1640          1795          1861          1970          1984          1917 
 1672          1521          1364          1354          1335          1293          1261          1301 
 1395          1475          1538          1694          1840          1873          1989          1962 
 2104          2009          2127          2122          2308          2466          2674          3295 
 3710          4590          5515          6353          6793          7369          7545          7487 
 7406          7218          7062          7146          7168          7468          7739          7751 
 7789          7296          6588          5808          4891          4032          3350          2838 
 2343          2031          1735          1590          1468          1402          1295          1284 
 1218          1238          1229          1257          1244          1303          1242          1282 
 1323          1382          1341          1335          1316          1351          1392          1409 
 1401          1401          1414          1419          1420          1443          1355          1389 
 1449          1382          1441          1392          1377          1408          1395          1450 
 1305          1275          1288          1283          1318          1361          1298          1283 
 1201          1176          1217          1176          1235          1217          1158          1174 
 1181          1150          1140          1097          1183          1101          1062          1043 
 1091          1051          1024          1051          1088          1052          1049          1039 
 1054          965           1055          1087          938           993           995           1016 
 1034          906           976           964           942           963           1006          921 
 916           979           953           908           949           947           946           885 
 887           856           947           913           835           854           873           881 
 823           849           870           895           873           861           804           864 
 877           856           802           845           844           852           821           835 
 845           896           876           864           797           801           854           809 
 835           818           800           817           755           760           722           788 
 763           711           742           735           638           689           696           685 
 618           636           646           635           619           578           589           619 
 647           568           589           578           596           590           550           542 
 544           571           529           537           561           527           601           499 
 549           525           510           503           537           573           498           525 
 539           507           508           529           497           512           520           510 
 525           543           520           498           510           508           553           522 
 532           533           594           574           654           611           598           666 
 724           705           773           869           856           979           999           1043 
 1176          1227          1323          1286          1465          1457          1605          1667 
 1664          1802          1881          1814          1864          1975          1951          2051 
 1946          1956          1992          1890          1972          1955          1807          1808 
 1773          1645          1601          1557          1498          1422          1368          1320 
 1141          1119          1042          1002          983           905           830           775 
 729           787           734           686           643           637           589           602 
 566           556           575           548           561           558           544           500 
 508           522           534           534           553           553           523           492 
 518           506           516           525           529           503           516           506 
 480           536           514           517           525           517           494           557 
 545           541           547           541           532           551           554           583 
 557           575           532           574           607           523           572           543 
 536           568           553           542           589           581           555           565 
 591           609           603           582           548           607           580           596 
 577           596           605           592           567           605           595           620 
 580           612           581           579           550           555           538           601 
 562           580           548           531           515           501           475           485 
 504           511           521           499           466           452           490           454 
 519           457           429           447           432           451           411           423 
 403           393           396           407           421           389           384           385 
 393           423           403           383           415           386           398           386 
 374           381           371           387           402           379           359           353 
 364           325           357           382           362           390           339           337 
 336           397           375           336           362           339           328           334 
 359           372           356           358           338           342           334           373 
 376           352           391           367           427           413           399           437 
 449           468           479           521           557           569           594           595 
 679           674           665           750           819           799           875           827 
 897           941           901           988           866           993           1025          1101 
 999           1001          995           998           1005          1017          991           928 
 988           838           825           935           850           852           819           784 
 757           671           677           656           615           571           534           565 
 527           506           456           422           440           383           409           402 
 411           353           371           359           345           352           366           359 
 340           365           419           354           397           384           429           462 
 446           466           509           502           522           547           572           576 
 610           611           643           660           706           705           703           745 
 706           812           736           762           768           766           728           793 
 757           740           738           760           729           716           660           685 
 633           673           612           581           595           522           526           541 
 479           498           521           449           418           388           350           370 
 301           296           278           273           256           253           207           209 
 190           177           193           150           167           137           148           139 
 124           121           103           99            107           109           85            78 
 65            79            73            71            60            60            55            66 
 54            55            52            32            40            47            51            30 
 44            44            31            34            26            40            37            28 
 33            26            29            31            30            32            25            31 
 20            29            24            21            23            23            15            25 
 27            24            26            20            26            18            21            14 
 18            23            28            18            23            26            21            23 
 26            23            19            21            18            19            16            17 
 20            27            21            20            20            17            14            25 
 12            18            28            19            19            20            22            23 
 23            19            22            17            16            19            11            19 
 24            31            22            18            20            19            20            22 
 20            24            26            18            13            17            24            14 
 23            24            25            14            14            18            17            15 
 14            17            25            18            22            5             16            15 
 23            12            23            17            14            16            21            16 
 15            17            14            19            14            16            18            22 
 21            15            15            15            24            14            17            12 
 15            15            13            13            14            11            12            17 
 8             17            16            19            23            21            10            14 
 11            7             18            17            13            10            16            10 
 15            15            12            9             7             15            16            14 
 13            15            11            10            10            16            11            17 
 9             14            18            14            14            17            12            10 
 10            14            9             9             16            12            15            10 
 15            15            10            16            6             13            14            13 
 13            13            10            17            19            10            14            13 
 12            16            18            19            14            16            8             18 
 22            9             5             14            18            17            12            9 
 16            15            15            15            17            12            11            10 
 12            12            11            14            14            7             12            12 
 9             11            12            13            15            16            4             11 
 11            11            20            7             11            11            10            12 
 15            13            12            17            17            17            16            12 
 11            10            12            15            14            8             7             12 
 12            11            5             9             4             11            13            12 
 8             8             9             8             8             8             9             7 
 12            11            11            12            13            19            13            18 
 10            11            13            9             16            13            10            10 
 14            12            12            8             13            14            10            15 
 13            9             10            12            11            11            7             9 
 19            13            10            9             10            8             19            15 
 8             10            7             8             10            9             14            10 
 12            10            8             8             6             8             9             10 
 16            10            11            6             7             8             6             6 
 12            12            10            13            12            10            6             6 
 7             8             6             7             7             4             6             7 
 7             5             6             4             4             5             3             2 
 3             5             7             1             6             5             5             3 
