$SPEC_ID:
bMCA Spectrum
$DATE_MEA:
07-07-2022  10:03:16
$MEAS_TIM:
 236.085       240
$DEVICE_ID:
bMCA 06201013
$ACQ_SETTINGS:
 2             240           1000          4             4095 
$HRDW_PARAMS:
PHA
 800
 3             3276          5 
 7             0             1023 
 80            25            45 
 1             1 
$SPEC_CAL:
-39.25932      2.313255      0
$MCA_CAL:
3
-39.25932      2.313255      0
$ROI:
 267           333           32768         1            137Cs
 46            75            33023         1            57Co
$DATA:
 0             1023 
 4             14            33            87            126           233           418           625 
 913           1116          1411          1407          1316          1237          1303          1172 
 1183          1263          1423          1659          1845          1866          1792          1798 
 1524          1217          1053          974           887           881           973           1069 
 1070          1145          1260          1370          1524          1683          1755          1743 
 1813          1880          1889          1967          2135          2417          2625          3149 
 3816          4955          5979          6897          8074          8630          9234          9067 
 8868          8897          8714          8411          8511          8848          9030          9484 
 9431          8841          8467          7459          6380          5231          4244          3337 
 2538          2074          1752          1441          1256          1132          971           943 
 838           869           845           804           858           909           815           868 
 865           834           870           867           884           854           925           862 
 920           860           818           866           847           837           833           826 
 748           807           866           799           805           757           809           738 
 705           761           717           690           678           722           728           654 
 763           694           653           649           632           609           665           591 
 628           573           601           538           609           581           587           580 
 551           514           497           556           479           489           489           539 
 487           527           540           516           482           502           490           483 
 456           488           496           504           517           491           502           522 
 536           484           488           490           478           434           464           465 
 457           466           499           485           501           442           450           436 
 424           451           478           501           430           445           459           470 
 473           479           440           439           487           460           469           468 
 447           459           490           456           479           469           460           456 
 467           403           477           437           425           407           382           409 
 376           356           383           312           352           313           292           312 
 273           279           215           240           202           223           192           180 
 181           170           159           151           150           139           154           155 
 128           113           130           132           116           112           106           108 
 110           106           94            100           112           93            119           87 
 103           71            70            76            102           85            80            82 
 71            90            86            84            84            88            82            118 
 115           115           115           124           136           175           210           203 
 247           308           315           373           401           514           508           603 
 668           784           837           903           1024          1115          1119          1272 
 1367          1442          1496          1629          1593          1751          1796          1859 
 1901          1920          1915          1943          2003          1987          1899          1891 
 1795          1766          1733          1658          1545          1428          1333          1284 
 1184          1132          1041          944           831           778           669           616 
 581           526           486           368           358           289           272           241 
 217           187           166           168           137           118           108           75 
 77            65            39            42            40            40            32            32 
 29            40            34            26            20            17            38            30 
 22            20            21            15            23            26            15            16 
 15            18            19            24            21            20            18            11 
 24            20            16            22            28            18            22            14 
 16            9             19            23            13            14            15            13 
 19            11            21            18            13            15            16            27 
 16            18            20            18            22            15            16            17 
 22            13            20            14            18            13            20            19 
 17            20            10            14            15            15            17            14 
 9             13            12            12            9             15            15            17 
 8             16            6             10            15            14            13            13 
 8             18            12            11            14            14            8             13 
 8             5             15            10            6             16            12            13 
 10            8             13            17            15            5             13            20 
 11            10            11            9             6             10            18            11 
 11            13            10            9             11            13            8             10 
 10            12            8             13            7             15            13            8 
 17            12            5             9             10            11            8             8 
 14            6             13            14            15            7             13            7 
 7             6             7             11            14            10            13            11 
 11            10            14            10            10            15            15            14 
 11            16            9             7             5             11            13            13 
 11            15            15            13            17            8             10            10 
 9             11            15            12            6             10            17            13 
 14            5             14            11            10            7             7             8 
 10            16            10            11            7             9             11            8 
 7             4             7             9             10            7             7             9 
 5             5             5             3             10            7             9             10 
 5             9             6             8             6             10            12            12 
 9             10            8             6             2             6             9             7 
 4             11            8             12            7             9             7             6 
 4             8             5             3             8             6             6             10 
 8             6             2             7             13            5             9             8 
 10            8             8             8             13            11            6             5 
 4             6             7             7             6             8             2             9 
 6             7             6             7             4             8             9             10 
 4             6             8             3             9             7             8             11 
 7             5             6             6             6             8             12            9 
 6             11            10            5             2             8             8             4 
 15            6             9             7             10            5             12            7 
 10            4             2             5             5             6             6             3 
 3             6             6             5             4             1             2             5 
 3             6             7             8             5             7             2             4 
 4             4             3             1             8             1             3             5 
 2             1             7             2             4             2             2             0 
 2             3             4             2             3             3             2             1 
 3             0             1             1             1             0             2             2 
 1             0             3             0             0             1             3             0 
 3             3             1             1             2             0             1             1 
 3             5             2             2             4             1             0             1 
 1             1             1             3             1             3             4             1 
 2             0             0             2             2             0             1             2 
 1             0             1             1             1             4             2             1 
 0             5             0             1             2             2             4             0 
 3             0             2             4             1             1             4             4 
 3             1             1             0             2             1             1             0 
 1             1             2             1             1             3             1             4 
 1             4             1             2             1             4             0             2 
 2             0             1             2             1             2             1             3 
 0             1             2             2             1             0             2             1 
 1             0             1             1             2             0             1             2 
 1             0             3             1             0             2             1             1 
 1             0             0             2             2             1             1             1 
 0             1             1             0             2             1             1             2 
 0             3             1             0             0             0             1             0 
 1             1             4             0             0             1             1             3 
 3             1             0             2             0             0             2             1 
 0             2             2             0             1             0             0             0 
 1             0             2             0             1             0             1             1 
 2             1             0             1             0             0             1             2 
 0             1             0             0             1             0             1             2 
 1             2             0             1             1             1             2             1 
 0             2             2             2             0             1             2             2 
 1             0             1             0             0             0             1             1 
 3             3             1             0             0             0             0             0 
 1             0             3             3             4             1             2             4 
 0             3             0             1             0             3             0             2 
 2             0             2             0             1             0             0             2 
 1             2             0             0             0             0             0             1 
 1             1             3             1             1             1             2             1 
 1             2             0             0             3             0             0             3 
 0             1             0             2             1             1             1             1 
 4             1             1             0             0             2             1             0 
 0             1             1             0             0             0             0             0 
 0             1             1             1             1             0             2             2 
