$SPEC_ID:
bMCA Spectrum
$DATE_MEA:
07-07-2022  10:07:17
$MEAS_TIM:
 236.07        240
$DEVICE_ID:
bMCA 06201013
$ACQ_SETTINGS:
 2             240           1000          4             4095 
$HRDW_PARAMS:
PHA
 800
 3             3276          5 
 7             0             1023 
 80            25            45 
 1             1 
$SPEC_CAL:
-39.25932      2.313255      0
$MCA_CAL:
3
-39.25932      2.313255      0
$ROI:
 267           333           32768         1            137Cs
 46            75            33023         1            57Co
$DATA:
 0             1023 
 7             21            47            61            157           260           391           622 
 880           1226          1389          1394          1339          1340          1263          1196 
 1223          1383          1399          1672          1683          1864          1884          1770 
 1529          1291          1151          957           843           879           915           1005 
 1043          1129          1314          1453          1526          1677          1717          1689 
 1809          1870          1915          2020          2126          2381          2706          3150 
 4050          5001          6010          7050          7988          8676          9243          9194 
 8965          8805          8710          8308          8518          8744          9059          9405 
 9524          8972          8288          7432          6287          5145          4147          3344 
 2627          2096          1815          1424          1256          1058          987           951 
 940           887           899           803           855           910           838           849 
 849           866           908           905           862           851           884           908 
 901           870           863           840           893           801           842           813 
 808           807           792           826           816           790           815           784 
 719           761           740           735           730           734           705           677 
 662           681           659           697           648           604           667           633 
 644           592           612           571           580           537           542           561 
 548           562           531           546           568           571           534           582 
 534           571           508           529           489           518           517           554 
 479           503           513           450           503           483           493           506 
 501           460           513           455           420           528           446           490 
 490           488           451           462           445           451           482           449 
 498           499           469           455           471           506           476           411 
 483           434           499           477           498           457           463           479 
 481           452           511           464           460           449           435           458 
 416           425           396           443           479           410           409           371 
 374           354           294           340           315           317           303           287 
 279           265           236           209           232           206           194           180 
 175           157           173           165           147           151           160           136 
 140           126           135           115           120           109           104           94 
 105           81            96            98            101           82            98            86 
 80            103           81            108           79            81            79            80 
 74            97            90            86            96            103           124           106 
 115           112           143           162           152           192           190           239 
 280           248           315           386           444           470           532           583 
 651           761           838           923           1031          1091          1162          1327 
 1413          1412          1513          1567          1698          1716          1874          1943 
 1840          1928          2014          1994          1905          2023          1903          1924 
 1792          1805          1702          1602          1493          1433          1363          1345 
 1105          1111          1041          953           894           771           692           585 
 593           497           477           404           337           328           295           224 
 196           182           161           145           123           91            104           89 
 65            71            51            54            49            34            32            32 
 26            29            17            24            26            19            31            24 
 26            28            26            29            15            26            9             19 
 21            30            16            17            21            13            18            18 
 22            9             17            15            26            27            17            21 
 24            16            17            10            10            18            14            14 
 13            17            19            19            16            16            25            20 
 9             18            12            17            15            13            12            15 
 16            12            21            15            23            10            10            17 
 12            20            20            14            16            23            13            11 
 14            17            16            11            19            15            16            14 
 10            20            17            12            16            19            14            5 
 9             15            18            15            13            14            22            16 
 14            13            20            14            14            9             11            9 
 11            15            9             15            10            15            8             4 
 16            9             10            12            6             19            6             11 
 12            14            10            10            7             10            11            14 
 11            12            8             13            12            9             11            8 
 12            4             5             10            10            8             7             12 
 7             7             12            12            13            14            16            11 
 10            10            12            21            13            12            13            9 
 20            8             18            16            16            10            11            9 
 6             11            11            10            14            7             13            13 
 10            18            14            13            7             13            10            10 
 10            12            15            9             9             13            17            13 
 2             13            7             7             7             12            8             15 
 8             11            8             13            6             7             4             9 
 7             13            10            8             5             14            11            6 
 9             6             13            5             10            9             4             9 
 6             5             10            10            10            5             9             14 
 6             6             11            3             9             9             4             11 
 10            14            9             8             9             5             8             10 
 7             10            13            8             11            9             13            10 
 12            10            9             3             9             14            10            13 
 10            9             11            9             3             4             7             10 
 4             4             7             3             11            11            6             5 
 5             7             4             10            4             10            12            9 
 9             5             14            6             9             4             7             5 
 8             9             9             2             9             5             6             7 
 7             7             5             9             6             9             7             6 
 10            8             8             7             6             5             12            3 
 6             6             7             3             7             3             6             0 
 6             6             5             4             5             1             4             3 
 6             4             5             4             1             4             6             3 
 1             4             1             5             5             1             2             1 
 3             2             5             2             3             5             6             1 
 2             3             1             3             2             3             1             1 
 1             1             0             5             3             0             1             2 
 3             0             2             0             2             3             0             2 
 1             4             1             6             1             1             3             3 
 1             2             4             0             2             1             1             0 
 2             1             1             1             0             1             4             2 
 0             1             0             1             2             1             3             0 
 1             3             0             2             1             1             1             2 
 1             5             2             1             2             1             1             2 
 1             3             2             3             1             0             4             1 
 1             2             0             3             0             3             2             0 
 1             4             3             4             0             1             4             1 
 1             1             2             3             1             2             1             5 
 0             0             2             0             1             0             1             0 
 1             1             1             0             2             2             0             0 
 1             0             1             1             1             1             0             1 
 0             1             0             1             3             1             2             1 
 2             1             1             1             1             0             1             0 
 0             0             0             0             0             3             1             2 
 3             2             2             1             0             0             0             0 
 0             1             0             0             2             1             1             1 
 1             1             0             2             1             2             0             2 
 0             0             0             0             0             0             0             0 
 0             1             1             0             0             0             0             1 
 0             0             2             0             1             1             3             1 
 0             2             0             1             0             0             0             3 
 0             0             1             2             1             0             1             0 
 1             2             1             3             1             0             1             1 
 2             1             0             0             1             3             2             3 
 0             0             2             1             1             0             1             0 
 0             3             1             0             2             0             1             0 
 1             1             4             0             1             3             1             1 
 1             1             1             1             0             1             0             0 
 0             1             1             0             3             0             0             0 
 0             4             2             0             1             1             0             1 
 1             0             1             0             0             0             0             1 
 3             0             1             0             1             0             0             0 
 0             0             1             1             1             1             0             1 
 0             1             1             2             1             0             1             1 
 1             1             0             0             0             2             0             0 
