$SPEC_ID:
bMCA Spectrum
$DATE_MEA:
07-04-2022  09:33:26
$MEAS_TIM:
 115.825       120
$DEVICE_ID:
bMCA 06201013
$ACQ_SETTINGS:
 2             120           1000          4             4095 
$HRDW_PARAMS:
PHA
 800
 3             3276          5 
 7             0             1023 
 80            25            45 
 1             1 
$SPEC_CAL:
-5.490132      2.161477      2.078236E-04
$MCA_CAL:
3
-5.490132      2.161477      2.078236E-04
$ROI:
 267           333           32768         1            137Cs
 553           618           16711935      1            60Co
 46            75            33023         1            57Co
$DATA:
 0             1023 
 10            18            45            70            120           188           288           448 
 603           756           863           973           910           889           914           931 
 909           1007          1128          1135          1270          1290          1296          1240 
 1151          1018          929           822           873           792           823           896 
 950           1021          1080          1187          1176          1276          1309          1339 
 1389          1398          1383          1443          1460          1615          1899          2164 
 2591          3067          3634          4091          4594          5001          4960          5035 
 4894          4836          4749          4782          4800          4998          5065          5140 
 5050          4893          4419          3907          3263          2728          2271          1834 
 1494          1305          1132          1037          974           904           883           872 
 822           868           912           844           824           888           879           842 
 887           866           921           939           865           942           929           877 
 928           905           893           942           947           948           948           913 
 914           949           964           947           927           954           873           863 
 880           921           865           824           901           876           888           897 
 896           788           756           830           817           830           748           776 
 827           785           732           740           711           726           701           728 
 743           762           705           719           688           694           706           677 
 708           688           679           672           672           643           674           662 
 689           640           609           662           646           637           606           608 
 591           606           630           569           637           598           603           634 
 612           590           598           614           612           592           643           601 
 559           592           606           552           556           592           576           558 
 558           591           597           595           601           577           574           544 
 538           530           591           574           548           590           577           538 
 589           552           544           502           516           476           515           501 
 467           439           509           486           473           454           434           442 
 455           434           445           415           386           399           381           376 
 404           418           361           363           421           361           374           349 
 363           367           343           358           333           367           350           314 
 365           356           341           356           373           370           335           349 
 345           338           331           320           347           325           343           358 
 349           339           343           359           357           327           380           370 
 378           424           394           395           402           415           442           454 
 472           482           545           569           636           636           668           745 
 794           761           857           927           933           1048          1083          1108 
 1140          1186          1204          1272          1240          1362          1328          1292 
 1352          1366          1323          1267          1265          1278          1201          1190 
 1123          1104          1051          1097          978           923           843           784 
 739           719           671           613           611           597           561           541 
 494           471           467           469           443           423           418           413 
 372           348           364           352           343           361           390           337 
 347           359           332           349           336           325           334           354 
 339           308           312           339           344           333           323           347 
 348           361           329           368           377           334           358           369 
 365           365           326           367           367           376           366           368 
 364           358           360           381           375           351           397           355 
 426           414           370           386           368           386           343           411 
 415           402           425           411           382           393           410           410 
 402           383           393           388           369           366           383           440 
 375           399           415           398           409           371           362           356 
 369           329           372           353           341           338           353           335 
 355           331           354           344           336           303           319           310 
 303           332           312           293           269           293           291           272 
 318           281           287           263           259           272           241           253 
 255           241           261           255           274           272           257           259 
 270           250           247           268           243           271           239           251 
 250           208           218           259           241           240           242           235 
 256           242           245           247           230           227           230           245 
 217           260           237           213           243           233           278           227 
 233           240           253           289           244           287           277           284 
 321           353           348           353           364           402           422           433 
 414           451           504           541           477           514           576           529 
 545           623           614           595           656           657           694           647 
 667           653           670           664           642           700           684           610 
 645           567           608           591           599           581           506           507 
 512           491           416           408           444           432           362           349 
 363           311           321           294           310           289           258           266 
 239           240           243           236           222           198           241           252 
 240           251           248           232           226           244           264           287 
 315           314           320           355           358           340           407           364 
 414           408           426           478           431           466           507           508 
 516           508           512           517           531           518           541           498 
 503           492           502           472           485           478           438           419 
 398           442           426           365           383           361           394           330 
 323           296           298           257           264           264           250           229 
 182           174           187           176           187           162           152           137 
 126           121           126           99            99            81            82            69 
 88            76            83            74            68            51            49            52 
 55            50            49            45            48            47            38            40 
 33            23            37            43            30            21            23            22 
 23            30            27            24            23            15            22            27 
 16            26            21            19            20            20            20            17 
 25            16            22            14            16            17            14            15 
 17            15            9             8             19            10            23            14 
 12            18            8             15            17            14            11            10 
 17            22            16            14            9             17            10            11 
 9             12            12            15            10            18            22            11 
 13            10            11            17            9             24            11            16 
 15            12            16            6             17            16            11            9 
 13            12            17            10            14            10            11            13 
 12            7             12            14            11            8             11            6 
 17            11            11            13            7             18            9             9 
 11            6             10            7             11            9             19            11 
 6             10            13            14            9             11            11            6 
 11            5             15            10            15            14            12            14 
 7             10            11            11            13            9             10            11 
 13            12            13            12            7             6             15            8 
 11            8             11            4             6             12            9             6 
 6             7             10            9             6             8             13            10 
 9             9             12            9             7             10            8             6 
 11            8             11            12            6             6             8             7 
 4             8             13            10            5             5             14            9 
 9             7             13            9             12            10            16            13 
 10            8             10            3             11            10            8             7 
 12            5             6             10            10            6             11            9 
 13            6             10            9             5             7             12            14 
 12            7             2             10            6             6             7             10 
 11            10            9             13            5             12            7             13 
 11            11            6             12            8             8             6             7 
 9             10            5             11            5             16            9             4 
 8             3             2             10            12            7             7             11 
 5             8             9             9             6             4             5             4 
 9             8             6             9             6             4             3             11 
 7             11            11            10            11            13            3             6 
 1             5             9             10            5             8             3             8 
 6             12            7             7             4             6             9             11 
 7             13            17            3             8             8             4             8 
 11            6             3             11            10            10            10            8 
 4             11            8             8             10            10            10            11 
 9             8             6             3             5             10            8             6 
 9             8             11            4             6             7             8             9 
 6             15            11            4             6             4             8             12 
 8             8             3             4             4             6             3             3 
 7             4             7             6             7             8             4             2 
 9             5             5             4             7             3             2             5 
 6             4             1             1             5             3             4             1 
 4             2             6             6             3             2             1             1 
