$SPEC_ID:
bMCA Spectrum
$DATE_MEA:
07-07-2022  08:42:06
$MEAS_TIM:
 116.15        120
$DEVICE_ID:
bMCA 06201013
$ACQ_SETTINGS:
 2             120           1000          4             4095 
$HRDW_PARAMS:
PHA
 800
 3             3276          5 
 7             0             1023 
 80            25            45 
 1             1 
$SPEC_CAL:
-39.25932      2.313255      0
$MCA_CAL:
3
-39.25932      2.313255      0
$ROI:
 273           333           32768         1            137Cs
 562           622           16711935      1            60Co
$DATA:
 0             1023 
 8             11            38            58            89            156           248           365 
 497           581           736           807           754           794           833           816 
 887           913           983           1014          1089          1163          1155          1091 
 970           924           744           784           736           787           739           772 
 726           827           784           803           800           821           793           861 
 863           811           814           801           862           863           820           895 
 852           823           888           903           854           883           910           874 
 860           864           834           863           885           867           838           861 
 828           867           873           868           888           889           847           832 
 875           886           833           886           839           891           841           870 
 822           849           871           882           918           889           834           879 
 933           877           931           910           919           951           961           982 
 1024          1004          1009          974           1063          1071          1050          1024 
 1121          1084          1135          1117          1117          1128          1032          1109 
 1095          1055          1029          1039          1001          1009          1016          966 
 966           973           981           919           964           898           894           913 
 909           846           838           794           849           806           838           830 
 802           802           802           829           791           790           766           757 
 764           772           758           683           796           763           725           730 
 736           686           744           692           713           746           690           708 
 660           669           665           693           699           735           638           670 
 655           700           684           656           633           632           633           637 
 638           646           676           668           626           606           654           611 
 648           601           635           659           658           684           619           658 
 629           604           635           603           660           623           622           584 
 584           644           540           647           628           547           626           548 
 572           576           566           521           580           520           519           544 
 526           509           498           490           485           488           512           473 
 470           461           483           480           464           469           441           454 
 433           451           433           477           432           454           453           444 
 426           407           426           438           456           464           421           444 
 436           460           446           436           445           455           423           421 
 419           465           435           448           440           460           427           415 
 416           455           433           448           461           487           468           470 
 525           539           574           557           610           609           615           722 
 707           737           776           815           856           856           930           942 
 1038          1037          1111          1166          1160          1230          1235          1300 
 1370          1350          1286          1235          1331          1365          1311          1346 
 1307          1214          1178          1266          1148          1080          1026          1078 
 940           931           934           857           749           792           767           688 
 718           638           624           641           566           571           544           522 
 511           496           480           497           480           483           443           473 
 447           467           463           445           438           467           421           419 
 448           472           453           419           500           420           435           478 
 494           464           467           468           443           494           472           476 
 463           455           444           470           475           451           423           464 
 473           458           479           481           466           501           496           459 
 493           466           522           520           481           504           479           484 
 518           496           497           517           539           514           513           477 
 515           576           543           561           508           538           528           520 
 517           523           491           509           522           522           466           508 
 480           506           459           478           497           472           452           488 
 472           458           437           490           464           397           438           428 
 424           413           446           366           398           384           367           381 
 359           346           366           386           360           358           362           348 
 387           338           353           336           373           353           331           397 
 328           369           313           331           313           354           333           333 
 313           338           320           306           343           305           347           315 
 319           316           328           344           291           308           326           297 
 331           324           315           312           321           314           310           313 
 314           304           316           308           360           346           319           353 
 372           372           358           400           420           398           438           431 
 486           483           527           570           541           581           620           672 
 678           707           721           702           767           843           863           844 
 804           910           885           900           923           939           904           893 
 915           884           912           928           853           868           843           823 
 791           757           779           706           696           685           667           639 
 568           578           543           515           502           454           471           406 
 448           370           367           336           369           326           335           289 
 308           282           317           324           300           292           349           335 
 348           361           378           372           431           387           388           389 
 448           470           468           470           536           524           591           577 
 586           636           610           596           652           653           709           683 
 707           708           719           708           700           684           700           685 
 692           678           664           681           679           637           596           583 
 571           548           515           492           463           481           449           461 
 379           375           351           388           340           306           288           283 
 234           229           232           235           224           171           157           156 
 169           138           132           157           140           104           125           112 
 88            84            76            83            97            78            71            64 
 75            52            39            64            62            46            50            48 
 39            52            55            37            39            37            26            26 
 32            36            32            23            34            30            22            26 
 26            30            23            27            30            21            33            30 
 28            38            35            30            26            26            29            24 
 24            19            31            16            27            24            23            26 
 23            23            21            26            28            25            19            18 
 24            12            22            28            23            29            24            24 
 23            24            30            29            17            19            21            27 
 18            17            28            21            28            23            23            17 
 17            25            23            32            17            24            22            15 
 23            25            17            26            26            32            29            16 
 17            26            16            19            27            20            24            18 
 19            17            21            16            22            25            18            16 
 26            17            18            21            20            17            21            17 
 23            18            20            19            20            19            16            20 
 26            21            21            23            20            14            16            18 
 16            12            15            13            14            21            25            15 
 21            19            20            14            15            21            20            13 
 21            15            11            22            14            16            21            28 
 29            18            16            11            17            14            18            19 
 24            12            16            23            15            17            12            23 
 17            25            17            15            20            14            22            14 
 15            17            11            14            27            24            11            14 
 10            18            16            8             14            16            18            12 
 23            18            15            12            18            17            29            18 
 10            14            10            14            10            14            10            16 
 16            18            18            13            24            17            11            12 
 12            17            14            15            14            16            16            11 
 16            20            15            19            6             21            12            13 
 17            16            11            17            16            14            17            16 
 21            9             11            15            15            17            12            13 
 11            17            12            17            15            15            13            12 
 14            19            16            9             9             13            17            10 
 14            13            8             10            16            13            11            11 
 6             16            13            7             11            11            8             16 
 12            12            18            17            14            15            11            13 
 16            10            9             13            13            12            11            17 
 15            19            13            10            13            15            18            26 
 11            16            13            17            19            11            15            14 
 11            11            10            11            10            14            18            22 
 14            12            8             13            12            23            19            14 
 19            18            16            15            14            11            13            11 
 16            10            15            11            15            11            11            8 
 7             18            12            17            4             11            6             11 
 6             10            8             7             10            8             14            8 
 7             7             5             12            7             10            7             9 
 6             8             13            5             10            8             4             13 
