$SPEC_ID:
bMCA Spectrum
$DATE_MEA:
07-07-2022  10:15:19
$MEAS_TIM:
 236.075       240
$DEVICE_ID:
bMCA 06201013
$ACQ_SETTINGS:
 2             240           1000          4             4095 
$HRDW_PARAMS:
PHA
 800
 3             3276          5 
 7             0             1023 
 80            25            45 
 1             1 
$SPEC_CAL:
-39.25932      2.313255      0
$MCA_CAL:
3
-39.25932      2.313255      0
$ROI:
 267           333           32768         1            137Cs
 46            75            33023         1            57Co
$DATA:
 0             1023 
 10            13            36            67            138           250           399           658 
 948           1168          1421          1434          1456          1262          1294          1261 
 1167          1304          1440          1597          1722          1809          1851          1756 
 1500          1295          1128          946           859           927           973           995 
 1049          1150          1328          1364          1547          1641          1714          1755 
 1809          1945          1924          2059          2169          2373          2705          3295 
 3953          4861          5957          7116          7995          8817          9206          9316 
 9304          8575          8461          8281          8618          8835          9010          9292 
 9324          8933          8490          7580          6252          5448          4096          3135 
 2698          2114          1699          1503          1293          1071          971           942 
 890           884           804           855           867           874           827           816 
 827           888           882           870           828           849           921           853 
 891           914           893           843           839           858           832           806 
 791           838           840           825           750           697           749           774 
 760           750           722           662           748           663           664           660 
 708           654           631           644           637           589           595           566 
 679           567           617           574           568           558           582           528 
 556           554           583           540           548           552           524           514 
 531           536           530           500           534           470           532           563 
 544           525           486           497           487           514           470           475 
 496           464           478           463           450           537           446           498 
 473           477           491           459           476           483           461           455 
 456           450           452           455           445           437           476           443 
 457           454           507           463           501           457           502           468 
 487           445           469           458           463           496           441           440 
 464           425           413           451           440           405           401           396 
 354           374           338           321           289           290           312           317 
 271           287           238           218           222           205           204           183 
 191           164           165           194           160           138           158           143 
 139           135           127           116           126           96            119           104 
 116           107           110           96            105           70            85            88 
 77            96            78            95            98            89            94            68 
 92            89            95            88            101           113           84            116 
 97            134           142           150           163           183           175           242 
 246           273           310           356           429           471           514           555 
 617           716           799           902           1001          1094          1193          1259 
 1316          1456          1478          1599          1745          1737          1797          1922 
 1931          1990          1988          1961          1991          1926          1916          1874 
 1891          1812          1708          1571          1518          1481          1401          1309 
 1151          1091          1003          944           849           741           698           632 
 511           507           509           374           341           295           267           224 
 203           183           189           131           128           111           94            86 
 75            57            65            49            48            43            33            31 
 35            25            26            22            22            18            17            21 
 29            17            20            22            19            24            22            25 
 12            20            19            20            18            23            9             17 
 25            16            15            16            23            22            20            18 
 13            9             9             18            18            19            14            5 
 21            11            26            24            16            13            18            17 
 15            13            11            20            16            19            21            13 
 17            13            16            13            5             17            16            15 
 10            14            19            10            22            23            13            9 
 13            12            5             18            13            15            15            12 
 12            16            7             16            16            18            13            26 
 14            14            15            16            10            15            11            12 
 14            15            16            13            15            11            5             14 
 6             12            15            13            5             13            11            9 
 12            10            12            12            12            6             6             3 
 11            12            8             19            13            16            10            10 
 13            9             12            4             14            18            11            2 
 14            10            14            11            11            7             9             9 
 12            8             14            10            9             14            9             15 
 15            9             8             16            11            9             11            13 
 5             11            12            5             12            9             10            10 
 10            11            16            9             8             14            10            15 
 13            14            12            10            11            12            10            5 
 13            13            13            11            9             11            10            16 
 15            12            10            8             8             19            7             10 
 15            5             12            6             6             10            6             12 
 16            8             6             11            5             8             12            6 
 5             7             9             9             12            8             3             10 
 8             6             10            11            9             9             9             12 
 10            7             12            12            5             6             7             5 
 12            9             6             13            7             6             5             9 
 11            10            10            12            9             19            6             7 
 16            8             8             12            9             12            4             8 
 12            6             6             12            7             6             3             12 
 7             7             10            13            8             6             7             11 
 9             3             8             6             8             4             3             7 
 5             7             13            8             11            8             7             8 
 9             6             10            6             8             6             11            9 
 3             8             7             4             6             6             11            9 
 7             7             4             3             8             8             10            11 
 11            3             4             7             5             6             6             4 
 3             6             6             6             7             2             2             1 
 4             4             3             8             2             8             1             3 
 4             1             3             7             0             4             4             5 
 1             4             4             1             3             3             1             1 
 1             2             2             1             5             3             1             2 
 2             2             5             5             0             1             1             3 
 3             1             0             4             1             0             4             1 
 0             2             1             3             2             2             3             3 
 2             1             2             2             2             4             2             3 
 1             1             3             4             2             1             3             1 
 1             0             2             0             2             1             3             2 
 3             1             2             1             2             0             3             0 
 2             1             0             2             4             3             2             1 
 1             4             3             2             1             1             0             0 
 0             4             4             0             0             0             5             3 
 3             0             2             0             0             0             1             0 
 0             3             0             2             2             1             2             3 
 2             3             0             1             0             1             0             1 
 2             1             1             0             0             0             0             1 
 0             1             1             2             0             0             1             2 
 1             0             0             1             0             1             0             0 
 1             3             3             4             1             2             1             1 
 1             0             0             0             1             0             2             1 
 0             1             0             0             2             1             0             0 
 1             1             3             1             1             0             0             0 
 0             0             0             1             1             0             0             0 
 0             1             1             1             0             1             0             1 
 0             0             3             0             2             0             0             1 
 0             0             1             2             2             0             0             0 
 0             0             0             1             1             1             2             1 
 0             1             2             0             0             1             0             1 
 0             1             3             1             1             0             0             1 
 2             0             0             2             1             1             1             0 
 0             2             0             0             0             1             0             0 
 1             0             2             3             0             2             1             1 
 0             2             2             1             0             3             1             1 
 0             0             1             0             4             0             2             0 
 1             2             0             1             1             0             2             1 
 1             2             0             1             0             2             0             0 
 0             0             1             2             1             1             0             2 
 1             0             0             2             1             2             0             1 
 1             0             0             2             0             0             1             0 
 1             0             0             0             0             0             0             1 
 0             0             2             0             1             0             0             1 
