$SPEC_ID:
bMCA Spectrum
$DATE_MEA:
07-04-2022  10:47:57
$MEAS_TIM:
 174.765       180
$DEVICE_ID:
bMCA 06201013
$ACQ_SETTINGS:
 2             180           1000          4             4095 
$HRDW_PARAMS:
PHA
 800
 3             3276          5 
 7             0             1023 
 80            25            45 
 1             1 
$SPEC_CAL:
-5.490132      2.161477      2.078236E-04
$MCA_CAL:
3
-5.490132      2.161477      2.078236E-04
$ROI:
 267           332           32768         1            137Cs
 553           618           16711935      1            60Co
$DATA:
 0             1023 
 10            23            44            79            146           238           422           573 
 824           1044          1165          1342          1290          1313          1299          1310 
 1288          1397          1579          1609          1770          1905          1881          1731 
 1616          1443          1263          1207          1081          1065          1227          1195 
 1215          1182          1238          1228          1216          1197          1261          1238 
 1278          1258          1232          1298          1247          1316          1221          1247 
 1268          1280          1312          1390          1302          1300          1311          1275 
 1304          1285          1266          1239          1253          1234          1302          1302 
 1322          1306          1275          1320          1221          1249          1287          1258 
 1217          1348          1264          1335          1334          1231          1281          1276 
 1320          1278          1307          1352          1335          1346          1375          1376 
 1419          1406          1487          1398          1416          1396          1464          1512 
 1553          1471          1532          1485          1471          1473          1464          1583 
 1509          1506          1482          1487          1513          1483          1454          1445 
 1448          1433          1394          1404          1339          1403          1352          1364 
 1354          1278          1249          1314          1217          1168          1235          1253 
 1220          1237          1199          1097          1160          1187          1136          1117 
 1146          1172          1183          1114          1116          1128          1095          1108 
 1158          1126          1095          1031          1092          1054          1109          1096 
 997           994           1019          1038          1036          1056          996           993 
 967           996           1005          937           1019          1011          912           989 
 951           906           934           937           956           998           915           938 
 893           881           963           927           914           944           881           918 
 877           912           877           894           910           960           983           891 
 906           931           878           843           860           963           846           850 
 869           896           833           835           876           818           772           856 
 775           790           784           737           754           712           689           742 
 712           665           665           606           689           660           651           655 
 655           621           606           630           616           599           570           562 
 588           643           573           631           600           591           552           526 
 578           546           555           548           562           581           550           547 
 567           544           573           567           546           562           567           561 
 574           550           540           541           566           580           602           589 
 617           655           646           719           688           660           728           808 
 846           905           952           921           1053          1057          1119          1192 
 1260          1452          1488          1557          1628          1695          1694          1830 
 1943          1972          2038          2112          2116          2210          2205          2304 
 2226          2185          2203          2152          2104          2124          2080          1995 
 1922          1775          1785          1700          1655          1528          1469          1302 
 1261          1184          1122          1107          1064          1024          839           868 
 844           755           747           718           732           649           631           603 
 642           583           585           601           560           585           581           590 
 554           548           601           603           534           566           601           547 
 600           564           544           569           574           571           558           567 
 580           531           555           565           554           586           580           549 
 574           573           582           565           610           611           592           659 
 625           596           596           613           585           604           585           613 
 641           611           606           603           625           619           648           630 
 640           676           649           608           676           667           635           716 
 661           637           636           628           661           628           640           695 
 651           646           611           613           587           631           653           636 
 565           605           574           593           577           572           553           567 
 528           540           531           525           509           500           501           467 
 471           477           509           430           513           470           448           469 
 483           448           491           412           398           423           447           443 
 439           418           408           410           418           425           405           415 
 411           407           401           430           422           396           408           422 
 373           424           401           390           360           387           379           369 
 380           406           400           352           362           358           395           397 
 360           374           395           385           393           380           413           403 
 408           401           449           418           461           448           485           533 
 512           560           603           593           615           687           683           706 
 752           809           842           860           875           910           903           949 
 998           1011          1033          1052          1045          1115          1102          1132 
 1132          1094          1128          1077          1157          1111          1075          1057 
 1038          994           959           1001          946           874           924           820 
 835           796           674           664           614           632           587           570 
 519           529           510           469           444           419           390           379 
 357           403           363           375           379           353           356           412 
 393           382           444           416           491           432           429           478 
 555           565           564           586           625           626           644           670 
 684           772           752           730           729           803           821           857 
 873           830           850           842           867           793           812           841 
 844           795           778           787           728           785           711           729 
 707           664           688           602           598           605           518           482 
 508           507           439           429           398           369           372           319 
 329           292           271           293           267           235           239           185 
 193           191           173           154           151           161           151           136 
 114           121           96            106           90            77            89            73 
 86            65            80            59            51            65            61            62 
 50            50            36            41            41            35            28            38 
 36            34            31            39            28            25            33            29 
 42            27            35            33            34            36            23            25 
 22            30            28            35            24            21            30            28 
 20            30            25            19            27            24            29            38 
 20            30            29            35            20            27            20            26 
 27            20            30            25            27            27            16            15 
 22            26            24            23            19            29            28            21 
 23            25            30            20            28            25            27            20 
 27            21            30            20            29            13            27            25 
 24            17            20            23            25            15            23            19 
 29            20            17            16            22            17            35            17 
 25            16            28            15            22            25            15            17 
 22            22            21            25            18            14            14            13 
 28            17            22            10            22            24            24            16 
 21            22            19            14            21            25            16            15 
 22            18            14            26            14            14            20            16 
 22            16            22            19            19            19            20            21 
 19            24            19            16            10            21            14            20 
 23            17            28            13            24            22            14            17 
 12            23            14            20            18            23            13            14 
 12            18            19            12            15            10            7             15 
 10            17            14            14            13            21            14            15 
 14            11            13            20            18            11            17            14 
 22            23            11            16            11            17            12            7 
 22            16            18            16            16            17            14            19 
 13            12            11            21            18            13            14            13 
 11            15            9             13            18            13            12            13 
 18            13            26            15            13            14            17            17 
 18            14            18            10            12            16            15            16 
 15            12            12            15            6             16            13            10 
 11            24            13            22            18            12            12            16 
 16            13            18            16            16            15            12            14 
 13            18            7             20            13            6             11            10 
 15            12            15            13            14            14            11            12 
 14            10            14            18            10            13            12            20 
 17            19            18            16            17            9             11            15 
 9             7             13            17            17            17            19            11 
 14            14            11            10            15            12            9             12 
 13            14            10            12            8             9             13            18 
 16            19            12            14            17            13            20            14 
 10            12            9             12            16            9             15            10 
 12            15            18            8             13            16            4             7 
 14            12            14            8             19            15            11            8 
 8             14            6             14            20            10            5             6 
 8             12            10            9             6             10            5             8 
 6             13            6             8             6             7             7             3 
 4             7             11            11            5             5             2             4 
