$SPEC_ID:
bMCA Spectrum
$DATE_MEA:
07-04-2022  09:27:00
$MEAS_TIM:
 57.91         60
$DEVICE_ID:
bMCA 06201013
$ACQ_SETTINGS:
 2             60            1000          4             4095 
$HRDW_PARAMS:
PHA
 800
 3             3276          5 
 7             0             1023 
 80            25            45 
 1             1 
$SPEC_CAL:
-5.490132      2.161477      2.078236E-04
$MCA_CAL:
3
-5.490132      2.161477      2.078236E-04
$ROI:
 267           333           32768         1            137Cs
 553           618           16711935      1            60Co
 46            75            33023         1            57Co
$DATA:
 0             1023 
 9             4             10            41            45            101           125           199 
 293           372           483           435           428           454           481           449 
 493           520           530           558           668           632           664           578 
 562           489           494           430           410           430           413           473 
 415           478           554           581           630           650           642           605 
 695           717           683           711           731           810           926           1044 
 1346          1567          1776          2092          2324          2463          2562          2526 
 2436          2390          2305          2460          2485          2490          2642          2577 
 2596          2347          2209          1970          1627          1376          1105          903 
 772           667           573           524           515           462           442           447 
 439           421           437           431           478           421           410           436 
 468           409           415           487           461           463           451           492 
 465           473           494           491           474           459           471           463 
 489           461           451           459           456           496           443           454 
 448           438           428           438           432           420           417           440 
 391           407           437           401           425           392           412           352 
 366           386           409           375           371           364           387           355 
 354           330           394           346           362           375           323           327 
 344           351           324           304           352           342           338           318 
 320           345           319           325           324           291           322           309 
 292           298           351           332           295           321           302           284 
 312           279           317           276           291           335           282           301 
 295           297           301           288           280           296           283           276 
 291           307           311           298           279           301           286           283 
 315           255           280           308           292           252           257           275 
 240           273           268           249           281           234           261           238 
 257           221           227           253           246           202           204           226 
 194           203           206           190           200           205           209           186 
 182           196           197           192           224           183           192           203 
 181           183           168           196           179           200           178           179 
 191           162           177           148           190           182           159           160 
 182           174           163           158           170           172           162           161 
 187           168           155           179           204           178           158           201 
 180           199           194           176           200           194           217           235 
 235           264           274           263           293           291           327           348 
 381           411           400           475           499           503           524           526 
 614           580           587           641           630           650           704           687 
 666           623           651           686           644           640           586           599 
 586           537           557           514           479           445           463           390 
 393           341           344           309           318           298           306           263 
 252           231           253           210           216           193           207           184 
 201           171           183           208           173           178           175           186 
 138           182           188           170           166           185           164           198 
 187           155           164           193           170           171           185           195 
 187           172           162           172           168           184           184           176 
 167           203           182           170           190           186           182           182 
 189           189           171           176           192           191           211           217 
 206           192           179           174           182           216           204           194 
 183           201           199           201           196           190           180           210 
 192           213           204           196           207           187           168           206 
 173           228           178           170           205           182           165           169 
 170           170           155           203           156           182           181           176 
 173           192           163           179           145           157           140           162 
 152           144           150           128           159           131           164           146 
 131           138           146           129           122           115           145           132 
 145           112           143           128           131           127           127           112 
 126           145           138           115           103           115           88            131 
 128           100           110           117           117           122           122           117 
 106           109           127           115           124           123           96            104 
 135           98            95            107           121           111           115           114 
 127           138           120           136           141           136           147           135 
 152           157           192           163           175           165           205           243 
 232           216           232           243           284           259           286           306 
 248           331           321           340           284           294           339           335 
 332           330           361           344           312           309           316           323 
 341           299           289           298           300           279           265           260 
 249           234           228           212           214           194           158           179 
 177           176           167           148           152           153           141           125 
 120           134           110           106           121           113           114           125 
 143           135           109           139           139           147           150           139 
 148           159           140           157           189           200           230           196 
 214           225           247           229           211           246           219           243 
 224           232           258           237           261           288           228           236 
 232           268           218           224           250           221           244           219 
 202           215           187           199           190           208           194           179 
 166           166           167           146           127           137           119           122 
 99            96            95            69            87            69            79            68 
 66            58            41            64            47            53            40            48 
 45            30            43            47            28            25            25            30 
 30            31            15            19            18            23            11            18 
 22            22            20            10            20            11            15            14 
 8             9             6             18            9             13            10            10 
 6             11            8             9             6             8             6             7 
 6             9             6             13            12            5             5             8 
 15            9             6             8             6             7             7             12 
 7             8             7             4             7             8             11            7 
 4             6             12            4             7             12            5             10 
 7             5             7             5             5             7             8             6 
 7             5             8             6             9             8             8             5 
 8             5             8             4             10            5             4             6 
 7             8             7             8             4             0             5             8 
 8             5             7             8             5             7             6             5 
 5             1             3             7             0             6             4             11 
 5             5             2             5             3             6             3             5 
 3             4             7             6             3             6             5             7 
 7             4             2             6             5             5             3             6 
 9             3             7             7             7             2             9             5 
 4             6             6             5             5             3             6             5 
 9             5             1             9             4             3             3             8 
 6             3             6             3             6             2             8             4 
 4             4             4             10            6             7             2             10 
 4             8             3             8             3             3             6             4 
 7             3             4             5             6             4             0             8 
 6             7             3             3             6             6             4             6 
 4             4             4             7             4             1             2             3 
 7             8             6             4             6             2             6             4 
 4             5             3             5             3             3             1             2 
 8             4             5             6             8             6             6             1 
 6             5             3             7             5             2             5             4 
 10            5             7             1             6             3             2             3 
 5             1             5             3             6             2             5             4 
 5             2             3             5             7             3             4             4 
 3             5             5             4             6             1             4             4 
 2             5             1             3             1             5             4             3 
 4             4             3             2             5             6             5             7 
 0             3             4             4             4             5             8             3 
 4             3             7             2             5             4             2             5 
 4             8             4             3             2             3             6             4 
 5             4             2             2             5             4             11            5 
 3             7             1             4             7             5             7             5 
 2             1             3             4             5             4             1             4 
 5             6             5             3             2             4             2             4 
 4             4             2             4             4             2             3             3 
 2             1             1             3             3             4             0             3 
 6             1             2             1             2             2             1             2 
 3             2             1             1             2             6             1             2 
 3             2             4             3             1             2             3             0 
 0             2             2             0             1             2             0             1 
