$SPEC_ID:
bMCA Spectrum
$DATE_MEA:
07-04-2022  10:39:33
$MEAS_TIM:
 116.51        120
$DEVICE_ID:
bMCA 06201013
$ACQ_SETTINGS:
 2             120           1000          4             4095 
$HRDW_PARAMS:
PHA
 800
 3             3276          5 
 7             0             1023 
 80            25            45 
 1             1 
$SPEC_CAL:
-5.490132      2.161477      2.078236E-04
$MCA_CAL:
3
-5.490132      2.161477      2.078236E-04
$ROI:
 267           332           32768         1            137Cs
 553           618           16711935      1            60Co
$DATA:
 0             1023 
 3             17            40            61            111           156           261           392 
 575           750           820           878           887           917           845           844 
 859           952           1039          1064          1182          1250          1212          1213 
 1087          983           876           828           796           720           750           751 
 773           796           791           774           818           800           833           876 
 834           794           823           798           870           832           921           890 
 877           868           808           887           869           903           883           858 
 840           881           834           882           895           882           899           867 
 838           823           855           877           852           829           840           823 
 925           831           801           843           899           827           850           933 
 877           863           888           906           891           883           924           938 
 915           936           904           978           1020          1004          992           986 
 985           995           952           1046          1007          1007          997           1021 
 1027          963           988           1036          1104          1016          986           968 
 944           872           916           957           883           878           842           904 
 843           873           897           854           867           808           865           804 
 786           814           780           834           812           777           766           764 
 796           765           777           728           748           765           755           732 
 735           680           747           717           729           752           752           689 
 665           682           674           686           676           674           693           651 
 646           699           672           681           670           638           655           619 
 652           649           585           626           610           630           630           646 
 629           649           628           629           596           580           625           645 
 592           645           598           630           657           615           584           591 
 658           624           616           581           595           590           584           576 
 602           609           602           544           556           546           536           554 
 519           529           489           524           507           477           446           508 
 429           466           472           429           428           417           460           461 
 429           407           417           408           410           356           419           401 
 427           412           397           400           394           349           382           382 
 350           352           367           386           361           441           366           374 
 351           387           360           404           336           364           373           366 
 378           380           375           384           397           374           384           406 
 411           411           443           493           446           505           534           512 
 518           537           628           675           706           702           744           796 
 854           904           962           1049          1081          1112          1199          1182 
 1289          1320          1379          1350          1471          1441          1541          1555 
 1448          1461          1479          1420          1374          1335          1330          1252 
 1245          1241          1114          1129          1042          1028          900           865 
 845           797           774           709           651           644           595           612 
 528           523           525           516           491           436           446           409 
 383           417           378           360           374           417           410           390 
 352           350           381           365           349           370           336           380 
 369           348           378           385           382           384           387           380 
 391           368           395           383           358           437           427           367 
 397           397           389           392           359           428           382           418 
 432           384           401           431           452           407           409           458 
 448           414           435           439           394           421           432           437 
 389           411           417           424           384           449           363           398 
 429           463           448           453           405           375           425           408 
 440           390           413           407           392           368           375           425 
 424           416           384           355           389           374           341           332 
 383           300           342           330           336           357           308           358 
 350           336           319           316           320           295           286           307 
 254           275           288           298           305           306           316           297 
 237           280           297           270           285           267           297           256 
 272           276           260           252           266           267           232           275 
 251           250           299           268           262           246           239           263 
 269           261           256           258           226           246           243           285 
 263           247           243           258           257           243           251           301 
 284           243           304           291           321           321           314           358 
 369           359           355           414           410           435           500           483 
 491           528           562           545           628           625           644           646 
 670           699           699           669           718           698           735           721 
 699           741           740           682           717           718           743           690 
 663           648           612           639           590           551           542           545 
 542           496           487           472           415           406           375           409 
 353           356           323           333           266           272           285           303 
 253           237           244           235           251           258           258           260 
 281           279           281           301           307           292           315           308 
 377           360           392           374           365           435           408           439 
 460           488           506           508           504           564           515           512 
 571           577           568           554           572           538           557           567 
 561           532           541           517           525           531           492           510 
 501           446           441           419           376           358           374           379 
 322           319           277           275           263           241           225           213 
 206           221           186           185           176           139           135           163 
 118           126           129           115           103           105           84            93 
 83            56            68            54            66            72            50            51 
 55            44            42            40            41            38            30            46 
 29            36            35            33            26            30            33            26 
 31            25            22            22            30            26            29            27 
 21            23            20            19            26            23            17            18 
 22            17            22            21            17            25            16            10 
 12            20            26            18            19            14            11            6 
 19            19            29            12            16            25            14            17 
 20            8             17            19            20            13            16            10 
 15            13            19            18            18            9             15            13 
 25            16            18            16            18            10            11            10 
 14            14            18            12            14            8             19            14 
 13            15            13            6             16            13            10            12 
 14            11            9             11            9             10            14            11 
 11            13            16            17            12            10            14            10 
 14            7             14            10            20            19            11            13 
 15            18            19            14            8             19            20            12 
 10            14            12            13            16            12            10            20 
 21            19            11            12            16            16            11            11 
 15            10            9             15            16            12            10            12 
 9             15            10            14            13            7             9             13 
 12            15            16            13            14            11            10            9 
 19            12            12            9             13            7             11            17 
 15            16            10            17            9             12            18            10 
 10            10            13            7             13            12            12            17 
 6             8             16            12            15            10            12            14 
 15            11            14            9             10            17            18            12 
 10            13            12            14            14            7             12            6 
 9             12            11            8             11            12            12            9 
 6             6             11            7             8             11            9             9 
 12            3             15            7             9             16            14            11 
 12            15            6             12            12            11            7             9 
 10            6             7             15            11            9             20            10 
 11            10            5             14            11            13            11            12 
 11            9             4             7             9             10            7             5 
 13            12            8             7             8             11            8             11 
 5             3             12            11            8             7             10            8 
 14            10            5             13            6             11            12            7 
 8             6             14            9             10            10            9             12 
 14            7             14            8             7             9             10            5 
 12            10            8             12            9             11            9             15 
 10            11            11            8             12            10            4             11 
 10            4             9             5             5             12            7             5 
 8             5             12            10            9             10            11            10 
 6             7             6             7             8             6             5             9 
 10            5             11            8             5             10            7             10 
 8             8             5             5             6             10            8             10 
 4             5             9             5             3             8             6             4 
 11            5             3             4             2             6             2             6 
 5             3             6             1             3             8             5             6 
