$SPEC_ID:
bMCA Spectrum
$DATE_MEA:
07-07-2022  09:16:10
$MEAS_TIM:
 232.305       240
$DEVICE_ID:
bMCA 06201013
$ACQ_SETTINGS:
 2             240           1000          4             4095 
$HRDW_PARAMS:
PHA
 800
 3             3276          5 
 7             0             1023 
 80            25            45 
 1             1 
$SPEC_CAL:
-39.25932      2.313255      0
$MCA_CAL:
3
-39.25932      2.313255      0
$ROI:
 273           333           32768         1            137Cs
 562           622           16711935      1            60Co
$DATA:
 0             1023 
 18            25            64            127           222           330           484           716 
 948           1205          1475          1526          1572          1623          1583          1579 
 1660          1661          1850          2068          2106          2293          2401          2200 
 2039          1831          1731          1590          1581          1535          1489          1468 
 1580          1652          1661          1541          1568          1627          1642          1672 
 1702          1625          1697          1664          1685          1697          1760          1749 
 1804          1765          1700          1769          1765          1767          1751          1768 
 1710          1688          1695          1808          1711          1730          1802          1693 
 1700          1783          1720          1770          1781          1723          1703          1696 
 1707          1764          1754          1728          1722          1744          1683          1767 
 1760          1710          1762          1722          1752          1833          1757          1731 
 1871          1794          1898          1906          1929          1943          1940          2033 
 2057          2045          2130          2017          2073          2057          2119          2140 
 2182          2107          2202          2236          2171          2144          2181          2210 
 2136          2087          2081          2101          2028          1970          2027          1906 
 1982          1924          1790          1888          1824          1838          1809          1812 
 1780          1760          1791          1726          1707          1829          1690          1657 
 1640          1580          1554          1568          1552          1625          1588          1502 
 1531          1500          1501          1565          1472          1479          1448          1486 
 1491          1363          1424          1413          1417          1390          1405          1388 
 1408          1398          1367          1387          1335          1471          1317          1286 
 1345          1358          1339          1303          1260          1246          1248          1277 
 1274          1366          1275          1259          1313          1297          1288          1263 
 1260          1275          1266          1238          1297          1249          1276          1356 
 1204          1242          1270          1187          1220          1217          1291          1227 
 1219          1248          1150          1196          1148          1243          1142          1150 
 1125          1090          1175          1152          1109          1086          1122          1032 
 1027          993           1037          976           934           973           890           927 
 922           965           914           919           981           952           926           915 
 963           895           910           919           927           913           890           911 
 935           884           851           898           934           908           903           865 
 865           876           858           877           847           897           903           849 
 876           854           863           845           864           872           878           872 
 891           918           900           914           925           1035          1022          1028 
 1050          1064          1126          1117          1208          1238          1342          1354 
 1386          1522          1585          1724          1692          1909          1979          2107 
 2119          2233          2294          2322          2352          2513          2453          2652 
 2631          2678          2736          2727          2666          2609          2556          2538 
 2427          2524          2346          2322          2229          2171          2132          1959 
 1908          1855          1678          1716          1562          1583          1431          1452 
 1275          1310          1208          1148          1125          1082          1080          1048 
 1036          991           1008          930           990           920           974           953 
 967           870           996           871           874           915           866           926 
 894           944           870           885           945           904           886           919 
 901           939           934           906           926           870           931           946 
 926           964           889           906           934           972           1021          952 
 898           942           938           1008          1010          928           993           1021 
 999           991           1052          1034          1041          1003          1043          1008 
 960           959           949           1068          1037          1077          1105          1073 
 1008          1019          1024          1022          1042          1022          1083          1058 
 1067          1009          1052          1009          968           1064          1019          957 
 959           947           992           979           964           967           868           998 
 903           858           879           777           919           864           857           828 
 859           779           792           821           837           756           768           742 
 725           803           755           762           709           690           736           699 
 712           687           692           704           674           684           708           676 
 695           652           670           631           676           649           710           695 
 644           682           647           671           672           708           614           644 
 600           635           608           650           639           621           640           617 
 656           577           644           622           612           603           631           661 
 601           616           588           589           649           691           714           713 
 747           731           738           827           844           929           903           970 
 992           993           1099          1103          1209          1250          1294          1355 
 1436          1431          1462          1538          1585          1684          1710          1739 
 1781          1833          1830          1842          1872          1848          1827          1768 
 1888          1811          1797          1771          1712          1666          1622          1591 
 1543          1498          1507          1412          1311          1332          1268          1165 
 1131          1117          1092          920           905           945           902           777 
 769           718           714           623           646           644           627           622 
 645           609           601           619           581           658           656           633 
 673           704           685           752           801           805           866           876 
 921           967           990           1049          1098          1101          1156          1219 
 1202          1309          1343          1379          1359          1453          1337          1377 
 1445          1390          1406          1449          1465          1404          1467          1399 
 1423          1268          1310          1288          1186          1250          1106          1131 
 1098          1057          991           902           920           854           813           804 
 768           733           654           645           612           550           560           485 
 458           459           388           382           347           334           345           286 
 291           265           264           215           225           227           214           185 
 161           186           155           158           139           143           126           147 
 118           102           98            121           83            99            91            95 
 87            89            87            77            76            75            69            66 
 63            77            55            77            80            68            59            57 
 54            65            60            48            49            56            58            50 
 54            53            62            49            40            44            65            39 
 68            47            57            47            53            44            42            39 
 55            36            48            44            61            42            59            36 
 47            30            48            56            61            47            49            38 
 38            45            50            55            40            40            32            51 
 46            47            53            50            55            50            28            47 
 54            60            42            31            51            45            32            45 
 49            41            41            49            45            31            45            45 
 39            43            36            39            30            42            54            43 
 40            41            40            31            41            26            29            46 
 40            36            50            38            44            37            32            42 
 35            33            43            38            37            43            32            38 
 39            43            35            28            33            26            36            26 
 40            32            38            43            34            32            44            34 
 30            38            37            37            33            35            33            37 
 38            42            33            24            29            37            25            37 
 33            31            35            43            31            28            38            35 
 34            48            36            30            48            26            28            38 
 37            33            33            40            27            44            30            29 
 25            22            34            25            43            29            36            20 
 34            38            22            33            40            31            19            29 
 36            26            31            24            36            34            26            23 
 30            29            31            28            32            26            28            30 
 23            27            20            33            34            25            31            38 
 24            23            34            20            34            24            33            27 
 31            24            25            34            24            38            33            20 
 28            31            40            28            32            28            34            30 
 42            23            27            27            24            25            35            24 
 30            29            28            27            29            22            27            22 
 27            29            23            39            23            30            24            37 
 22            30            22            21            26            34            28            29 
 23            23            27            30            23            29            19            33 
 21            21            29            24            32            27            23            24 
 28            34            27            30            36            22            24            31 
 34            24            25            28            19            41            26            30 
 27            26            32            33            22            28            33            28 
 21            28            36            25            32            20            16            26 
 27            27            38            31            22            36            28            28 
 16            26            31            29            21            32            23            28 
 21            24            23            24            38            34            30            21 
 25            17            24            19            16            24            20            25 
 23            21            17            18            21            19            21            22 
 26            13            18            19            16            14            8             16 
 14            15            11            17            14            13            11            12 
