$SPEC_ID:
bMCA Spectrum
$DATE_MEA:
07-04-2022  10:41:35
$MEAS_TIM:
 116.52        120
$DEVICE_ID:
bMCA 06201013
$ACQ_SETTINGS:
 2             120           1000          4             4095 
$HRDW_PARAMS:
PHA
 800
 3             3276          5 
 7             0             1023 
 80            25            45 
 1             1 
$SPEC_CAL:
-5.490132      2.161477      2.078236E-04
$MCA_CAL:
3
-5.490132      2.161477      2.078236E-04
$ROI:
 267           332           32768         1            137Cs
 553           618           16711935      1            60Co
$DATA:
 0             1023 
 3             11            33            61            97            170           254           376 
 548           692           791           842           844           826           820           840 
 860           866           950           1161          1196          1264          1258          1153 
 1045          919           875           782           746           801           732           799 
 781           789           810           809           880           863           806           826 
 845           872           850           811           845           826           824           853 
 888           886           866           835           904           884           815           830 
 829           848           884           875           836           868           868           857 
 850           861           839           871           886           894           880           848 
 863           889           819           876           823           845           846           911 
 855           871           853           870           891           968           885           927 
 875           891           922           982           977           977           1007          988 
 998           1011          1029          1014          984           1021          1050          1104 
 945           1000          969           949           1009          1022          978           945 
 928           925           980           897           881           871           902           926 
 875           880           912           829           870           843           834           797 
 796           809           780           791           832           816           705           757 
 733           752           742           723           767           777           724           715 
 720           704           698           728           759           710           721           748 
 719           655           719           692           708           701           670           653 
 682           664           685           622           671           679           663           635 
 634           671           687           631           622           636           652           612 
 646           619           565           581           593           650           616           561 
 604           635           608           637           600           596           587           578 
 605           584           651           594           599           600           569           586 
 567           619           559           577           512           557           527           518 
 548           523           533           484           501           493           457           484 
 464           469           460           468           452           432           410           464 
 420           439           423           427           421           405           387           394 
 414           375           369           355           374           389           382           392 
 381           362           422           359           357           386           377           356 
 395           368           389           409           382           392           339           361 
 398           402           383           389           396           416           408           359 
 398           387           415           424           450           453           480           477 
 537           582           598           647           663           722           758           854 
 892           929           938           1070          1042          1135          1214          1227 
 1307          1351          1404          1404          1504          1453          1429          1436 
 1462          1467          1526          1485          1416          1409          1366          1302 
 1238          1229          1185          1069          1062          989           974           929 
 816           756           777           705           687           640           553           573 
 541           541           482           458           471           442           416           422 
 413           399           378           388           374           413           393           378 
 356           357           392           396           355           385           376           370 
 341           372           390           338           364           393           376           358 
 402           382           394           363           394           401           377           365 
 393           373           414           397           390           370           405           423 
 407           364           414           419           380           400           392           443 
 396           402           384           364           435           431           437           426 
 431           440           375           410           439           434           467           440 
 423           438           397           428           401           384           431           423 
 393           438           428           432           405           369           391           377 
 412           397           364           392           392           399           382           368 
 356           359           357           356           325           326           338           309 
 321           302           321           290           313           309           326           279 
 295           266           297           266           321           265           267           281 
 247           267           284           279           282           271           286           242 
 274           246           283           296           269           256           273           292 
 249           282           269           264           263           247           270           246 
 238           273           250           256           247           259           228           243 
 238           259           249           260           247           291           257           245 
 263           271           249           309           287           279           337           338 
 332           401           378           379           392           409           465           529 
 485           515           518           588           573           668           623           589 
 673           665           690           718           666           681           735           755 
 763           774           779           740           710           750           710           678 
 655           641           671           625           655           586           582           513 
 546           496           492           467           414           409           424           390 
 381           348           338           322           297           261           241           262 
 255           232           236           224           249           216           273           245 
 237           256           278           301           283           308           324           314 
 345           369           377           375           423           423           421           452 
 429           490           485           508           567           526           523           528 
 587           556           541           554           615           565           581           571 
 551           587           540           503           538           526           453           481 
 492           451           428           451           400           380           368           355 
 317           338           316           318           248           245           265           231 
 228           208           208           207           166           142           155           147 
 136           104           108           84            92            104           77            98 
 75            78            77            82            63            68            52            44 
 53            64            43            40            35            38            47            36 
 29            39            35            14            30            27            35            26 
 26            34            19            24            30            19            22            15 
 28            19            18            17            25            20            16            25 
 21            20            13            16            22            21            14            16 
 14            13            18            16            16            14            13            21 
 12            16            23            17            14            7             16            18 
 12            12            26            19            13            8             14            11 
 18            15            17            16            20            19            19            15 
 14            12            21            14            9             14            15            21 
 15            8             18            16            22            13            16            13 
 15            13            20            19            11            13            16            11 
 16            17            11            4             12            14            19            16 
 10            8             12            8             15            11            10            7 
 19            18            8             13            10            14            13            16 
 16            16            11            13            12            8             16            11 
 13            8             9             13            9             11            11            10 
 12            14            12            7             17            20            10            16 
 9             12            13            15            14            10            5             15 
 11            12            11            11            14            11            11            10 
 10            9             8             13            17            9             10            13 
 8             12            11            7             11            15            17            20 
 9             12            10            11            15            10            16            12 
 17            11            20            12            13            11            8             8 
 17            10            5             10            12            13            11            10 
 14            13            11            6             8             8             5             14 
 10            14            12            15            8             13            11            9 
 6             8             9             14            12            9             7             11 
 5             10            9             11            10            11            5             4 
 7             10            11            10            8             6             8             12 
 8             8             3             9             5             11            9             12 
 10            9             8             16            7             12            4             6 
 7             17            17            11            4             13            11            8 
 12            8             13            10            12            6             14            4 
 8             8             8             8             9             12            6             12 
 15            10            11            14            9             5             8             12 
 10            7             7             11            9             12            7             6 
 7             13            9             10            5             7             13            7 
 12            12            13            9             8             10            4             9 
 7             8             9             6             11            8             13            10 
 9             7             12            6             9             12            9             7 
 8             14            9             9             15            8             11            8 
 9             11            8             4             10            9             9             8 
 8             14            8             10            8             11            11            3 
 4             3             8             8             5             9             9             3 
 6             7             6             6             6             6             2             8 
 4             5             5             8             3             4             4             4 
 9             2             3             2             4             6             3             1 
 4             8             7             6             2             4             4             3 
