$SPEC_ID:
bMCA Spectrum
$DATE_MEA:
07-07-2022  09:35:11
$MEAS_TIM:
 59.02         60
$DEVICE_ID:
bMCA 06201013
$ACQ_SETTINGS:
 2             60            1000          4             4095 
$HRDW_PARAMS:
PHA
 800
 3             3276          5 
 7             0             1023 
 80            25            45 
 1             1 
$SPEC_CAL:
-39.25932      2.313255      0
$MCA_CAL:
3
-39.25932      2.313255      0
$ROI:
 267           333           32768         1            137Cs
 46            75            33023         1            57Co
$DATA:
 0             1023 
 1             6             6             15            35            51            86            159 
 236           301           338           355           316           305           303           287 
 321           302           345           397           406           449           501           456 
 387           308           260           225           230           204           246           235 
 281           304           318           359           385           409           404           452 
 463           471           526           505           530           557           629           793 
 1001          1172          1467          1699          1977          2092          2190          2341 
 2313          2177          2134          2143          2060          2130          2226          2378 
 2374          2290          2139          1922          1727          1296          1090          915 
 661           541           450           359           333           278           239           233 
 211           209           236           258           209           214           234           237 
 209           207           201           221           206           216           220           226 
 199           223           197           215           208           221           210           192 
 199           199           193           191           192           203           174           168 
 196           166           186           176           177           184           169           164 
 167           169           151           151           171           148           171           157 
 158           142           158           137           158           142           143           145 
 139           124           145           127           127           113           138           132 
 131           123           129           118           139           131           133           133 
 118           103           144           130           101           136           122           122 
 121           123           101           122           123           120           105           132 
 109           99            131           115           116           107           99            107 
 110           103           113           109           134           126           127           107 
 112           115           121           129           109           120           140           131 
 108           116           121           115           100           113           128           113 
 114           125           116           92            103           94            98            85 
 94            96            76            110           85            96            59            71 
 65            61            67            63            47            34            51            52 
 46            46            35            45            32            34            34            30 
 46            37            38            37            28            35            31            35 
 33            20            25            23            27            24            17            28 
 28            23            31            20            22            16            27            16 
 24            27            15            24            24            20            18            33 
 21            33            27            40            39            37            54            55 
 62            71            84            82            98            102           138           139 
 182           159           190           186           242           274           291           297 
 337           326           361           401           447           409           477           453 
 460           492           484           513           502           508           489           482 
 456           445           487           394           429           373           341           323 
 365           273           261           248           205           192           201           169 
 142           123           101           93            95            84            65            75 
 53            47            36            36            24            28            25            22 
 21            20            18            13            18            9             7             5 
 4             6             13            7             11            8             8             6 
 1             8             8             4             6             3             5             5 
 9             8             3             5             5             6             5             2 
 3             5             0             7             3             6             2             7 
 8             6             5             5             6             2             6             7 
 5             7             5             3             4             4             3             2 
 1             3             2             3             2             3             2             4 
 2             2             2             1             2             3             3             3 
 6             7             5             4             4             4             7             6 
 2             6             2             5             2             2             11            5 
 4             4             4             3             3             6             8             3 
 2             4             7             2             5             2             7             4 
 3             6             3             5             3             2             3             4 
 2             4             1             1             1             5             2             3 
 1             6             2             1             2             4             1             1 
 4             5             1             1             1             2             3             1 
 3             2             4             4             5             1             0             2 
 1             1             2             1             4             3             3             3 
 2             0             5             3             3             6             2             6 
 0             2             3             2             4             3             1             4 
 4             3             3             3             3             3             2             0 
 2             2             3             2             3             2             0             4 
 1             5             7             2             3             3             1             5 
 6             3             5             1             3             2             2             1 
 2             5             1             3             2             0             1             4 
 3             3             1             3             4             3             0             2 
 4             7             1             6             7             3             1             2 
 1             3             3             1             0             4             2             4 
 3             3             5             5             0             2             1             1 
 3             4             2             4             1             2             3             4 
 3             3             2             4             1             4             2             2 
 3             3             4             3             0             3             2             0 
 1             2             1             2             0             1             2             1 
 2             2             3             0             3             1             4             0 
 1             1             3             1             4             1             1             0 
 1             1             3             1             2             6             2             2 
 4             2             6             2             1             5             2             2 
 0             4             2             2             0             3             4             2 
 3             4             1             3             1             2             2             4 
 0             0             1             5             1             0             2             0 
 1             0             2             1             1             1             0             1 
 1             0             1             2             2             1             0             1 
 1             2             1             0             1             2             0             0 
 0             2             2             0             0             0             0             1 
 0             0             0             0             0             0             2             1 
 0             1             2             1             1             1             1             0 
 0             1             0             0             2             1             0             0 
 0             0             0             1             0             0             0             0 
 1             1             0             0             0             1             0             0 
 1             0             0             1             0             0             0             1 
 0             0             0             0             0             1             0             1 
 0             0             0             3             0             0             0             1 
 0             1             0             1             0             2             0             2 
 1             2             0             0             0             0             0             0 
 0             1             0             1             0             0             1             1 
 0             0             0             0             0             2             1             2 
 0             0             0             0             0             0             0             0 
 1             0             1             2             1             0             0             0 
 0             0             0             1             1             1             0             2 
 0             1             0             0             1             0             0             0 
 0             0             0             0             0             0             0             1 
 0             0             0             0             2             1             0             0 
 0             0             0             1             0             2             0             1 
 0             0             0             0             0             0             0             0 
 0             0             0             1             0             0             1             0 
 0             0             0             0             0             0             0             0 
 0             0             0             0             0             0             0             0 
 0             0             0             1             0             0             0             1 
 0             0             0             0             0             1             1             0 
 0             0             0             0             0             0             0             1 
 0             0             1             0             0             0             0             0 
 0             1             0             0             0             0             0             0 
 0             1             1             2             0             0             0             0 
 0             0             2             0             0             0             0             1 
 1             0             0             0             0             0             0             0 
 1             0             0             0             0             0             1             0 
 1             0             0             0             0             0             0             0 
 0             0             0             0             0             0             0             0 
 1             0             1             0             0             0             0             0 
 0             0             1             0             0             0             0             0 
 0             0             0             1             1             1             0             0 
 0             0             0             0             0             0             0             0 
 0             0             0             0             1             0             0             0 
 0             0             0             0             0             0             0             0 
 0             0             0             0             0             0             0             0 
