$SPEC_ID:
bMCA Spectrum
$DATE_MEA:
07-07-2022  09:47:43
$MEAS_TIM:
 177.075       180
$DEVICE_ID:
bMCA 06201013
$ACQ_SETTINGS:
 2             180           1000          4             4095 
$HRDW_PARAMS:
PHA
 800
 3             3276          5 
 7             0             1023 
 80            25            45 
 1             1 
$SPEC_CAL:
-39.25932      2.313255      0
$MCA_CAL:
3
-39.25932      2.313255      0
$ROI:
 267           333           32768         1            137Cs
 46            75            33023         1            57Co
$DATA:
 0             1023 
 5             15            25            49            115           168           301           477 
 642           862           1042          1072          1064          986           971           910 
 902           930           1085          1228          1342          1397          1338          1271 
 1128          1035          884           737           675           675           719           749 
 769           857           981           1039          1164          1231          1331          1336 
 1388          1495          1429          1458          1594          1710          2070          2255 
 2952          3588          4322          5131          5875          6431          6737          6871 
 6802          6512          6326          6231          6530          6707          6738          7070 
 7018          6769          6250          5674          4755          3904          3143          2564 
 1996          1604          1351          1088          910           872           724           696 
 670           639           609           646           626           658           637           624 
 644           681           633           646           677           623           692           669 
 619           697           632           633           634           682           617           613 
 618           612           597           556           580           579           566           575 
 557           534           551           542           523           508           507           489 
 461           471           508           494           471           480           457           457 
 444           451           423           439           450           416           396           422 
 436           420           443           388           390           391           372           380 
 400           382           383           380           423           351           358           372 
 399           335           376           364           366           338           371           360 
 355           343           362           387           354           355           340           327 
 340           365           350           388           337           367           375           341 
 376           332           353           374           368           339           343           362 
 356           374           334           345           367           377           357           351 
 356           357           346           360           379           335           349           348 
 352           314           339           325           324           314           289           286 
 270           264           242           265           227           219           256           188 
 197           191           198           158           156           135           160           134 
 125           120           109           113           112           114           96            103 
 109           106           96            89            74            107           91            75 
 62            65            85            72            64            71            65            54 
 53            68            61            51            47            64            58            71 
 59            56            60            65            65            77            64            70 
 80            86            73            97            120           123           154           149 
 171           190           226           240           314           325           386           448 
 456           527           598           675           719           743           837           911 
 970           1058          1210          1185          1223          1270          1283          1434 
 1372          1450          1432          1454          1448          1416          1530          1390 
 1311          1343          1281          1280          1100          1119          990           994 
 879           813           745           741           608           616           499           481 
 463           374           350           324           286           225           207           179 
 164           124           138           109           111           88            79            60 
 53            51            41            38            36            30            27            28 
 35            22            25            23            17            12            24            11 
 13            15            15            15            12            8             15            19 
 11            14            12            17            19            8             13            14 
 9             16            12            9             16            13            9             14 
 17            16            10            11            16            19            10            9 
 8             10            12            11            11            8             15            12 
 17            7             9             14            9             13            13            11 
 18            9             11            16            18            12            12            15 
 10            15            13            11            18            11            9             17 
 13            10            10            16            13            10            13            9 
 9             8             6             9             8             13            12            7 
 10            11            12            9             6             10            14            10 
 14            8             8             14            12            19            9             13 
 6             6             6             9             14            6             9             9 
 9             10            8             10            10            8             7             8 
 10            8             6             3             6             9             8             6 
 7             10            6             6             6             7             5             8 
 5             5             5             5             7             9             5             8 
 9             7             10            8             6             3             7             9 
 8             10            4             9             5             12            12            7 
 10            12            11            11            13            18            8             9 
 13            10            10            7             8             12            6             15 
 13            6             11            12            15            9             6             6 
 9             13            5             11            6             9             10            10 
 5             7             7             4             9             7             9             8 
 7             6             6             4             8             4             8             6 
 6             6             6             6             7             5             5             4 
 6             7             1             10            4             8             6             6 
 8             5             11            5             4             6             9             1 
 10            6             10            6             5             1             4             4 
 2             4             5             6             5             4             6             12 
 7             10            6             2             11            6             4             10 
 4             2             8             5             9             10            7             2 
 5             10            11            4             4             4             1             4 
 4             5             5             5             6             12            6             3 
 2             9             9             5             2             1             9             11 
 6             5             8             7             4             6             5             5 
 4             8             10            10            8             6             2             9 
 7             6             3             5             6             11            6             2 
 7             7             5             6             6             7             6             2 
 8             3             4             2             2             4             1             4 
 1             4             3             2             1             2             4             3 
 1             2             4             3             0             3             6             5 
 5             1             3             4             2             2             0             3 
 0             1             2             0             2             3             2             2 
 0             4             0             3             1             1             1             2 
 1             4             1             1             2             2             4             0 
 0             0             1             2             1             0             1             1 
 1             0             1             1             2             2             1             1 
 2             0             0             1             2             0             0             0 
 1             1             0             0             3             2             1             2 
 1             0             4             0             1             0             0             0 
 0             1             2             2             0             2             1             1 
 2             3             1             1             1             2             2             2 
 0             1             4             0             0             0             2             0 
 1             4             3             1             1             0             0             3 
 0             0             0             0             1             2             3             1 
 1             2             2             1             0             1             1             0 
 2             2             1             7             2             1             0             1 
 1             2             1             0             2             3             2             1 
 0             1             1             0             0             0             3             1 
 0             2             2             0             0             0             0             2 
 0             0             0             0             0             0             0             0 
 1             0             2             0             1             2             1             1 
 0             0             0             1             0             0             0             0 
 0             0             0             1             1             0             0             1 
 1             0             0             1             1             0             1             0 
 1             3             1             0             0             1             0             0 
 1             0             0             0             1             0             0             0 
 0             1             0             0             2             2             0             1 
 0             0             0             0             1             1             0             1 
 1             0             0             1             0             0             1             0 
 3             0             0             1             1             0             2             1 
 2             1             1             3             1             1             0             0 
 1             1             0             1             1             1             0             1 
 1             0             0             2             0             0             0             0 
 0             0             0             0             1             0             1             1 
 1             0             0             0             1             0             2             1 
 0             2             4             0             0             0             1             1 
 1             0             0             2             0             0             0             0 
 0             0             0             0             1             0             1             1 
 2             0             0             0             0             1             0             3 
 1             0             1             1             0             0             1             0 
 0             0             0             0             0             0             0             0 
 0             0             0             1             0             0             0             1 
