$SPEC_ID:
bMCA Spectrum
$DATE_MEA:
07-07-2022  09:37:10
$MEAS_TIM:
 118.04        120
$DEVICE_ID:
bMCA 06201013
$ACQ_SETTINGS:
 2             120           1000          4             4095 
$HRDW_PARAMS:
PHA
 800
 3             3276          5 
 7             0             1023 
 80            25            45 
 1             1 
$SPEC_CAL:
-39.25932      2.313255      0
$MCA_CAL:
3
-39.25932      2.313255      0
$ROI:
 267           333           32768         1            137Cs
 46            75            33023         1            57Co
$DATA:
 0             1023 
 1             6             19            38            63            127           207           333 
 464           592           657           714           671           654           639           589 
 593           600           708           830           835           915           947           843 
 743           630           531           536           448           477           480           489 
 568           550           698           696           788           820           927           923 
 943           926           949           1007          1067          1189          1350          1598 
 1926          2386          2989          3478          3947          4275          4438          4618 
 4566          4398          4296          4179          4242          4339          4489          4619 
 4712          4510          4272          3897          3070          2635          2176          1680 
 1385          1094          880           769           638           528           506           441 
 458           407           397           472           410           416           437           414 
 434           441           399           460           461           465           501           457 
 424           462           427           431           426           430           447           378 
 423           401           393           407           393           375           375           385 
 347           370           355           428           354           383           345           372 
 348           316           312           329           301           277           309           306 
 291           316           268           265           277           268           289           269 
 281           299           256           276           271           270           257           257 
 254           276           275           258           246           240           254           234 
 265           257           246           233           250           233           225           248 
 226           257           216           233           210           247           212           244 
 266           228           225           223           217           210           230           239 
 221           257           238           247           234           210           239           252 
 251           240           238           229           212           222           238           218 
 215           248           231           224           230           235           231           211 
 203           228           235           221           237           207           204           180 
 186           175           157           164           171           163           148           147 
 137           146           135           109           87            93            106           92 
 92            91            56            80            71            75            74            77 
 75            55            67            47            66            63            65            56 
 60            47            43            50            30            49            51            36 
 31            47            49            35            53            42            45            36 
 40            41            33            43            40            58            54            54 
 66            57            80            77            78            83            87            110 
 107           130           156           182           205           218           237           264 
 308           370           395           415           501           509           547           587 
 618           706           766           816           829           877           903           910 
 964           960           943           970           976           990           974           948 
 923           912           903           878           797           743           685           678 
 570           597           565           487           432           344           343           359 
 322           281           204           203           199           139           152           119 
 99            107           83            87            61            61            56            49 
 31            40            32            23            25            23            15            18 
 17            16            17            11            13            15            13            14 
 8             5             14            7             13            11            5             11 
 3             7             9             9             10            11            10            6 
 7             10            7             9             9             2             5             15 
 15            8             6             11            7             5             11            15 
 10            8             6             5             14            4             9             5 
 11            9             15            10            11            12            10            7 
 7             9             10            5             7             8             11            14 
 12            6             3             9             9             8             9             8 
 7             5             6             7             6             7             8             10 
 6             4             6             7             6             9             10            4 
 7             8             4             7             2             6             9             8 
 3             11            2             6             8             8             6             7 
 9             7             6             5             6             9             3             5 
 3             5             5             4             5             3             6             6 
 3             3             8             5             6             5             4             9 
 3             4             7             5             7             9             5             4 
 3             4             2             4             7             5             2             6 
 8             4             3             6             10            2             7             3 
 4             8             8             7             8             5             6             3 
 5             10            0             6             6             5             3             7 
 1             8             4             11            8             7             10            8 
 5             7             5             7             4             5             0             7 
 8             7             3             4             3             5             3             8 
 8             5             8             6             5             8             7             5 
 5             6             3             6             3             6             6             7 
 2             5             3             3             4             3             5             6 
 5             5             7             6             2             7             2             7 
 3             2             5             0             4             0             3             2 
 3             2             3             2             5             10            4             6 
 4             2             5             8             3             3             3             1 
 5             4             10            8             4             3             4             4 
 5             4             4             4             1             2             4             3 
 6             9             3             5             0             6             5             4 
 2             4             2             2             3             3             3             8 
 1             4             7             10            3             3             3             3 
 3             5             1             3             6             3             1             6 
 4             6             4             2             6             4             7             3 
 7             5             4             5             1             5             3             2 
 3             2             1             4             3             4             3             3 
 4             4             1             4             4             4             6             2 
 4             3             2             1             0             1             1             2 
 2             3             1             2             2             4             2             2 
 1             1             3             2             2             0             2             0 
 2             1             3             1             1             0             1             2 
 1             0             1             2             0             0             1             0 
 0             1             5             0             0             1             2             0 
 1             1             0             0             0             2             1             1 
 0             1             2             1             2             1             1             0 
 0             1             0             2             0             1             0             1 
 0             0             0             0             0             1             0             1 
 0             0             1             1             1             2             0             1 
 0             1             0             0             0             2             3             1 
 1             2             0             1             2             1             0             0 
 1             1             0             2             0             1             0             2 
 0             2             2             0             0             0             1             2 
 1             2             2             0             1             0             0             0 
 1             0             1             2             0             3             1             0 
 0             1             1             2             0             0             1             0 
 0             0             1             1             0             1             0             1 
 0             0             0             0             1             0             0             0 
 0             3             0             0             0             0             1             0 
 1             1             0             0             0             0             0             0 
 0             1             1             1             0             1             1             0 
 0             1             0             1             0             0             0             0 
 2             1             0             1             0             0             0             0 
 0             0             1             0             2             1             0             0 
 1             0             0             1             0             0             0             0 
 0             1             1             1             0             0             0             0 
 1             0             1             0             1             0             0             1 
 0             0             1             0             0             0             0             0 
 0             1             0             0             1             0             1             1 
 0             2             0             1             0             1             2             1 
 1             1             0             0             0             1             2             0 
 0             0             0             0             1             1             0             0 
 0             1             0             0             0             0             1             2 
 0             0             0             0             0             0             0             1 
 0             0             0             0             0             0             2             0 
 0             0             0             0             2             0             0             0 
 0             0             0             0             1             0             1             0 
 2             1             0             0             1             1             0             0 
 0             0             0             0             0             0             0             1 
 1             0             0             0             0             0             0             0 
 0             0             1             0             0             0             0             0 
 0             0             0             0             1             0             0             0 
