$SPEC_ID:
bMCA Spectrum
$DATE_MEA:
07-05-2022  09:20:00
$MEAS_TIM:
 236.3         240
$DEVICE_ID:
bMCA 06201013
$ACQ_SETTINGS:
 2             240           1000          4             4095 
$HRDW_PARAMS:
PHA
 800
 3             3276          5 
 7             0             1023 
 80            25            45 
 1             1 
$SPEC_CAL:
-2.996172      2.07587       2.903056E-04
$MCA_CAL:
3
-2.996172      2.07587       2.903056E-04
$ROI:
 270           340           32768         1            137Cs
 46            75            33023         1            57Co
$DATA:
 0             1023 
 11            19            23            87            120           239           390           653 
 978           1247          1395          1555          1498          1470          1283          1345 
 1271          1418          1509          1656          1842          1992          1947          1754 
 1653          1314          1104          999           976           896           938           1012 
 1002          1124          1166          1268          1288          1371          1493          1547 
 1600          1671          1720          1846          1831          2111          2385          2779 
 3394          4066          4674          5557          6276          6643          7197          7151 
 6965          6860          6654          6673          6736          6913          7156          7193 
 7142          6813          6367          5698          4933          4057          3303          2627 
 2173          1793          1529          1306          1155          1082          994           949 
 935           881           958           905           965           972           918           944 
 937           931           982           920           1040          968           937           978 
 978           964           994           985           894           932           926           921 
 888           923           893           850           874           825           820           815 
 798           770           801           779           748           768           747           764 
 707           754           718           679           695           707           676           655 
 671           654           657           643           645           649           581           622 
 630           609           596           606           566           569           556           606 
 581           592           553           556           614           587           574           579 
 558           553           558           535           593           542           542           543 
 537           522           520           534           512           556           526           543 
 501           525           492           558           543           535           497           555 
 502           486           512           471           522           508           513           528 
 528           524           528           528           521           493           514           535 
 529           580           522           526           549           506           492           500 
 517           516           511           494           493           477           445           413 
 436           416           355           380           349           349           316           319 
 289           290           277           262           235           239           226           219 
 199           191           184           177           153           167           161           147 
 164           140           144           117           119           131           146           109 
 121           106           113           116           118           101           106           104 
 97            94            101           96            94            76            96            97 
 84            77            94            83            106           110           126           128 
 137           145           161           155           192           199           236           256 
 268           316           340           424           414           494           562           688 
 773           835           906           1016          1105          1228          1340          1486 
 1553          1700          1769          1840          1952          2030          2052          2154 
 2235          2204          2343          2247          2275          2253          2256          2183 
 2092          2064          2033          1918          1870          1781          1559          1552 
 1404          1253          1191          1095          981           939           855           661 
 602           546           491           439           420           369           332           278 
 211           202           194           150           120           87            131           106 
 61            64            75            54            46            45            44            38 
 35            29            34            25            22            20            28            26 
 21            18            20            26            24            31            29            33 
 20            23            13            13            24            25            19            23 
 22            21            21            15            23            24            20            24 
 22            25            19            17            14            25            18            9 
 19            13            10            15            14            16            16            17 
 16            20            12            18            20            14            21            11 
 24            17            18            11            25            15            16            16 
 15            14            17            13            16            18            22            11 
 14            14            17            9             16            12            16            17 
 11            19            22            16            13            26            14            13 
 14            16            18            17            11            11            17            17 
 16            15            15            16            19            12            15            14 
 13            14            16            16            13            5             12            15 
 8             19            12            6             7             8             7             19 
 13            15            17            10            22            16            8             9 
 12            9             10            7             11            17            17            8 
 10            10            13            7             12            9             7             8 
 5             11            15            10            10            13            12            8 
 8             11            12            8             13            22            13            14 
 14            14            9             11            10            13            14            16 
 18            17            10            17            11            13            14            17 
 15            14            15            19            20            21            23            18 
 11            21            11            14            14            12            10            16 
 14            11            12            8             12            2             21            6 
 9             4             15            6             13            10            4             14 
 14            12            2             7             8             9             6             7 
 9             9             10            11            9             5             5             15 
 8             6             8             4             10            10            10            2 
 5             6             9             12            9             8             10            12 
 6             11            10            7             12            11            5             6 
 8             9             10            12            6             8             13            11 
 6             3             7             8             7             8             6             8 
 11            10            9             6             8             4             5             10 
 9             11            9             10            3             6             6             6 
 11            3             8             11            10            9             5             7 
 11            8             6             4             14            14            14            6 
 17            7             6             13            9             9             7             6 
 8             8             7             5             9             8             9             7 
 10            5             8             10            7             3             8             7 
 5             6             3             5             4             4             7             7 
 4             5             5             4             5             7             4             4 
 2             4             5             1             5             5             2             2 
 2             2             4             3             1             1             1             1 
 3             3             3             2             3             1             2             2 
 2             6             2             2             0             3             1             1 
 1             0             0             4             1             1             1             2 
 1             1             2             3             3             0             0             0 
 0             2             4             2             3             0             2             2 
 3             3             3             0             2             2             3             0 
 0             0             2             2             0             3             0             4 
 1             3             0             1             1             1             2             3 
 2             1             2             3             2             0             1             1 
 3             1             1             3             2             3             2             3 
 1             1             1             3             0             3             1             2 
 4             2             3             1             2             2             2             2 
 1             1             1             2             1             0             2             1 
 2             2             3             2             1             0             0             0 
 2             0             2             2             2             3             2             0 
 2             1             2             2             1             0             3             0 
 1             1             3             0             1             0             1             4 
 0             1             0             0             1             2             0             0 
 0             0             1             2             0             1             0             1 
 0             0             0             1             1             0             0             0 
 0             1             1             1             1             1             1             0 
 0             0             1             0             0             0             1             0 
 0             0             2             0             0             1             1             0 
 2             0             0             2             0             0             0             0 
 0             1             0             0             0             0             0             0 
 0             0             0             2             0             1             0             1 
 0             1             0             1             1             0             0             0 
 1             1             0             3             1             2             2             1 
 0             0             2             3             0             0             0             2 
 1             1             0             1             1             2             1             0 
 2             1             1             1             0             0             1             1 
 0             0             1             1             0             3             0             1 
 2             0             3             1             0             1             1             1 
 0             1             1             1             2             0             1             0 
 2             2             2             2             0             2             1             2 
 2             1             1             1             1             1             0             0 
 0             0             1             0             2             1             3             3 
 1             0             0             1             2             0             1             0 
 0             1             0             1             1             1             1             1 
 0             0             1             1             1             0             0             1 
 0             0             0             0             0             0             0             0 
