$SPEC_ID:
bMCA Spectrum
$DATE_MEA:
07-04-2022  10:28:28
$MEAS_TIM:
 58.26         60
$DEVICE_ID:
bMCA 06201013
$ACQ_SETTINGS:
 2             60            1000          4             4095 
$HRDW_PARAMS:
PHA
 800
 3             3276          5 
 7             0             1023 
 80            25            45 
 1             1 
$SPEC_CAL:
-5.490132      2.161477      2.078236E-04
$MCA_CAL:
3
-5.490132      2.161477      2.078236E-04
$ROI:
 267           332           32768         1            137Cs
 553           618           16711935      1            60Co
$DATA:
 0             1023 
 2             9             19            25            52            80            119           184 
 261           359           397           430           433           470           406           422 
 389           434           482           577           583           588           668           572 
 555           482           492           379           400           375           407           411 
 377           409           449           389           389           421           407           426 
 419           400           429           418           463           399           423           454 
 442           447           425           456           440           410           428           430 
 449           429           399           416           396           444           452           429 
 423           426           446           388           421           440           474           406 
 451           421           441           406           424           423           462           432 
 431           433           460           411           471           480           458           433 
 437           476           462           480           497           426           471           518 
 489           500           520           521           530           509           492           476 
 496           536           484           492           517           497           525           487 
 496           456           465           465           469           425           467           476 
 413           441           465           414           448           404           356           409 
 378           404           405           386           430           387           388           366 
 368           363           359           403           361           375           368           393 
 353           352           360           392           345           337           368           334 
 361           330           335           328           345           283           317           327 
 349           305           319           310           306           323           327           328 
 307           317           308           307           298           309           274           301 
 272           309           311           314           323           316           290           285 
 310           308           325           272           311           334           309           292 
 313           333           299           289           316           271           282           289 
 266           309           311           266           252           259           271           278 
 269           243           278           262           268           220           229           252 
 249           242           229           228           210           213           240           212 
 219           195           224           201           207           216           214           186 
 209           217           219           198           177           181           235           195 
 162           198           168           202           190           210           204           171 
 181           170           197           179           178           182           171           175 
 194           186           175           186           183           199           190           199 
 168           202           210           208           255           241           237           250 
 257           310           283           320           313           349           354           401 
 453           424           495           490           497           565           547           623 
 612           685           679           730           703           727           716           751 
 794           735           731           680           734           750           680           647 
 665           605           572           550           509           478           492           451 
 426           482           390           358           310           328           266           284 
 280           270           268           238           224           213           194           205 
 213           209           181           205           186           213           161           172 
 198           153           182           178           178           169           199           191 
 189           185           204           180           215           179           176           190 
 199           174           198           202           190           191           194           186 
 199           205           193           194           217           209           191           207 
 177           189           215           211           216           205           213           215 
 195           197           210           219           199           199           216           198 
 199           244           234           223           227           226           231           214 
 185           241           230           217           232           215           198           226 
 225           207           217           209           221           212           208           233 
 204           211           186           208           181           185           162           180 
 176           172           176           191           170           164           174           164 
 164           152           150           169           175           137           133           154 
 155           150           145           137           140           128           167           140 
 150           141           139           137           138           126           131           125 
 152           145           120           142           136           117           111           147 
 133           140           122           123           135           131           113           134 
 132           120           133           124           110           123           114           131 
 138           111           120           139           129           134           131           140 
 127           135           121           156           175           163           153           187 
 203           198           218           220           196           208           218           219 
 260           273           264           266           297           304           342           291 
 322           303           346           369           383           344           392           343 
 356           407           396           373           375           377           345           349 
 297           325           328           321           310           278           278           279 
 260           271           224           250           222           189           190           157 
 191           181           156           140           149           126           116           131 
 126           128           114           116           131           121           150           141 
 131           113           138           140           128           155           175           171 
 162           162           158           183           180           204           248           218 
 224           255           260           230           241           271           276           275 
 277           281           307           303           264           283           276           264 
 292           257           250           272           277           239           254           223 
 245           220           218           230           196           195           161           172 
 180           161           147           152           139           117           131           112 
 99            85            85            88            67            83            72            76 
 55            63            46            55            56            54            39            49 
 36            31            43            25            32            31            30            30 
 23            21            19            24            28            14            24            17 
 25            16            28            21            11            11            20            26 
 11            10            13            10            12            12            4             12 
 4             13            9             10            5             14            11            8 
 8             13            11            8             6             6             19            13 
 10            10            9             7             9             5             13            9 
 10            12            15            7             8             10            7             9 
 9             7             8             7             10            11            5             14 
 15            12            13            4             13            13            7             4 
 6             6             5             10            6             8             4             5 
 6             5             5             9             9             6             7             6 
 10            4             6             6             9             3             9             5 
 6             7             9             8             3             9             5             6 
 8             10            5             6             5             5             8             8 
 9             5             9             8             4             8             9             8 
 9             13            4             5             8             7             0             8 
 4             4             4             3             7             4             5             7 
 1             10            7             6             9             6             9             4 
 4             8             4             6             6             6             10            4 
 2             3             7             6             5             2             3             5 
 6             3             6             7             4             5             9             6 
 7             6             6             8             7             12            4             6 
 6             7             5             5             7             4             8             8 
 6             4             7             6             7             2             6             4 
 4             4             7             6             7             4             5             8 
 6             6             6             8             5             4             10            7 
 4             4             2             8             4             7             4             3 
 7             7             3             3             4             5             5             5 
 4             5             3             4             9             2             3             7 
 9             6             6             2             5             3             7             5 
 3             6             7             4             6             6             2             4 
 4             3             6             4             5             5             4             5 
 5             3             3             5             2             2             6             4 
 2             8             8             5             6             1             7             5 
 5             4             6             6             4             4             4             7 
 10            5             4             2             4             5             4             7 
 2             4             3             2             1             3             6             7 
 2             3             2             5             6             3             6             3 
 3             4             7             6             4             7             5             7 
 9             7             4             4             3             5             5             5 
 8             2             2             5             8             2             12            5 
 3             5             5             1             4             4             4             3 
 3             5             6             6             3             10            4             2 
 2             4             3             2             2             1             3             4 
 2             5             3             3             3             6             1             0 
 6             3             3             1             4             2             2             2 
 2             0             1             0             1             4             4             1 
 1             1             1             1             2             0             5             1 
 0             1             0             3             2             2             1             1 
