$SPEC_ID:
bMCA Spectrum
$DATE_MEA:
07-04-2022  09:31:25
$MEAS_TIM:
 115.83        120
$DEVICE_ID:
bMCA 06201013
$ACQ_SETTINGS:
 2             120           1000          4             4095 
$HRDW_PARAMS:
PHA
 800
 3             3276          5 
 7             0             1023 
 80            25            45 
 1             1 
$SPEC_CAL:
-5.490132      2.161477      2.078236E-04
$MCA_CAL:
3
-5.490132      2.161477      2.078236E-04
$ROI:
 267           333           32768         1            137Cs
 553           618           16711935      1            60Co
 46            75            33023         1            57Co
$DATA:
 0             1023 
 13            20            38            90            101           189           297           426 
 615           779           868           984           875           903           937           905 
 931           1015          1084          1153          1271          1330          1286          1231 
 1098          977           916           863           853           834           868           926 
 964           996           1061          1144          1280          1242          1307          1323 
 1332          1366          1403          1444          1511          1641          1877          2227 
 2574          3088          3656          4166          4645          4855          5043          4922 
 4796          4853          4816          4581          4819          5118          5125          5054 
 4961          4719          4309          3823          3232          2745          2195          1847 
 1513          1331          1167          1059          982           948           890           881 
 822           816           847           845           819           832           860           890 
 893           865           872           883           870           860           942           922 
 909           970           928           1002          902           921           908           973 
 982           901           948           950           964           948           859           866 
 844           906           900           901           897           897           836           808 
 835           875           807           812           825           770           783           770 
 776           741           749           750           745           761           689           703 
 743           749           683           669           723           738           715           692 
 686           680           656           688           671           689           657           683 
 647           611           643           605           601           653           606           605 
 600           671           642           620           620           654           620           576 
 590           568           565           568           606           617           587           588 
 580           591           573           601           556           572           603           573 
 559           556           562           547           527           534           555           599 
 598           523           566           505           576           585           561           559 
 546           564           562           551           541           555           521           498 
 487           494           463           505           424           457           446           457 
 430           412           431           415           397           408           430           381 
 399           381           433           385           356           374           376           411 
 375           381           373           355           358           342           344           364 
 350           340           336           346           338           389           340           366 
 341           328           351           328           360           327           323           354 
 364           351           357           311           378           362           344           377 
 423           362           397           383           425           453           433           492 
 483           509           524           532           598           641           671           721 
 781           780           842           939           892           990           1084          1123 
 1109          1181          1180          1259          1235          1268          1286          1392 
 1379          1307          1271          1288          1270          1219          1217          1169 
 1207          1057          1073          1072          1052          957           871           820 
 781           725           675           687           602           627           627           505 
 527           481           462           447           454           436           432           394 
 380           389           354           329           367           349           374           354 
 379           332           368           325           320           325           373           342 
 394           362           377           324           341           364           308           353 
 340           363           350           368           341           361           353           370 
 357           371           369           319           347           341           358           383 
 355           390           374           369           385           393           352           348 
 356           390           375           419           386           399           383           381 
 373           370           407           382           381           377           411           404 
 405           407           388           379           357           374           388           387 
 416           404           370           399           387           384           362           370 
 378           367           370           351           325           331           304           375 
 349           277           325           333           310           281           319           328 
 307           308           284           322           279           291           309           269 
 296           288           272           252           282           275           268           283 
 248           260           260           272           251           256           255           255 
 237           280           240           257           252           254           271           251 
 259           239           251           253           239           253           233           227 
 237           249           259           221           242           228           212           216 
 229           236           230           210           225           253           242           243 
 269           264           241           292           265           306           286           309 
 332           303           341           340           344           376           408           373 
 438           441           483           501           547           524           535           530 
 576           627           632           603           667           659           643           656 
 665           663           669           689           681           615           649           619 
 647           640           680           564           531           568           543           524 
 465           477           450           477           404           430           382           353 
 351           301           337           282           285           268           286           251 
 246           255           225           223           207           224           218           230 
 244           226           277           247           228           276           281           277 
 310           335           317           352           351           363           373           413 
 412           380           428           471           470           468           503           492 
 492           525           490           497           517           540           532           508 
 516           522           529           465           490           448           489           416 
 440           424           430           359           416           376           385           331 
 343           286           294           261           272           254           261           207 
 199           187           191           174           168           165           153           133 
 124           125           118           129           106           98            101           89 
 72            76            67            67            56            51            57            45 
 58            44            46            58            36            35            27            34 
 41            27            32            29            25            19            24            32 
 28            26            21            19            22            24            23            27 
 16            27            18            19            19            24            13            12 
 14            13            12            18            10            14            10            12 
 15            14            14            12            23            21            14            21 
 11            22            17            12            13            17            19            12 
 14            14            16            19            9             18            18            13 
 12            10            8             11            20            12            13            14 
 10            25            13            14            13            12            25            17 
 8             10            14            13            11            9             12            17 
 11            13            12            12            7             5             13            12 
 10            17            15            17            12            11            7             8 
 5             7             13            10            11            8             9             14 
 11            9             7             10            8             13            11            9 
 10            18            9             9             12            11            7             12 
 12            13            15            9             10            9             9             12 
 11            9             10            12            8             12            10            9 
 10            11            7             14            17            12            13            10 
 10            9             9             12            8             9             7             11 
 10            9             12            8             5             12            13            10 
 12            8             9             12            15            11            12            15 
 11            19            8             9             3             7             10            12 
 11            5             7             6             7             8             8             10 
 4             10            9             5             10            9             7             10 
 5             6             6             2             8             8             10            7 
 11            7             7             7             7             8             7             8 
 17            5             9             6             8             4             10            9 
 8             5             7             5             17            9             8             10 
 5             8             12            11            7             6             6             5 
 4             3             8             13            11            5             5             5 
 8             8             10            8             14            8             8             5 
 7             10            7             10            10            6             6             5 
 6             14            7             7             7             9             7             11 
 5             7             7             4             10            5             9             4 
 7             6             4             8             12            12            10            8 
 12            5             12            5             6             9             11            8 
 9             6             5             7             10            7             5             5 
 6             11            8             10            10            5             6             10 
 8             7             6             6             8             10            6             2 
 9             11            8             8             6             10            7             4 
 3             5             10            4             5             8             11            8 
 4             2             5             3             6             8             6             5 
 7             10            5             6             8             6             4             4 
 7             6             8             5             6             9             4             5 
 2             2             7             9             6             3             3             7 
 2             4             6             5             5             8             7             4 
 6             5             7             4             5             4             3             5 
 2             3             5             3             4             2             2             2 
