$SPEC_ID:
bMCA Spectrum
$DATE_MEA:
07-07-2022  08:56:01
$MEAS_TIM:
 174.225       180
$DEVICE_ID:
bMCA 06201013
$ACQ_SETTINGS:
 2             180           1000          4             4095 
$HRDW_PARAMS:
PHA
 800
 3             3276          5 
 7             0             1023 
 80            25            45 
 1             1 
$SPEC_CAL:
-39.25932      2.313255      0
$MCA_CAL:
3
-39.25932      2.313255      0
$ROI:
 273           333           32768         1            137Cs
 562           622           16711935      1            60Co
$DATA:
 0             1023 
 14            15            54            106           156           241           355           528 
 696           906           1010          1150          1172          1212          1174          1129 
 1300          1317          1387          1521          1651          1637          1723          1671 
 1458          1304          1246          1165          1215          1162          1151          1228 
 1212          1194          1214          1263          1197          1264          1260          1267 
 1299          1279          1341          1301          1261          1253          1267          1307 
 1280          1295          1274          1270          1341          1328          1339          1266 
 1322          1239          1342          1320          1281          1307          1326          1312 
 1352          1337          1303          1207          1318          1262          1327          1314 
 1249          1276          1251          1227          1207          1294          1279          1317 
 1293          1350          1325          1328          1313          1290          1334          1344 
 1390          1343          1382          1390          1427          1482          1526          1525 
 1503          1539          1583          1635          1538          1602          1594          1571 
 1588          1599          1645          1571          1650          1674          1665          1574 
 1573          1535          1497          1494          1469          1516          1465          1476 
 1426          1404          1419          1377          1396          1424          1320          1289 
 1377          1266          1297          1286          1264          1274          1322          1291 
 1246          1149          1165          1231          1186          1197          1206          1138 
 1144          1132          1087          1170          1109          1099          1058          1143 
 1127          1106          1099          1035          1058          1086          1061          971 
 982           1052          1071          1013          998           1021          992           956 
 1010          954           971           999           941           966           967           961 
 1018          937           963           933           1024          947           979           939 
 985           994           997           978           901           952           1010          967 
 934           938           951           903           960           913           964           950 
 934           945           918           905           902           919           884           840 
 832           851           826           836           812           852           787           807 
 732           792           785           750           758           761           751           793 
 679           703           698           672           686           676           725           731 
 707           665           680           690           649           654           718           652 
 652           665           679           655           635           662           647           643 
 678           664           656           632           640           613           668           653 
 667           659           642           624           612           642           652           671 
 642           680           653           720           675           703           740           761 
 833           797           894           813           885           933           953           1021 
 1070          1156          1259          1247          1356          1387          1440          1523 
 1632          1622          1674          1731          1776          1814          1879          1955 
 1982          1944          2075          1939          2047          1968          1898          1918 
 1799          1813          1776          1718          1716          1635          1591          1511 
 1456          1377          1280          1226          1219          1125          1103          1063 
 968           993           931           909           922           806           777           790 
 806           786           782           708           707           719           710           702 
 687           710           663           634           698           680           691           677 
 705           674           676           716           721           688           654           683 
 707           685           686           698           621           675           705           735 
 700           673           735           684           686           718           718           731 
 737           790           734           697           767           695           756           727 
 743           722           814           820           697           738           810           738 
 745           742           790           793           782           768           780           758 
 760           779           796           805           803           783           781           757 
 799           747           781           761           724           764           833           749 
 788           759           751           734           738           671           736           718 
 704           664           659           695           694           696           675           613 
 627           631           642           619           583           565           554           542 
 552           564           569           554           558           554           523           546 
 540           544           538           516           536           478           517           490 
 493           490           507           482           511           509           536           490 
 465           470           464           454           493           452           448           493 
 497           447           482           448           453           487           442           438 
 526           477           442           511           482           442           462           483 
 490           488           478           471           488           495           493           503 
 584           561           582           635           623           609           674           728 
 729           770           831           840           894           953           921           1005 
 1074          1085          1119          1105          1206          1232          1202          1287 
 1293          1324          1365          1408          1396          1370          1409          1361 
 1337          1366          1334          1357          1343          1328          1210          1269 
 1154          1170          1072          1054          1053          970           953           916 
 870           815           809           740           726           676           666           659 
 582           550           557           525           483           498           501           471 
 462           479           439           460           461           507           486           484 
 524           519           553           581           603           620           605           683 
 739           676           733           805           800           825           857           904 
 924           986           938           1054          1033          1003          1041          992 
 1049          1007          1106          1084          1091          1045          1053          1047 
 1003          1027          923           948           909           890           904           807 
 741           790           749           697           706           615           633           547 
 635           533           504           509           459           444           370           386 
 336           333           353           291           301           260           236           248 
 216           255           197           189           180           165           130           155 
 133           98            126           113           115           92            102           106 
 91            87            84            90            82            64            85            59 
 68            70            44            60            54            49            46            51 
 49            36            41            54            52            48            42            44 
 46            47            48            48            42            42            31            45 
 44            41            38            33            48            44            37            34 
 32            25            40            44            35            32            42            29 
 43            29            46            44            44            40            31            44 
 39            38            42            33            25            40            39            31 
 45            36            42            40            39            38            29            39 
 30            28            24            39            37            36            31            35 
 26            25            47            34            35            38            28            22 
 42            36            32            28            29            32            33            31 
 31            36            26            30            34            30            23            29 
 23            29            36            25            31            34            38            31 
 31            19            28            31            27            28            26            32 
 34            29            28            28            26            22            35            20 
 28            21            28            25            30            24            19            32 
 27            31            28            30            27            28            21            31 
 25            25            14            27            38            36            24            22 
 17            22            26            25            23            34            30            25 
 25            30            30            26            35            33            30            22 
 24            30            28            23            22            23            19            31 
 27            22            26            30            28            22            22            24 
 18            23            28            28            20            25            23            27 
 20            15            20            22            23            25            32            25 
 32            16            14            16            21            13            30            30 
 22            26            28            22            23            18            23            19 
 30            24            19            28            27            19            25            28 
 10            18            22            25            28            15            18            23 
 28            25            18            31            21            16            15            21 
 14            21            20            24            15            17            18            22 
 30            24            24            25            17            22            22            22 
 21            21            25            19            34            14            17            19 
 22            18            18            18            16            17            20            19 
 23            15            22            14            24            26            22            30 
 22            25            25            17            30            25            22            25 
 27            17            25            23            21            22            20            24 
 23            22            22            19            22            21            14            24 
 23            19            24            21            13            25            15            19 
 16            26            22            23            9             25            18            22 
 22            24            22            17            35            19            25            20 
 23            21            30            26            23            26            21            20 
 14            21            22            27            14            19            20            24 
 28            17            24            23            14            26            21            14 
 14            18            13            18            19            14            5             16 
 15            13            11            13            11            12            16            18 
 14            14            11            14            10            19            14            7 
 12            11            9             11            9             10            9             10 
