$SPEC_ID:
bMCA Spectrum
$DATE_MEA:
07-07-2022  09:39:11
$MEAS_TIM:
 118.04        120
$DEVICE_ID:
bMCA 06201013
$ACQ_SETTINGS:
 2             120           1000          4             4095 
$HRDW_PARAMS:
PHA
 800
 3             3276          5 
 7             0             1023 
 80            25            45 
 1             1 
$SPEC_CAL:
-39.25932      2.313255      0
$MCA_CAL:
3
-39.25932      2.313255      0
$ROI:
 267           333           32768         1            137Cs
 46            75            33023         1            57Co
$DATA:
 0             1023 
 5             6             20            24            48            122           177           339 
 458           594           715           696           720           655           584           596 
 602           649           660           773           826           939           951           802 
 775           632           556           496           465           403           497           470 
 538           545           669           657           771           754           853           907 
 907           922           933           1011          1036          1150          1366          1622 
 1939          2376          2985          3456          3887          4459          4579          4496 
 4507          4261          4317          4214          4275          4337          4492          4554 
 4801          4555          4282          3877          3201          2812          2071          1661 
 1333          1084          862           761           635           559           502           436 
 440           396           406           417           413           415           465           382 
 442           509           444           441           462           441           452           460 
 428           397           449           448           449           445           422           400 
 420           407           417           382           403           359           372           342 
 371           381           361           377           331           363           344           331 
 336           326           345           351           311           290           303           299 
 290           282           282           270           289           302           272           256 
 263           290           280           261           266           290           259           252 
 301           255           277           282           270           245           275           247 
 224           227           246           234           233           223           256           229 
 233           231           228           239           255           234           237           254 
 234           216           256           239           264           236           220           235 
 233           207           231           241           200           249           227           237 
 227           237           228           254           245           220           259           213 
 237           221           228           225           224           228           241           226 
 210           218           201           213           241           200           192           195 
 164           185           192           161           148           138           139           133 
 117           123           119           109           108           95            112           105 
 93            91            90            80            67            75            67            71 
 51            67            53            60            53            48            46            50 
 58            47            45            49            49            51            40            54 
 39            45            42            37            41            35            36            49 
 36            47            49            46            39            43            49            46 
 49            68            64            79            71            72            87            103 
 131           120           162           173           194           230           240           285 
 320           306           373           417           515           528           540           602 
 621           695           753           783           843           888           986           933 
 953           1025          999           1038          956           969           983           945 
 890           890           838           839           767           793           664           688 
 641           562           504           482           381           377           356           324 
 306           287           238           195           192           144           131           127 
 82            79            87            85            71            60            44            48 
 49            30            34            28            25            25            20            20 
 19            13            9             16            5             19            11            7 
 14            12            12            9             13            11            9             13 
 8             9             13            5             7             8             5             10 
 12            5             8             10            7             12            8             6 
 11            10            14            7             12            12            9             12 
 10            1             7             4             11            6             6             11 
 13            7             11            9             10            7             5             6 
 3             4             7             6             5             7             9             13 
 7             3             8             7             9             6             8             3 
 12            6             11            8             6             3             1             5 
 9             9             9             6             14            7             11            2 
 7             3             6             8             7             4             9             3 
 8             8             3             7             7             8             6             7 
 3             7             1             7             5             4             5             6 
 3             6             8             7             6             5             2             13 
 4             5             6             10            2             1             8             7 
 4             5             6             6             4             6             6             3 
 3             0             3             4             5             2             6             7 
 3             7             9             5             7             2             3             6 
 7             5             9             9             1             2             3             2 
 6             6             4             5             4             5             5             3 
 2             7             8             6             7             7             9             4 
 10            9             2             10            8             6             10            10 
 9             7             12            4             3             6             8             6 
 2             4             3             1             3             5             4             2 
 7             3             9             7             4             3             5             9 
 6             6             4             2             10            5             2             3 
 5             4             4             5             3             2             4             2 
 1             3             6             4             5             7             5             4 
 3             5             3             3             3             2             2             3 
 5             5             3             5             7             2             2             6 
 3             7             7             3             5             3             6             4 
 2             5             6             4             2             6             7             3 
 3             7             6             5             3             4             7             9 
 6             3             3             1             5             4             3             4 
 1             3             1             5             3             3             2             3 
 3             5             5             4             4             3             10            3 
 5             2             6             5             4             8             2             5 
 5             5             4             5             3             3             3             2 
 1             3             4             3             8             6             1             3 
 2             2             4             5             5             5             3             3 
 0             3             2             3             2             4             3             2 
 3             1             5             3             4             1             1             1 
 1             2             0             1             1             1             2             4 
 2             3             1             0             1             3             3             3 
 0             1             2             0             0             0             0             4 
 0             1             0             0             1             0             5             2 
 1             0             1             0             1             3             0             1 
 0             1             1             0             0             0             0             1 
 0             0             0             1             0             4             0             0 
 1             1             3             0             1             1             0             0 
 1             2             0             1             1             1             0             1 
 0             0             0             0             0             0             1             3 
 1             0             0             0             0             0             1             1 
 2             2             0             1             0             0             3             3 
 1             3             1             1             0             1             1             0 
 0             0             1             0             0             2             0             0 
 0             2             1             1             0             1             4             0 
 1             1             2             0             1             2             0             1 
 0             1             0             0             1             1             0             2 
 0             0             0             0             0             0             0             0 
 3             1             0             2             1             0             1             0 
 0             0             0             0             2             0             1             0 
 0             0             0             0             0             0             0             0 
 1             0             0             0             1             0             0             1 
 1             0             0             0             2             0             1             0 
 1             0             0             0             1             0             0             0 
 0             1             0             0             0             2             1             1 
 0             1             0             0             0             0             0             0 
 0             0             0             0             0             0             1             1 
 0             2             0             1             0             0             1             2 
 1             2             1             1             1             1             1             1 
 0             0             0             0             0             0             0             1 
 2             1             1             2             1             0             1             1 
 0             0             1             2             0             1             0             0 
 0             0             1             1             1             0             0             2 
 0             0             0             1             0             0             1             0 
 0             0             0             1             0             0             1             1 
 0             1             1             0             0             0             0             0 
 0             1             0             0             0             0             1             0 
 0             3             1             0             0             0             2             0 
 0             0             0             0             0             0             0             0 
 1             0             0             0             0             0             0             0 
 0             0             0             1             0             1             0             1 
 0             0             0             0             0             0             1             1 
